<number of tasks>
100
<cycle time>
1000
<order strength>
0.595
<z_alpha>
1.960
<task times>
1 252 12144.2439
2 45 324.5557
3 86 254.9864
4 269 6327.4705
5 163 3227.8862
6 148 2629.3702
7 76 1078.2069
8 175 5698.1642
9 240 1195.3086
10 77 919.8079
11 94 490.2302
12 98 1423.6480
13 129 3076.3865
14 101 1827.7719
15 39 88.8850
16 235 8437.8294
17 153 4457.8720
18 169 1250.6564
19 37 304.2108
20 72 714.8586
21 257 15651.9805
22 104 1778.5335
23 253 3709.3631
24 135 4198.7887
25 153 3002.7410
26 67 207.2910
27 21 29.3428
28 26 100.3938
29 277 17364.0211
30 163 5135.7774
31 135 3394.5412
32 32 3.8502
33 60 833.4561
34 47 9.4296
35 91 1060.8943
36 113 515.4293
37 189 959.6153
38 62 35.7625
39 253 5229.4089
40 220 1759.6487
41 66 883.7127
42 106 1293.7011
43 34 250.3117
44 171 5458.5391
45 151 1419.8952
46 198 8544.3208
47 107 112.0314
48 223 9777.1993
49 108 1604.6310
50 311 22755.6158
51 99 1139.7327
52 217 4919.5177
53 35 253.1487
54 45 395.9792
55 84 554.6882
56 153 651.1865
57 135 1348.9884
58 22 78.7398
59 195 5574.3316
60 140 1973.0874
61 255 5595.5293
62 46 302.2519
63 137 3267.2753
64 78 1048.8294
65 254 3396.8590
66 97 1281.0613
67 122 3092.0633
68 187 6121.4891
69 121 602.0434
70 67 241.7197
71 195 1523.9533
72 45 428.5014
73 278 10193.2308
74 147 2527.0447
75 272 1666.9575
76 73 1146.6933
77 126 625.6844
78 165 1273.1352
79 65 933.3482
80 63 376.2244
81 86 743.1688
82 31 213.1046
83 64 484.1818
84 113 498.7811
85 85 331.2645
86 47 452.9982
87 345 15992.2989
88 175 5259.0442
89 71 521.3930
90 168 3593.3336
91 41 338.6889
92 72 1077.5499
93 285 2897.3139
94 116 3175.4975
95 51 147.8572
96 151 46.9358
97 53 22.4646
98 54 247.8843
99 127 1245.8816
100 54 612.8536
<precedence relations>
1,5
2,6
2,7
2,8
3,7
3,8
4,7
4,8
5,10
6,9
7,10
7,11
7,12
7,13
7,14
8,10
8,11
8,12
8,13
8,14
9,15
10,17
10,18
10,19
10,20
11,16
11,17
11,20
12,17
12,18
12,19
12,20
13,17
13,18
13,19
13,20
14,17
14,25
15,21
16,22
17,23
17,24
17,26
18,23
18,24
18,25
18,26
19,23
19,26
20,23
21,27
22,28
23,29
23,31
23,32
24,30
24,31
24,32
25,30
25,31
25,32
26,30
26,31
26,32
27,33
28,34
29,35
30,36
30,37
30,38
30,39
31,38
31,39
32,38
32,39
33,40
34,43
35,44
36,41
37,42
38,44
38,45
39,44
39,45
40,46
41,47
42,51
43,48
44,50
44,51
44,52
45,49
45,50
45,51
45,52
46,54
47,55
48,57
49,56
50,53
50,57
50,58
50,59
50,62
50,63
51,57
51,58
51,64
52,57
52,58
52,59
53,60
54,62
55,61
56,63
57,94
58,65
58,70
58,71
59,64
60,68
61,66
62,68
62,69
62,70
63,67
63,68
63,69
63,70
63,71
64,67
64,68
64,69
64,70
64,71
65,67
65,68
65,69
66,75
67,72
67,73
67,74
67,83
67,84
68,76
68,77
69,76
69,77
70,76
70,77
71,76
71,77
72,78
73,79
74,81
75,82
76,80
76,83
76,84
77,83
77,84
78,87
79,87
80,85
81,88
82,86
83,87
83,88
83,89
84,87
84,88
84,89
85,90
86,91
87,91
87,92
87,93
87,94
88,91
88,94
88,95
88,96
89,91
89,92
89,93
89,98
90,96
91,97
93,99
94,98
94,100
95,99
<end>