<number of tasks>
100
<cycle time>
1000
<order strength>
0.199
<z_alpha>
1.960
<task times>
1 191 829.9696
2 118 621.5609
3 377 2493.1494
4 123 216.7179
5 78 332.6752
6 196 719.8420
7 71 45.1163
8 523 11021.3205
9 302 5270.0718
10 44 27.3649
11 113 399.7970
12 205 640.5967
13 577 9825.9325
14 87 20.4723
15 395 6377.9810
16 234 843.2587
17 416 2261.4478
18 420 4764.5107
19 186 1012.1394
20 181 1641.5411
21 437 7413.3839
22 124 2.4971
23 151 165.5508
24 577 13226.8663
25 80 127.6899
26 192 1438.1814
27 109 588.5888
28 26 11.1494
29 537 13727.7079
30 94 474.3846
31 184 1350.4602
32 212 2534.5990
33 100 180.8569
34 126 604.2557
35 178 1600.7600
36 21 16.2755
37 423 2032.3499
38 37 53.0215
39 147 917.8047
40 29 37.0662
41 172 520.6813
42 30 44.7212
43 65 160.6005
44 43 35.4511
45 465 1929.5933
46 349 6540.1065
47 134 1114.7786
48 444 377.2880
49 496 12621.6015
50 186 520.5556
51 127 380.9019
52 114 666.2404
53 29 33.0957
54 179 1335.7992
55 151 691.4825
56 351 259.6965
57 163 1072.7289
58 47 48.2724
59 88 464.0188
60 132 859.5194
61 536 16775.7134
62 93 306.8316
63 522 3621.3174
64 534 6442.6384
65 159 1564.3203
66 92 6.6269
67 490 3300.6880
68 494 3780.6521
69 27 6.7907
70 119 228.8325
71 152 502.5890
72 478 5048.2128
73 122 860.3439
74 178 843.0460
75 203 2106.7618
76 188 1014.7476
77 302 3819.2528
78 87 106.3816
79 185 87.8160
80 75 264.4305
81 53 22.4878
82 99 235.7797
83 128 67.7865
84 616 18245.4555
85 271 1159.5025
86 568 19003.3186
87 489 13414.6942
88 506 15806.4102
89 525 5520.0902
90 280 1165.6073
91 513 14547.2766
92 204 2171.9573
93 213 515.1574
94 257 1567.4642
95 146 109.0941
96 128 660.4076
97 572 9727.6576
98 344 2373.7845
99 354 6798.2597
100 168 1066.4975
<precedence relations>
1,10
2,11
3,12
3,13
3,18
3,19
3,28
4,14
4,19
4,22
4,97
4,98
5,16
5,21
5,84
6,15
6,19
7,20
8,50
8,96
9,17
9,22
9,93
10,23
11,24
12,25
13,26
14,27
15,28
15,29
17,46
17,85
18,30
19,84
20,28
20,52
20,100
23,31
24,32
25,33
26,34
27,33
28,36
28,59
29,35
29,99
30,35
30,37
31,38
32,41
33,87
34,43
34,57
35,39
36,40
37,42
38,46
39,44
40,45
41,46
42,47
42,49
42,50
43,48
43,51
43,52
43,97
44,54
45,56
46,59
47,53
47,57
48,55
48,58
50,58
52,92
53,60
54,61
55,62
57,63
57,65
57,66
57,84
57,97
59,64
60,69
61,70
62,72
63,73
64,67
64,68
64,71
64,75
65,74
65,76
67,78
68,79
69,77
70,85
71,80
72,82
73,81
74,83
75,84
76,86
76,87
77,88
78,92
79,90
80,92
81,92
82,91
83,92
84,89
84,99
85,94
86,98
87,93
87,96
88,96
89,95
90,97
91,98
92,99
93,100
94,100
<end>