<number of tasks>
1000
<cycle time>
1000
<order strength>
0.201
<z_alpha>
1.645
<task times>
1 564 11055.5895
2 501 1065.3325
3 292 579.5130
4 440 7262.7386
5 715 14792.2522
6 456 4871.8114
7 513 3320.1054
8 517 10915.5482
9 494 14453.1252
10 500 15174.0461
11 447 3670.4325
12 578 1431.8930
13 401 460.8973
14 411 4180.2204
15 465 8304.0547
16 611 10844.0536
17 335 2133.0717
18 420 9494.1709
19 490 7681.5584
20 531 14933.5654
21 675 15178.1280
22 625 21227.1752
23 517 2056.3999
24 481 5178.1042
25 585 18259.6535
26 524 10448.0443
27 522 16409.4171
28 493 6869.0370
29 493 13109.1434
30 395 3456.3653
31 449 1517.0952
32 594 17300.2417
33 586 16339.2228
34 591 10104.0120
35 441 2335.8261
36 441 3299.4216
37 657 6396.1091
38 679 2836.3288
39 435 1728.7713
40 484 13428.4853
41 542 6220.9380
42 459 10682.1457
43 515 4320.2475
44 510 11939.4784
45 328 1055.6628
46 404 6103.9601
47 456 9458.0068
48 262 1361.1251
49 613 11529.0872
50 615 422.6611
51 618 14529.9255
52 673 14424.4152
53 661 10478.1739
54 583 12086.5702
55 271 2818.3751
56 303 3959.7751
57 597 5158.5116
58 375 4696.9766
59 547 7622.9502
60 624 7592.3582
61 635 17430.8705
62 450 3001.7304
63 529 13624.8671
64 223 353.5303
65 462 11550.4558
66 464 7878.8024
67 460 6393.8671
68 468 9798.5631
69 515 9197.9112
70 505 5476.2676
71 439 6833.9560
72 459 8109.5308
73 438 1646.0593
74 679 14133.4107
75 566 9719.8930
76 234 1490.2753
77 403 2927.9879
78 593 3159.9355
79 584 15188.9374
80 533 12015.2371
81 523 143.2787
82 443 3029.4401
83 645 3947.8451
84 631 11393.5273
85 463 4830.6007
86 372 3221.6487
87 420 1443.4490
88 302 5454.1888
89 528 15523.4674
90 505 15487.4344
91 619 20390.0425
92 518 11163.3979
93 443 7452.6020
94 464 11915.1832
95 606 5618.5355
96 426 2466.2756
97 489 11566.7529
98 467 8219.0256
99 388 4756.0619
100 613 6427.0429
101 584 2164.1702
102 532 5637.3513
103 538 9845.2079
104 441 6700.2348
105 549 12374.5198
106 453 12255.9684
107 358 4056.5388
108 534 515.4597
109 518 2006.3194
110 347 4706.8256
111 345 5082.1737
112 416 8538.1122
113 352 3651.1352
114 710 13824.2385
115 382 4013.0414
116 616 12525.8851
117 481 6847.9509
118 588 2637.2543
119 639 17330.5832
120 633 8899.3450
121 499 7647.8473
122 521 3566.5843
123 556 13427.4180
124 368 2639.1568
125 272 3994.4289
126 562 13946.2944
127 582 8054.7241
128 527 11390.0087
129 416 2921.2213
130 345 1996.1290
131 464 585.2230
132 377 8705.8745
133 430 2641.1407
134 358 5837.1857
135 515 5156.9000
136 493 8752.3059
137 499 12787.3145
138 435 6063.9715
139 402 2055.5163
140 417 8014.3588
141 467 5575.0786
142 572 7773.0288
143 550 12959.5127
144 378 749.4390
145 601 12915.0271
146 395 212.2073
147 557 12914.0298
148 449 10600.9289
149 524 12053.5829
150 523 10107.9813
151 453 2106.9155
152 529 13430.9830
153 421 3082.9945
154 271 3209.1857
155 716 13108.8967
156 560 6349.6386
157 652 25743.4895
158 492 9159.1808
159 564 16811.6121
160 486 9704.6563
161 448 9343.0330
162 457 12076.7144
163 396 375.0204
164 573 4573.0311
165 421 7575.7202
166 569 8058.2911
167 472 13580.1456
168 560 2416.8633
169 570 8454.6250
170 533 14566.3728
171 441 6910.9990
172 600 2882.4443
173 356 6899.7709
174 410 1718.3495
175 620 3926.4720
176 589 11664.3898
177 273 3545.9798
178 396 3309.3938
179 328 1921.8502
180 533 8280.1654
181 559 1125.4239
182 521 5886.7552
183 613 2615.3393
184 465 11470.1849
185 462 6897.1633
186 414 5291.4666
187 479 2966.3723
188 690 4878.3951
189 429 10860.0243
190 589 1099.5530
191 596 10692.6875
192 541 14860.4496
193 519 3112.2525
194 674 834.4020
195 444 4357.4233
196 386 6977.6016
197 483 6814.3600
198 638 6856.0968
199 278 2868.3098
200 589 15406.4360
201 414 361.8954
202 442 11980.0582
203 553 6808.1789
204 614 15080.9820
205 545 8631.9044
206 508 2402.1053
207 465 5154.2635
208 515 4103.0478
209 562 15107.3035
210 436 7283.4911
211 619 10857.8306
212 625 20715.5741
213 442 8105.4936
214 474 7385.1537
215 257 3071.4858
216 635 3035.1947
217 410 1355.9853
218 286 2535.6794
219 439 4989.7115
220 443 5749.4058
221 410 4418.5379
222 706 11785.6454
223 430 7774.6898
224 431 9023.8899
225 478 3085.6082
226 441 3647.3742
227 365 2791.2387
228 592 21224.5075
229 361 6735.6265
230 445 4789.4885
231 403 9969.9491
232 513 7193.7427
233 624 7224.5078
234 512 1167.5665
235 387 6881.6702
236 547 1351.7161
237 563 13513.2648
238 612 20382.5423
239 545 11324.5855
240 344 4925.8260
241 553 6283.9062
242 545 10615.2008
243 525 6779.8124
244 180 251.1086
245 600 16170.0606
246 437 7591.0418
247 422 2923.0578
248 715 11318.5249
249 322 1120.5197
250 699 22012.3281
251 500 5972.4854
252 378 115.3377
253 633 5772.6960
254 624 18649.4759
255 596 4503.9140
256 518 9309.4613
257 525 4456.7436
258 416 1058.6153
259 334 4662.4695
260 644 5101.4231
261 423 2752.3217
262 677 6251.8393
263 708 6548.3964
264 703 10672.2060
265 596 6682.5274
266 562 10653.6824
267 473 12778.3283
268 519 1600.8931
269 467 12463.9918
270 633 3389.0625
271 583 11178.5595
272 567 5295.2026
273 552 4458.0428
274 167 1535.0143
275 462 10039.8903
276 496 2025.6196
277 517 314.2285
278 694 5664.1329
279 461 4134.6938
280 561 13190.4472
281 602 16940.8646
282 637 11349.5913
283 591 1205.1713
284 384 371.4713
285 307 1276.5919
286 397 2211.8889
287 429 6871.6675
288 886 1683.3027
289 335 5406.5208
290 644 20074.5882
291 645 22497.9392
292 446 2684.8606
293 548 15848.7873
294 908 967.7694
295 566 5702.4473
296 426 10441.0022
297 356 4258.9121
298 404 8406.7713
299 452 8504.3222
300 514 11327.7612
301 362 406.9153
302 639 11795.8318
303 585 15646.0644
304 680 20165.1481
305 322 2256.3232
306 486 6721.4060
307 782 6089.0780
308 579 1670.1770
309 469 5624.9276
310 458 1616.2316
311 413 3575.2869
312 343 4049.1498
313 451 2154.0650
314 665 18441.1236
315 585 9807.5430
316 642 10217.7921
317 446 11023.9663
318 411 4360.2538
319 410 6390.0943
320 486 13027.8512
321 536 6590.0456
322 532 1434.1316
323 437 9867.9982
324 583 18506.3774
325 434 1687.0019
326 569 7774.3420
327 551 11530.4554
328 537 6472.3611
329 599 13385.8555
330 558 207.9940
331 296 4557.6602
332 480 1124.7507
333 544 8493.8574
334 576 11246.1536
335 762 4659.9091
336 359 800.7961
337 515 2841.1985
338 566 3084.6287
339 322 18.5925
340 371 3435.3997
341 449 2934.6883
342 747 8199.1891
343 507 1862.0791
344 628 7828.6204
345 357 6711.9227
346 468 3851.3617
347 838 6044.8162
348 315 1737.4821
349 574 7288.6641
350 436 2300.4251
351 486 11806.3485
352 395 4865.2770
353 386 4050.6985
354 408 2041.9878
355 435 3446.1004
356 491 252.3877
357 491 9266.0487
358 467 1225.5335
359 498 4642.6613
360 520 6704.3718
361 502 11154.9695
362 473 12182.5831
363 270 3512.5622
364 424 10752.0441
365 457 4782.1311
366 423 1659.8469
367 360 5566.6771
368 200 748.7549
369 575 14614.6558
370 525 9828.1895
371 462 12396.8794
372 541 8741.0363
373 420 4907.9167
374 625 15277.0482
375 544 6465.7619
376 443 8688.8328
377 656 13650.0635
378 562 10143.0193
379 490 2795.1978
380 450 11232.0758
381 436 4594.9791
382 550 8882.1872
383 822 3361.3729
384 370 2850.1360
385 600 7648.5804
386 408 2108.1291
387 466 7373.9428
388 505 6229.9238
389 460 8243.0335
390 499 12260.4152
391 319 1626.1435
392 313 4847.1580
393 372 2515.2838
394 395 5869.0043
395 490 13934.0129
396 513 2172.6366
397 487 3935.8431
398 428 8186.5755
399 464 10910.5025
400 442 6944.0449
401 407 9219.7386
402 701 12237.5505
403 496 9714.4374
404 652 15811.9308
405 473 5357.7124
406 550 18281.0012
407 304 3390.3894
408 350 355.7319
409 494 7865.6445
410 437 6233.6778
411 542 14159.9886
412 566 138.1927
413 305 2383.8761
414 574 10213.1219
415 519 13407.0586
416 662 3046.9643
417 545 11832.0558
418 315 3747.4976
419 658 20861.3539
420 413 5289.1754
421 503 11365.6354
422 586 4551.5803
423 415 3436.4341
424 368 7380.1918
425 396 5779.4144
426 500 15528.0758
427 618 8188.4697
428 665 10792.5753
429 623 4754.7392
430 517 1517.4440
431 452 4184.5693
432 403 8197.1743
433 469 2791.1265
434 554 17250.2115
435 497 11010.6908
436 554 19028.8935
437 476 948.4782
438 423 1179.6624
439 601 19454.0215
440 568 1870.1078
441 665 3145.5940
442 664 8077.1351
443 512 8173.2670
444 442 1775.9682
445 411 3685.8126
446 568 8929.9586
447 484 5388.0924
448 371 2153.1863
449 346 2070.1363
450 405 184.3954
451 492 11043.0780
452 542 16175.8412
453 385 4708.3972
454 620 16984.8973
455 524 10708.3152
456 328 5491.3716
457 489 12386.6704
458 364 6987.1868
459 486 4385.0925
460 466 5533.2492
461 824 5910.3766
462 598 11654.7085
463 547 9956.8078
464 466 8334.0790
465 194 1632.0809
466 528 10741.3206
467 597 12882.2095
468 324 3999.5103
469 384 3635.2667
470 581 5414.5894
471 473 1931.6836
472 733 10217.6453
473 380 845.9034
474 710 7815.7663
475 562 7424.6368
476 539 7743.9913
477 627 6997.5878
478 574 7755.6221
479 315 1675.9971
480 499 1184.9910
481 764 1661.6555
482 486 5369.1193
483 236 3438.4754
484 394 4872.9575
485 583 19468.2297
486 354 2406.3381
487 497 6645.5143
488 484 922.5473
489 542 6067.8723
490 493 7408.0380
491 597 22078.3166
492 386 621.1576
493 471 6864.7102
494 595 3470.7659
495 561 1136.2358
496 480 4911.7686
497 712 16368.1052
498 704 578.1516
499 393 5722.4068
500 785 10500.1370
501 722 7957.6298
502 690 8443.1460
503 653 17487.6227
504 393 8702.0984
505 490 10376.4137
506 541 11381.7590
507 714 141.1193
508 672 12814.6898
509 515 15625.4056
510 498 5711.7555
511 443 2165.6164
512 301 3385.8995
513 441 7496.2970
514 649 14832.0654
515 479 855.1261
516 494 6814.7064
517 500 14020.2994
518 757 8817.2112
519 513 14189.6229
520 637 11898.2733
521 545 1602.5366
522 609 20983.1477
523 465 967.2903
524 504 11115.4401
525 747 6395.8978
526 460 9344.0679
527 835 3253.7770
528 527 7723.3259
529 381 7107.9028
530 337 2136.3558
531 373 4037.3598
532 474 11115.9392
533 667 4761.8837
534 250 705.4651
535 267 2118.4012
536 510 15108.6171
537 462 2266.2253
538 610 2809.5433
539 369 5397.7825
540 332 4845.5414
541 278 4379.4824
542 865 678.0392
543 348 6963.9253
544 533 12981.7221
545 557 9542.2439
546 353 3260.7730
547 523 12974.1006
548 542 14043.9589
549 641 23395.1004
550 577 15991.6143
551 465 9775.6706
552 617 10882.7522
553 650 20211.7452
554 541 7775.0298
555 451 8686.7680
556 637 8724.8502
557 565 3800.9121
558 558 16241.5571
559 507 1759.1013
560 404 4197.4888
561 486 10397.0901
562 256 634.6061
563 639 20655.0895
564 425 1322.9311
565 550 13882.2402
566 723 18570.2510
567 845 5662.9632
568 530 2704.6817
569 447 9200.8536
570 368 7620.7469
571 598 14028.7410
572 384 596.4705
573 666 22562.3935
574 411 4298.7722
575 484 13040.7096
576 316 3048.5645
577 397 2825.7743
578 470 7461.8107
579 603 949.9662
580 552 11586.8264
581 436 9052.2207
582 394 8692.0468
583 516 8409.2191
584 593 21487.4410
585 592 4483.4029
586 632 6052.6637
587 602 13001.3639
588 555 9826.3393
589 416 6430.2308
590 490 7132.4040
591 540 7146.9473
592 415 9051.4184
593 570 8021.7899
594 534 11584.4692
595 605 18623.3178
596 486 2740.1105
597 573 7055.6066
598 525 6550.9216
599 398 8850.4546
600 425 9161.8498
601 537 2673.0978
602 410 2110.8028
603 604 16430.0411
604 631 11418.2051
605 463 13274.2515
606 756 12421.1115
607 369 5463.7525
608 324 2464.6989
609 422 9835.7322
610 352 712.8826
611 519 2517.6760
612 481 8106.9876
613 431 5194.9286
614 464 9311.2820
615 233 1499.1155
616 331 1094.0400
617 657 16211.0652
618 383 2272.1047
619 530 16080.1495
620 504 3424.1583
621 367 972.0519
622 657 15171.9913
623 572 8229.9376
624 384 1065.6913
625 478 3805.3711
626 438 2497.6708
627 553 2913.9251
628 557 4828.2770
629 213 928.2429
630 477 5470.4769
631 398 8808.4194
632 549 7227.0979
633 487 13813.9253
634 525 11462.8263
635 422 8220.9134
636 398 6882.4424
637 510 7018.1711
638 458 3766.6977
639 394 2219.9203
640 444 9437.2549
641 574 19770.5475
642 245 1992.9570
643 432 3802.0506
644 731 7.6677
645 725 12634.1910
646 488 9047.1166
647 361 5151.2337
648 433 5251.9088
649 487 11605.9343
650 399 5649.3623
651 367 4063.5535
652 530 9276.6560
653 519 8142.6922
654 520 5764.8359
655 603 7674.5574
656 508 2109.1604
657 538 1135.0237
658 319 6255.3264
659 614 11883.4959
660 533 11737.0155
661 438 3396.0034
662 501 6772.3255
663 685 25807.5913
664 441 500.2944
665 419 3920.2244
666 547 16758.9897
667 594 4693.7009
668 351 5309.8749
669 318 2226.8570
670 608 21288.7567
671 490 6024.9555
672 551 7064.0531
673 328 5929.7443
674 504 3782.6759
675 325 2699.0841
676 514 12720.5618
677 392 5277.5651
678 697 132.1325
679 420 1078.2066
680 474 10930.9276
681 643 3651.5466
682 346 6203.7372
683 694 8621.9487
684 259 482.3460
685 349 6328.0308
686 416 5442.9361
687 409 7330.3430
688 513 15237.8339
689 414 10078.3969
690 606 17932.5053
691 642 1972.2758
692 489 2328.1725
693 586 19319.4596
694 483 12272.8357
695 455 2525.1064
696 435 3658.1746
697 533 870.1331
698 467 4670.2541
699 415 10598.0417
700 327 5277.0205
701 238 1919.2682
702 562 18686.7385
703 542 3940.6530
704 623 16665.3771
705 170 972.7182
706 819 8060.0225
707 608 15860.8789
708 516 14809.9209
709 459 11057.7668
710 509 3819.6274
711 593 8312.4756
712 421 336.8926
713 545 12893.5004
714 465 7390.0774
715 604 13234.8756
716 613 1393.8335
717 525 11234.5107
718 460 1413.1976
719 683 21036.6240
720 512 1505.1896
721 391 5608.8813
722 503 364.8614
723 438 11570.2181
724 423 2354.0793
725 287 416.9474
726 706 21139.1278
727 413 4169.1938
728 568 12721.0444
729 621 23134.5379
730 610 19649.2771
731 589 2079.4339
732 629 21432.2302
733 640 1682.9208
734 525 5970.5619
735 605 12031.1184
736 368 1312.8808
737 641 22339.9426
738 414 583.0689
739 691 15399.4567
740 697 531.8312
741 693 20721.6975
742 669 22181.4819
743 241 1222.0809
744 442 9402.9210
745 504 6234.1914
746 710 6549.4744
747 223 1000.9364
748 674 21289.6738
749 673 577.5017
750 353 3953.7593
751 509 5585.5761
752 488 9143.5417
753 301 2412.9274
754 478 6429.2958
755 518 8950.1888
756 428 3011.7944
757 347 2006.6045
758 532 8526.5538
759 344 4537.8811
760 408 9681.6136
761 603 19998.1193
762 743 5567.3569
763 452 4332.3732
764 211 2466.5544
765 533 4197.2341
766 708 4060.8164
767 677 26962.3523
768 425 1582.8176
769 461 2840.1906
770 488 2819.7649
771 699 15255.1582
772 582 16941.3458
773 655 19018.3626
774 334 434.2960
775 538 7194.8504
776 515 15443.8419
777 415 4010.6946
778 495 3150.8768
779 430 2387.0358
780 210 204.1821
781 441 1378.3369
782 560 11188.4372
783 582 18466.9844
784 357 2900.8440
785 472 4666.6656
786 458 8760.9562
787 530 16871.1286
788 447 5829.2202
789 497 12467.3208
790 434 6165.7733
791 696 22835.4494
792 466 13139.9894
793 606 9664.7687
794 542 8453.5192
795 574 3919.9479
796 644 21671.0679
797 625 14102.5933
798 424 5204.0138
799 673 12380.2687
800 540 17854.3909
801 533 16607.8702
802 376 2774.1526
803 663 20903.5167
804 461 11796.4032
805 580 9773.3585
806 678 21179.5336
807 595 80.2757
808 472 1534.7856
809 295 3278.8941
810 564 6033.7995
811 451 7916.6065
812 495 10046.8688
813 565 735.5719
814 426 5963.1452
815 467 470.4029
816 505 7432.3977
817 435 5359.4966
818 616 22537.7212
819 541 2920.5832
820 461 10820.0004
821 409 9027.4123
822 378 8419.4121
823 505 6528.8839
824 395 2725.0676
825 459 3878.8002
826 436 5167.4924
827 506 10120.2992
828 386 1020.9477
829 532 15344.7085
830 399 6839.9865
831 348 3258.3557
832 578 8175.4663
833 445 7075.8403
834 779 6958.4621
835 626 9847.8716
836 384 9105.7711
837 677 11007.1347
838 623 17681.9953
839 489 8534.6170
840 658 6138.2394
841 438 10930.0971
842 528 2063.4076
843 401 221.0671
844 514 14858.4366
845 452 6800.6968
846 453 7325.8604
847 620 2651.7557
848 485 1869.7406
849 691 12417.5888
850 552 9140.3306
851 545 6805.9632
852 610 11694.4324
853 561 19174.3592
854 463 117.6102
855 300 4264.3002
856 442 7031.7932
857 489 6682.5804
858 428 1677.5086
859 500 2821.9026
860 606 13677.6389
861 510 13244.3224
862 467 4965.4795
863 714 4106.1577
864 678 16052.0601
865 437 6879.9682
866 567 2621.5607
867 457 12581.2563
868 560 6920.8610
869 508 3515.4743
870 582 1123.1688
871 345 385.4414
872 655 20970.3768
873 484 14254.3094
874 317 3787.5761
875 326 3250.1866
876 629 15460.4983
877 550 1278.3718
878 478 512.7631
879 664 10927.1011
880 339 4340.4724
881 662 21439.5281
882 524 14648.5505
883 253 2473.9692
884 339 4500.6186
885 591 10922.8310
886 461 2361.1008
887 472 350.3411
888 508 5548.4102
889 413 9871.4589
890 323 6250.9319
891 544 10564.3712
892 481 11265.6681
893 352 5427.0574
894 374 7359.9067
895 409 7519.5106
896 398 605.5464
897 556 14897.9738
898 692 21771.3443
899 374 5002.2258
900 361 2894.1302
901 525 12824.7879
902 502 353.8931
903 546 101.1003
904 429 115.4002
905 721 19201.7799
906 505 6798.5087
907 553 2752.2348
908 455 1861.6454
909 546 1515.2790
910 406 2128.8229
911 407 1102.1262
912 534 1417.6766
913 462 70.9852
914 449 1732.6794
915 455 3031.6407
916 427 4101.1379
917 431 6422.7572
918 533 3713.5899
919 519 13115.9053
920 625 16839.6274
921 273 1353.2811
922 556 6588.3076
923 317 5646.2373
924 574 377.0535
925 579 4936.4435
926 386 3657.5492
927 646 4788.3339
928 583 17073.2848
929 361 1018.4299
930 440 7263.4347
931 373 7467.0196
932 278 1387.2142
933 499 7463.6522
934 310 638.5802
935 418 1301.7276
936 538 14463.0326
937 619 16432.1264
938 477 10271.6272
939 677 12184.8807
940 480 1918.2085
941 204 352.2384
942 592 13821.0399
943 527 16407.3772
944 536 8269.6240
945 314 5568.5562
946 524 13937.9605
947 599 6637.8717
948 624 6332.9418
949 623 13580.3809
950 473 201.8181
951 483 8671.3513
952 608 16433.2655
953 464 233.7069
954 288 1988.2544
955 539 12118.3945
956 393 3720.2412
957 604 7377.0578
958 530 12360.2617
959 481 11581.3198
960 476 11559.6559
961 563 2797.9491
962 536 7471.6569
963 774 7156.8152
964 514 6087.8488
965 440 10846.1624
966 440 4202.0179
967 687 12785.7804
968 398 9123.0294
969 488 7659.7814
970 631 23343.5774
971 571 12580.5633
972 408 1992.8365
973 195 1945.8550
974 704 12456.8176
975 565 17429.8787
976 431 7719.5888
977 607 6488.7610
978 688 4470.1391
979 549 11912.0901
980 476 8364.3150
981 587 7561.9328
982 363 8150.6902
983 456 7081.6463
984 535 402.3798
985 500 15624.8979
986 384 2763.1604
987 576 15132.2072
988 460 5471.2789
989 715 11181.2790
990 405 5302.3343
991 520 10622.9480
992 436 5259.1804
993 594 3855.1896
994 419 6683.6497
995 621 12320.9892
996 521 1235.1556
997 300 5553.7259
998 162 646.8893
999 490 4081.1599
1000 529 15335.4803
<precedence relations>
1,16
2,18
3,21
4,22
5,24
6,25
7,17
7,20
7,23
8,19
8,26
8,187
9,27
9,32
9,853
10,29
10,30
10,519
11,385
11,680
13,31
13,147
13,205
13,715
14,28
14,126
14,270
15,250
15,265
16,44
17,35
18,34
19,37
20,38
21,36
22,39
23,42
24,41
25,43
26,33
27,40
27,45
27,151
28,48
28,307
29,46
29,59
30,555
30,677
30,854
31,47
31,456
33,49
34,50
35,51
36,52
37,57
38,53
39,59
40,54
41,55
42,60
43,61
44,62
44,63
44,658
44,851
45,642
46,58
46,64
46,66
46,187
46,269
46,487
47,67
47,69
48,56
48,65
48,68
48,697
49,70
50,71
51,75
52,72
53,73
54,77
55,81
56,74
56,89
56,965
57,86
58,76
58,79
58,87
59,80
60,83
60,88
60,168
62,85
62,1000
63,455
64,78
64,81
64,680
65,84
65,308
66,310
66,313
67,82
69,511
70,90
71,92
72,94
73,95
74,96
75,102
76,97
77,100
78,91
78,106
78,183
78,589
79,93
79,103
79,105
80,98
82,99
82,289
83,101
83,104
86,568
88,662
88,874
89,208
89,643
90,107
91,108
92,115
93,109
94,113
95,115
96,115
97,110
98,111
99,112
100,115
101,114
102,119
102,198
102,663
102,679
103,121
103,125
103,126
104,118
104,120
104,122
104,123
105,124
105,127
105,128
105,232
105,368
106,116
106,117
106,129
106,571
107,130
108,138
109,139
110,131
111,141
112,134
113,135
114,143
115,711
116,132
116,151
117,133
117,137
117,142
117,145
117,152
118,136
119,657
120,199
121,140
121,148
123,150
126,147
126,665
127,146
128,149
128,153
128,567
128,666
129,144
129,639
130,155
131,156
132,159
133,161
134,162
135,158
136,163
137,154
137,171
137,234
138,169
138,182
140,157
140,413
140,644
141,165
141,168
141,171
141,588
142,160
142,867
143,170
143,289
144,791
145,499
145,556
147,164
147,389
148,189
150,487
150,749
151,273
152,166
152,453
153,167
153,272
154,172
155,173
156,180
157,174
158,175
159,177
160,176
161,178
162,179
163,181
165,848
167,188
168,191
168,339
169,186
169,190
170,183
170,187
170,707
171,182
171,184
171,185
171,189
172,194
173,193
174,197
175,200
176,201
177,195
178,196
179,192
179,199
179,204
179,257
180,203
181,198
182,375
182,511
183,205
183,206
183,984
184,208
188,338
188,708
190,202
191,207
191,209
192,212
193,210
194,215
195,218
196,216
197,211
197,217
197,486
198,213
198,219
198,224
199,214
199,218
200,365
201,353
201,658
202,220
204,893
205,223
205,285
207,221
207,222
207,823
210,225
211,226
212,232
213,227
214,228
215,229
216,233
217,231
218,236
218,239
218,475
219,230
219,238
220,240
221,235
222,372
223,234
223,367
223,588
224,237
225,246
226,247
227,241
228,242
229,243
230,244
231,245
232,801
232,869
233,250
233,254
234,251
234,700
234,913
235,253
237,252
237,257
238,351
238,415
239,255
239,256
239,258
240,248
240,249
240,395
241,259
242,261
243,260
244,268
245,262
246,265
246,266
246,274
246,275
247,264
247,452
248,267
248,913
249,272
249,805
250,518
250,538
252,739
252,846
252,996
254,263
254,271
254,383
256,515
257,269
257,270
257,763
258,273
259,277
260,279
261,285
262,288
263,276
263,286
263,766
264,278
264,292
265,280
265,287
265,293
265,294
265,511
266,281
266,491
267,282
267,785
268,291
269,283
269,552
270,290
271,550
271,693
271,782
271,981
272,284
272,308
273,317
274,289
274,801
274,806
275,295
276,296
277,297
278,299
279,307
280,300
281,301
282,302
283,306
284,298
284,303
285,310
285,312
286,304
286,314
286,874
287,305
287,317
287,471
289,311
290,315
291,316
291,994
292,313
292,665
292,948
293,308
295,309
296,319
297,318
298,320
299,321
300,323
301,325
302,332
303,327
304,329
305,330
306,326
307,328
307,331
307,551
308,322
308,333
308,334
308,339
309,324
309,337
309,782
310,554
310,683
312,413
313,937
315,338
315,964
316,335
317,336
318,351
319,340
320,345
321,341
322,342
323,352
324,343
325,344
326,346
327,347
328,348
329,353
330,349
331,350
332,357
332,832
333,615
334,806
336,356
336,449
337,354
337,358
337,530
337,643
337,846
338,494
339,355
340,359
341,360
342,361
343,364
344,366
345,362
346,363
347,365
348,368
349,369
350,365
351,370
351,373
351,588
352,394
353,374
353,375
353,971
354,372
355,367
355,371
356,472
359,376
360,377
361,380
362,381
363,383
364,382
365,378
366,389
366,394
367,379
367,385
367,390
368,386
368,509
369,391
369,395
370,837
370,851
371,388
372,486
372,593
373,393
373,430
374,387
375,384
375,392
376,399
377,400
378,401
379,402
380,397
381,398
382,403
383,396
383,405
383,412
384,404
384,409
385,406
385,410
385,833
386,407
386,415
388,411
388,413
388,738
388,833
389,535
389,822
390,556
392,414
392,415
392,640
393,408
394,754
395,819
396,416
397,417
398,418
399,430
400,419
401,432
402,424
403,420
404,421
405,422
406,423
407,425
408,426
408,431
408,433
410,427
410,428
411,435
412,588
413,488
414,429
414,434
416,436
417,439
418,447
419,443
420,444
421,447
422,447
423,449
424,445
425,450
426,446
427,437
428,438
428,456
429,440
430,448
430,453
430,614
430,684
431,441
431,451
431,452
432,454
432,455
433,442
435,457
436,459
437,460
438,461
439,458
440,463
441,466
442,467
443,462
444,468
445,470
446,465
447,469
448,464
448,535
450,472
450,594
450,948
451,471
451,474
454,592
455,554
455,617
455,752
455,935
456,475
456,667
456,934
457,473
457,475
457,476
458,477
459,482
460,486
461,478
462,479
463,484
464,480
465,481
466,487
467,485
468,485
469,483
470,488
471,489
471,496
471,610
471,641
471,683
472,497
472,570
473,490
473,493
473,495
473,499
474,491
475,492
476,494
476,498
476,806
477,501
478,502
479,504
480,503
481,506
482,505
483,507
484,508
485,500
485,511
485,633
486,937
488,509
488,513
489,566
491,512
491,514
491,516
491,517
492,913
493,510
494,678
495,518
495,644
495,663
496,515
496,519
499,929
500,520
501,521
502,522
503,523
504,524
505,530
506,525
507,526
508,529
509,527
509,532
509,535
510,528
511,536
511,538
512,534
514,537
515,803
517,532
518,539
518,774
519,531
519,533
520,541
521,540
522,548
523,543
524,544
525,549
526,550
527,545
528,546
529,542
530,553
530,588
531,551
531,554
532,854
533,555
534,634
534,774
535,552
535,556
537,547
540,559
541,560
542,562
543,557
544,563
545,558
546,566
547,561
547,567
547,569
547,574
547,576
547,715
548,565
548,571
548,752
549,572
550,566
550,968
551,564
552,573
553,568
553,979
554,573
555,570
555,575
556,609
557,578
558,579
559,581
560,582
561,580
562,584
563,588
564,577
564,724
565,583
567,585
568,586
568,590
568,730
568,988
569,592
569,930
570,587
571,591
571,803
573,593
573,774
573,873
573,928
574,589
574,594
575,960
576,952
576,970
577,595
578,597
579,596
580,608
581,598
582,599
583,601
584,604
585,606
586,607
587,600
587,602
587,603
587,605
588,609
588,615
588,616
588,617
589,610
589,612
589,781
591,613
591,699
592,614
593,999
594,611
594,615
595,618
596,631
597,619
598,621
599,622
600,623
601,624
602,625
603,626
604,633
605,627
606,628
607,629
608,632
608,732
609,620
610,630
610,635
610,637
610,639
610,642
610,644
610,658
610,706
612,643
612,738
613,640
614,634
614,693
615,636
615,641
616,638
618,645
619,657
620,647
621,649
622,648
623,650
624,651
625,652
626,653
627,658
628,659
629,654
630,655
631,662
631,663
631,913
631,995
632,646
632,664
632,874
632,913
633,660
633,667
634,656
636,737
637,661
638,784
639,666
640,967
641,665
642,748
645,671
646,668
647,669
648,670
649,674
650,678
651,679
652,672
653,673
654,675
655,677
656,676
657,682
657,685
660,683
660,684
662,965
663,769
664,680
665,681
666,729
667,888
668,693
669,688
670,687
671,689
672,690
673,694
674,691
675,696
676,692
677,686
678,699
680,700
680,712
681,698
682,707
684,695
684,697
686,701
687,706
688,702
689,703
690,704
691,707
692,706
693,708
693,789
694,736
695,705
696,711
697,715
698,709
699,712
699,713
699,714
700,710
701,716
702,723
703,717
704,718
705,719
706,720
706,727
707,729
707,739
708,721
708,724
708,728
709,732
710,734
710,738
711,733
712,731
713,725
713,734
713,735
713,736
714,726
714,730
714,737
715,722
716,740
717,748
718,742
719,745
720,746
721,747
722,741
723,751
724,743
725,744
725,909
727,749
728,752
729,749
729,755
732,926
734,750
737,754
738,753
740,756
741,757
742,758
743,760
744,761
745,762
746,763
747,763
748,769
748,771
748,772
749,759
749,765
749,770
751,849
753,773
754,764
754,766
754,767
754,768
755,774
755,948
756,778
757,780
758,776
759,777
760,779
761,784
762,781
763,775
763,783
763,788
764,912
765,786
766,791
768,785
768,790
769,787
769,824
769,965
770,790
771,792
772,789
774,782
775,793
776,795
777,800
778,798
779,801
780,799
781,794
781,806
782,796
782,803
783,797
783,807
783,809
784,804
786,819
786,981
786,982
788,867
789,802
789,808
790,851
791,930
792,805
793,810
794,812
795,814
796,815
797,816
798,811
799,818
800,813
801,897
801,898
801,988
802,817
803,819
804,831
805,824
806,821
807,820
807,822
809,823
810,826
811,827
812,825
813,828
814,831
815,829
816,832
817,830
818,834
819,987
820,833
820,835
823,963
824,836
824,837
825,838
826,839
827,840
828,841
829,845
830,842
831,843
831,848
831,851
831,852
832,846
832,872
833,844
833,856
834,853
834,855
835,854
836,849
836,850
837,847
838,860
839,857
840,858
841,859
842,862
843,863
844,864
845,866
845,874
846,861
847,865
847,870
848,872
850,869
851,867
851,871
851,873
852,868
856,972
857,875
858,876
859,877
860,879
861,880
862,881
863,889
864,883
865,884
866,878
866,882
866,885
866,887
867,886
867,890
868,888
868,893
870,892
870,895
871,894
871,898
872,891
872,896
872,897
875,899
876,901
877,903
878,902
879,909
880,911
881,909
882,904
883,912
884,905
885,906
886,907
887,908
888,900
889,917
889,920
890,919
891,914
892,918
893,929
894,913
894,915
894,916
898,910
899,921
900,922
901,926
902,927
903,924
904,930
905,931
906,932
907,926
908,934
910,923
910,937
911,938
913,925
914,939
914,940
916,929
916,936
917,933
917,987
919,928
919,935
921,941
922,943
923,942
924,948
925,946
927,950
928,944
929,945
929,951
933,947
933,949
935,950
937,952
941,953
942,957
943,954
944,955
945,956
946,958
947,959
948,961
948,964
948,969
948,972
949,960
949,962
949,966
949,971
950,965
951,963
951,970
952,967
952,968
953,979
954,973
955,975
956,977
957,976
958,980
959,978
960,974
961,984
961,987
962,983
963,986
964,981
966,985
969,988
972,982
973,989
974,990
975,992
976,993
977,991
978,992
979,998
981,996
981,1000
983,997
984,994
987,999
988,995
<end>