<number of tasks>
20
<cycle time>
1000
<order strength>
0.221
<z_alpha>
1.280
<task times>
1 115 181.9713
2 44 132.2628
3 281 9353.1382
4 149 4790.0910
5 112 2515.1154
6 128 1853.0675
7 119 1582.9172
8 237 9867.8997
9 194 6305.5548
10 92 1286.2445
11 196 7944.2670
12 165 196.6256
13 52 545.1174
14 224 5305.0161
15 26 39.2399
16 227 9106.9002
17 76 174.2522
18 75 1304.1214
19 184 5344.6491
20 81 1149.8437
<precedence relations>
1,5
1,7
1,8
2,3
2,4
2,6
3,10
4,9
7,11
8,12
10,13
10,14
10,16
12,15
13,20
14,19
15,17
16,18
<end>