<number of tasks>
20
<cycle time>
1000
<order strength>
0.505
<z_alpha>
1.645
<task times>
1 335 14212.8199
2 386 33937.5021
3 635 24739.2354
4 524 55312.4455
5 522 53708.2055
6 614 35983.1689
7 493 44651.9477
8 671 24231.0523
9 549 30673.9710
10 418 41989.7729
11 513 39175.6468
12 280 7618.5518
13 339 9104.5178
14 457 48248.0977
15 429 35073.7842
16 642 20448.9014
17 390 3155.6100
18 548 23254.3992
19 583 3660.3891
20 589 37873.8635
<precedence relations>
1,5
2,6
3,7
4,7
5,8
6,9
7,9
7,10
7,11
8,12
9,14
10,13
10,14
11,14
12,16
13,15
14,16
14,17
14,18
15,19
16,19
17,20
18,19
18,20
<end>