<number of tasks>
20
<cycle time>
1000
<order strength>
0.205
<z_alpha>
1.280
<task times>
1 69 1062.6423
2 150 2053.9813
3 243 1664.3458
4 147 1179.2616
5 129 341.8138
6 84 1488.1014
7 56 368.4094
8 247 3683.7449
9 347 9514.1843
10 106 2267.4032
11 131 650.8250
12 213 386.2168
13 181 4797.1605
14 151 353.7766
15 39 114.3240
16 136 3614.5563
17 53 175.5341
18 94 17.0904
19 145 2901.7099
20 90 968.9221
<precedence relations>
1,6
1,8
1,9
2,5
4,7
6,10
6,11
7,12
10,14
10,16
11,13
12,15
15,17
15,19
16,18
16,20
<end>