<number of tasks>
100
<cycle time>
1000
<order strength>
0.595
<z_alpha>
1.280
<task times>
1 77 479.4593
2 141 3996.3042
3 122 2630.3971
4 187 7619.6337
5 113 2116.4880
6 41 412.9063
7 251 11308.7815
8 62 227.0941
9 305 1428.3790
10 175 3525.2400
11 68 1077.2866
12 187 1962.2968
13 141 3177.5336
14 107 995.2286
15 207 8897.7286
16 248 6083.0891
17 238 2984.7517
18 96 118.5584
19 221 10828.5036
20 43 61.6180
21 169 3289.4492
22 131 2268.2844
23 44 260.8472
24 252 10602.9717
25 201 5048.1854
26 25 149.6236
27 123 1427.8890
28 95 808.1077
29 48 93.3780
30 93 1438.5203
31 81 1083.1302
32 94 764.8748
33 197 461.3215
34 235 2613.5185
35 151 3975.1818
36 342 11508.0145
37 91 1988.7475
38 35 298.3848
39 171 6191.3256
40 194 2645.3079
41 118 646.0521
42 36 53.5649
43 56 576.4578
44 40 345.8075
45 48 2.2520
46 300 15694.5940
47 89 863.2513
48 120 241.6808
49 201 2408.5266
50 241 10784.4080
51 32 232.9207
52 133 2945.5312
53 84 1515.1021
54 90 1153.8502
55 149 5271.5011
56 114 421.8903
57 174 219.1130
58 180 1370.9112
59 244 1121.3554
60 69 1133.8036
61 56 745.4567
62 158 5957.9999
63 47 267.1294
64 133 1302.6217
65 242 1689.8095
66 317 6962.2557
67 131 1421.6572
68 402 2252.0111
69 37 46.6744
70 148 3099.5774
71 49 473.7048
72 250 802.0896
73 123 2824.2058
74 120 1732.5929
75 58 490.6584
76 281 6018.2898
77 161 5378.5882
78 61 698.0631
79 76 347.7716
80 99 1583.7820
81 80 1209.1444
82 38 239.1178
83 143 3272.4768
84 43 292.0784
85 88 1679.2883
86 152 3491.0109
87 153 3414.3370
88 275 12212.7482
89 52 84.2686
90 52 495.7157
91 50 33.5761
92 159 2964.4537
93 108 1520.4600
94 237 9394.1682
95 197 4032.4192
96 47 278.6172
97 28 136.9312
98 97 434.6481
99 43 216.2918
100 180 815.9647
<precedence relations>
1,67
2,19
3,38
4,38
5,84
6,84
7,53
8,10
8,12
8,14
8,16
8,18
9,11
9,13
9,15
9,16
9,17
10,19
11,19
12,19
13,19
14,38
15,84
16,23
16,49
17,20
17,22
17,36
18,21
18,22
18,33
19,25
19,26
19,27
19,28
19,29
19,30
20,53
21,53
22,24
22,31
23,24
23,31
23,32
23,39
23,42
24,67
25,38
26,38
27,38
28,53
29,33
29,35
29,36
29,37
30,57
30,66
30,68
30,69
31,38
32,34
32,35
32,41
33,67
34,38
35,38
36,38
37,39
37,40
37,41
37,42
38,43
38,44
38,45
38,46
38,47
38,48
39,53
40,49
40,57
41,48
41,52
41,54
42,50
43,53
44,66
45,54
45,55
46,51
47,51
47,52
47,63
48,53
49,51
49,55
49,56
49,63
49,64
50,52
50,54
50,64
51,67
52,67
53,56
53,57
53,58
53,59
53,60
53,61
53,62
54,63
55,100
56,84
57,84
58,68
58,69
58,70
58,82
60,83
61,81
61,86
62,64
63,65
63,66
63,83
64,67
65,68
65,69
66,70
66,71
66,72
66,86
67,73
67,74
67,75
67,76
67,77
67,78
67,79
68,98
69,80
69,97
69,98
70,80
70,98
71,95
72,84
72,85
74,82
75,96
75,100
76,86
76,94
77,83
77,96
78,81
79,83
81,84
82,85
82,86
82,94
82,95
83,94
84,87
84,88
84,89
84,90
84,91
84,92
85,93
86,99
87,95
89,95
91,94
91,96
93,97
94,100
95,98
96,98
96,99
<end>