<number of tasks>
50
<cycle time>
1000
<order strength>
0.195
<z_alpha>
1.960
<task times>
1 115 1289.4502
2 109 2106.7740
3 74 570.2610
4 154 5268.2665
5 189 3774.5769
6 147 4125.6986
7 224 6290.7313
8 78 733.6480
9 146 3427.6716
10 218 750.0912
11 99 361.7287
12 96 1654.3564
13 119 2984.4169
14 54 707.7213
15 105 422.0965
16 27 17.1559
17 141 3950.7170
18 166 6055.5267
19 125 881.1272
20 182 5099.3949
21 218 3244.5441
22 26 6.9582
23 121 3243.0168
24 269 13851.0358
25 48 541.2501
26 131 709.1124
27 255 3202.9792
28 65 133.5225
29 192 8804.0352
30 62 225.5142
31 191 8286.8463
32 173 2177.4894
33 216 6242.8474
34 111 1935.8156
35 222 3842.8486
36 183 3527.8085
37 74 169.0214
38 35 300.8431
39 237 7316.0968
40 160 4586.1392
41 98 37.2447
42 112 2880.3390
43 271 3406.0679
44 98 1209.7492
45 193 3201.4616
46 127 2407.6887
47 103 806.0197
48 282 16932.9967
49 142 4626.1728
50 248 13894.7525
<precedence relations>
1,35
3,12
3,14
4,8
4,10
4,13
5,31
6,11
7,9
7,27
8,42
9,17
10,19
10,20
12,15
12,29
13,16
14,18
15,21
18,21
19,23
20,22
20,24
21,26
22,25
22,35
23,27
23,28
23,29
23,31
24,29
24,30
25,37
26,33
29,35
30,32
30,34
30,36
31,41
33,40
33,42
34,41
34,44
34,50
35,38
35,39
35,48
36,43
38,50
39,45
42,46
43,47
43,48
43,49
<end>