<number of tasks>
1000
<cycle time>
1000
<order strength>
0.895
<z_alpha>
1.280
<task times>
1 229 7317.0806
2 62 809.8895
3 91 1515.8067
4 388 14845.9345
5 64 955.2513
6 46 193.5675
7 436 40357.7068
8 87 961.5176
9 211 8802.9799
10 441 6761.5971
11 157 5669.4069
12 192 6597.9259
13 393 13759.2023
14 547 44991.5567
15 33 104.2764
16 228 8652.8311
17 178 3991.5804
18 123 2443.3856
19 154 2085.8036
20 67 844.1503
21 172 6980.7612
22 280 9469.1431
23 194 2380.7597
24 322 15348.6888
25 189 169.5682
26 356 19873.0550
27 532 21220.6580
28 174 2023.3983
29 363 10495.0032
30 283 3222.6713
31 129 2348.2493
32 390 23792.2227
33 430 23484.5718
34 233 12669.9576
35 67 747.3029
36 531 43470.4499
37 589 20974.8524
38 26 31.5501
39 154 2751.2405
40 455 23726.7789
41 62 512.1997
42 217 2657.3807
43 296 11121.2697
44 86 1660.2709
45 231 7272.0980
46 250 4406.9937
47 75 885.8983
48 534 7155.9400
49 264 8073.3597
50 105 834.3744
51 321 17479.0381
52 452 20190.1761
53 155 1844.9497
54 531 55754.5192
55 583 39138.9786
56 205 9962.0991
57 279 12150.7197
58 59 82.1260
59 266 7039.2355
60 473 29964.4583
61 236 2193.7643
62 339 25866.7447
63 198 9194.9053
64 116 2847.7719
65 142 4433.6353
66 384 24812.3283
67 100 2494.5604
68 513 38473.9425
69 372 20804.1658
70 102 1075.1422
71 356 15841.5201
72 227 121.0522
73 126 494.1201
74 218 8668.8618
75 243 2394.7232
76 65 651.4989
77 110 1280.1977
78 50 371.4201
79 158 3326.8911
80 141 3483.8427
81 445 48119.9225
82 264 10073.0235
83 36 70.6035
84 119 2394.2049
85 136 1716.6561
86 343 24660.7821
87 69 949.3115
88 22 14.6699
89 173 6145.9337
90 239 4910.8041
91 72 406.2612
92 46 94.4667
93 82 1178.5164
94 164 2822.1446
95 70 449.4122
96 241 13432.1703
97 186 364.1928
98 505 42176.8056
99 236 2949.4319
100 85 5.8817
101 373 31590.5941
102 150 4603.1150
103 456 15768.3362
104 524 16792.3766
105 170 6186.4688
106 207 6336.4851
107 236 9762.6698
108 222 3831.1757
109 85 1737.0737
110 330 19957.7715
111 80 930.4712
112 399 23406.4498
113 203 9905.9652
114 239 8409.5381
115 360 20629.1009
116 364 16202.5810
117 515 32332.8617
118 508 46577.6809
119 176 3697.2657
120 190 3520.9570
121 134 2056.0091
122 235 8750.3912
123 444 16930.0469
124 33 123.6042
125 380 25269.9259
126 213 7065.4356
127 296 8029.0348
128 200 4190.8966
129 126 1312.5578
130 114 1888.8876
131 489 45863.0345
132 37 144.5593
133 25 142.0480
134 200 959.4986
135 117 2753.3611
136 248 10811.4657
137 302 15398.4817
138 54 26.8605
139 249 7754.5785
140 54 500.2557
141 227 9876.4120
142 242 8218.6467
143 248 5470.8400
144 222 803.9459
145 134 3648.8768
146 233 5177.6275
147 476 33169.9736
148 452 38555.8149
149 506 61349.8671
150 582 25969.5018
151 466 51776.6522
152 462 735.1117
153 56 671.3098
154 45 407.6381
155 445 3133.0430
156 230 3510.6072
157 495 47077.0572
158 500 24106.7156
159 273 15625.4419
160 329 21265.0358
161 299 5865.5729
162 336 2434.0923
163 380 13838.3718
164 40 285.6134
165 134 2068.5746
166 148 1865.2525
167 106 903.6066
168 193 6014.6991
169 172 2857.6331
170 277 4164.7678
171 81 371.7243
172 448 1355.1608
173 221 1453.5997
174 281 9857.1907
175 88 719.2958
176 601 22071.4983
177 83 1456.7907
178 129 2550.6473
179 298 15365.1685
180 65 222.2048
181 228 5443.1864
182 192 7798.3037
183 159 245.3885
184 244 11036.7606
185 167 1859.2198
186 510 9836.2640
187 27 37.8973
188 34 99.5155
189 208 3794.4745
190 121 3436.9820
191 162 3829.5813
192 427 3870.3867
193 140 3544.6511
194 49 457.7931
195 224 3718.3518
196 67 630.0930
197 235 2423.1288
198 479 4322.5326
199 439 39462.8412
200 177 6067.6705
201 514 9809.8800
202 181 3542.5705
203 286 13511.3656
204 312 18518.5974
205 528 28925.9522
206 24 48.7017
207 478 52396.0590
208 259 5726.1311
209 515 23829.5544
210 154 810.8211
211 541 35996.5856
212 152 4315.9201
213 125 1887.9557
214 348 3975.0710
215 452 9165.4457
216 210 5776.7877
217 214 2810.5266
218 146 893.2899
219 244 5684.9797
220 532 28534.7954
221 154 946.6811
222 310 18755.5674
223 21 19.7651
224 45 166.1217
225 96 773.5682
226 75 904.7938
227 237 13608.0224
228 568 33492.6059
229 29 124.7470
230 227 6540.9487
231 120 1894.0981
232 113 2407.8409
233 373 2668.2033
234 124 1888.8864
235 83 1094.1912
236 50 366.6885
237 55 641.7142
238 152 4255.5460
239 64 698.9244
240 157 4371.1498
241 242 10464.5325
242 167 3260.1051
243 402 29732.9619
244 296 17227.7655
245 455 42664.1911
246 65 830.3675
247 533 7781.2826
248 172 2949.7954
249 202 9565.0300
250 57 480.3468
251 83 1124.9853
252 446 46450.1565
253 149 1411.6251
254 77 653.6433
255 550 51372.5402
256 482 46860.5926
257 187 5974.6256
258 63 734.2566
259 159 4074.7653
260 111 2088.0246
261 476 31365.4559
262 505 2801.9939
263 521 14441.0305
264 276 3512.3187
265 276 14788.0590
266 54 401.4028
267 351 27431.1445
268 35 61.9947
269 489 39318.7540
270 530 27535.6075
271 552 15386.1104
272 252 6714.8750
273 52 627.7325
274 116 625.8088
275 258 12534.4062
276 202 9988.9799
277 207 4003.4212
278 154 3615.8160
279 24 53.9054
280 315 4031.7688
281 132 1130.6108
282 136 2089.8325
283 66 524.2866
284 50 198.1462
285 88 1386.4034
286 212 5526.3580
287 253 12809.8844
288 32 16.5716
289 238 7926.9202
290 94 672.9261
291 349 21010.4518
292 72 692.2510
293 504 21031.8054
294 77 1478.2832
295 361 13124.7476
296 138 1204.3263
297 190 8476.0954
298 178 4755.9741
299 418 3483.6590
300 167 5858.5065
301 338 16897.5834
302 266 13007.8757
303 342 8457.1698
304 87 1588.6941
305 196 2676.2883
306 50 235.6371
307 261 12937.6542
308 95 14.8820
309 272 9484.2652
310 550 27420.5103
311 148 449.7703
312 460 50756.6552
313 31 212.7153
314 94 403.9000
315 204 6343.3517
316 218 3172.9720
317 210 3196.6697
318 81 1401.2715
319 139 1374.0740
320 77 1372.3961
321 46 444.3497
322 197 1003.2690
323 120 2880.4720
324 528 39031.4771
325 189 3999.6912
326 40 123.6610
327 27 134.1372
328 144 3577.9886
329 158 4229.9027
330 289 13036.1895
331 159 270.9139
332 125 3132.9088
333 64 369.8647
334 270 5490.1991
335 484 30272.0465
336 161 5588.6104
337 308 21693.1212
338 155 4642.7244
339 201 2257.1683
340 107 558.6909
341 136 2335.5016
342 166 6788.2281
343 474 12592.9930
344 70 597.7053
345 113 430.5557
346 242 6569.3948
347 140 1924.7675
348 143 3445.6693
349 94 1685.5409
350 351 4768.8504
351 308 23345.5743
352 37 283.4375
353 241 4850.4826
354 179 5814.6497
355 219 11135.8821
356 522 45830.8805
357 407 36518.9326
358 503 48531.2321
359 447 4477.7665
360 143 3036.0319
361 85 791.0193
362 418 33933.9080
363 320 16541.0871
364 63 941.1943
365 142 2016.9758
366 145 2498.1563
367 94 1462.8593
368 171 2210.0107
369 78 195.0935
370 255 16161.7804
371 73 586.7587
372 250 4531.8041
373 259 2266.8848
374 224 10467.4676
375 63 38.7071
376 257 15833.7101
377 258 4304.1058
378 417 11015.5913
379 344 26153.1309
380 94 1655.1353
381 553 35958.4006
382 403 35680.7440
383 485 13664.1928
384 59 515.0169
385 71 796.5938
386 308 6051.8684
387 177 4345.8372
388 319 12186.5845
389 128 2122.5994
390 285 7975.1291
391 343 1897.5596
392 131 2792.2886
393 519 332.3549
394 39 297.9029
395 89 138.5327
396 180 4345.3514
397 79 564.9615
398 190 7049.4242
399 382 20659.6042
400 79 823.5257
401 98 1117.7653
402 179 948.3870
403 295 12003.0756
404 70 439.4123
405 249 14283.5046
406 222 9643.4425
407 202 2058.6348
408 66 461.4177
409 133 2623.9076
410 128 1848.3605
411 36 8.2594
412 214 1193.8495
413 297 17413.3224
414 88 845.0016
415 158 5787.4085
416 440 7720.2271
417 272 8716.0739
418 122 1048.6989
419 283 8990.7516
420 540 42371.5051
421 256 3114.5556
422 537 44603.2790
423 45 258.6791
424 43 119.1779
425 124 2909.5087
426 512 38833.9592
427 162 159.6430
428 71 757.1517
429 108 1692.0863
430 189 949.1317
431 454 26791.7096
432 98 389.1271
433 96 1732.9191
434 242 9028.5588
435 236 5969.8191
436 291 72.4048
437 501 43571.5007
438 360 14027.0257
439 343 2351.3133
440 236 2629.4698
441 292 18250.5735
442 214 9400.0633
443 293 13726.7021
444 528 21548.0700
445 124 2036.1573
446 546 21506.7548
447 182 3683.3467
448 59 440.1418
449 423 7716.1414
450 499 34095.3527
451 109 2473.1185
452 139 3349.6715
453 326 20813.5592
454 30 67.1977
455 179 6846.4441
456 515 261.0397
457 452 11817.2319
458 108 2091.5705
459 370 8432.0212
460 133 1964.2155
461 203 9076.5790
462 88 330.6501
463 171 5832.0334
464 242 5065.5874
465 73 1204.7024
466 220 6411.2124
467 95 1402.5748
468 481 47261.3290
469 492 24703.1507
470 277 11353.9435
471 124 1089.1101
472 417 16876.3083
473 40 108.5823
474 101 40.5156
475 277 2427.4179
476 156 4453.8027
477 217 3221.0823
478 68 1029.9554
479 116 1748.5252
480 272 2764.9740
481 520 32965.0628
482 469 49191.2208
483 529 22410.7757
484 69 493.9048
485 178 3241.5805
486 520 19752.7096
487 162 4855.8648
488 271 15847.5273
489 426 15438.9149
490 199 6408.7520
491 100 1743.9903
492 424 25536.6367
493 275 14043.5330
494 55 689.7425
495 168 4176.7387
496 491 40522.0872
497 90 709.1066
498 154 2320.6177
499 319 1940.9958
500 116 1496.6157
501 411 42139.6342
502 346 24122.5768
503 187 1628.2048
504 103 2137.1991
505 236 4800.1973
506 206 4981.0457
507 86 1658.9196
508 213 909.1081
509 216 3265.9983
510 207 395.0901
511 209 2454.1602
512 266 13633.6292
513 490 4350.5209
514 306 19529.4162
515 69 409.8006
516 102 1444.0299
517 117 1035.5374
518 26 38.5463
519 199 6642.9652
520 227 8536.3724
521 25 98.7577
522 184 4698.0223
523 191 4082.2694
524 104 1566.7937
525 146 1699.5391
526 35 74.1207
527 511 6566.7897
528 144 2294.8099
529 264 8771.3073
530 181 7847.5758
531 162 884.5304
532 32 41.4760
533 508 58172.8373
534 184 2053.4615
535 518 57813.0763
536 60 733.7376
537 234 11284.6849
538 474 42767.5112
539 185 4642.9671
540 402 24701.7510
541 192 1354.0157
542 88 43.8981
543 135 4542.4123
544 249 2178.9319
545 203 3362.6957
546 199 4241.0533
547 472 44601.7057
548 106 2294.3505
549 35 223.7762
550 122 2553.3400
551 88 71.2354
552 480 40752.4816
553 132 414.2843
554 280 1527.2160
555 226 5691.2550
556 69 431.8582
557 196 6067.3914
558 157 4353.2476
559 175 7229.1950
560 235 13031.1972
561 59 595.8255
562 95 1144.5517
563 380 29537.5555
564 489 17532.6257
565 42 66.5300
566 566 13672.3371
567 245 6354.9532
568 533 49885.4799
569 297 19754.0513
570 64 305.0839
571 382 7163.1388
572 112 1199.6512
573 71 937.2709
574 178 2325.0175
575 58 839.7979
576 503 27667.3717
577 91 1108.2786
578 30 194.8682
579 229 3723.5899
580 197 3810.2124
581 491 10977.3370
582 236 2057.6219
583 321 4288.4943
584 64 255.1960
585 498 59689.5899
586 217 7705.7003
587 148 4865.6842
588 172 948.4521
589 357 29904.4831
590 482 48971.0191
591 301 1830.6266
592 581 12838.8483
593 442 47464.1400
594 139 903.3349
595 58 165.8742
596 181 7564.7090
597 249 1372.7369
598 563 2497.1025
599 381 8259.6530
600 126 1733.7890
601 131 4065.4692
602 138 4594.4907
603 39 38.3501
604 128 247.0973
605 81 685.1531
606 92 74.4281
607 164 2704.8633
608 37 149.5519
609 485 6785.5164
610 241 525.8924
611 71 6.1668
612 532 33806.2808
613 128 1524.4296
614 503 9139.9584
615 89 313.7581
616 495 34175.0166
617 212 1274.1353
618 247 7672.2165
619 121 1930.5887
620 509 14028.5333
621 218 9977.3796
622 150 905.7185
623 47 507.3688
624 494 37262.8009
625 193 6139.9116
626 570 6749.7692
627 61 258.9714
628 155 2340.6601
629 141 4232.8082
630 111 1841.4748
631 58 448.1514
632 157 1239.3729
633 101 498.3135
634 385 8939.9448
635 146 2761.6821
636 209 5510.4914
637 275 12379.3637
638 210 6524.2491
639 49 85.0494
640 473 52677.3456
641 177 1098.8146
642 504 7627.9552
643 25 64.3476
644 547 14926.2422
645 193 3897.9983
646 586 1509.2789
647 38 181.8174
648 140 4544.1803
649 34 146.3035
650 278 6317.2274
651 235 6476.3113
652 279 13963.3280
653 112 2956.6397
654 27 28.8449
655 43 452.0246
656 38 235.4031
657 119 634.5710
658 564 40978.6078
659 275 13186.6225
660 211 2983.0645
661 411 31039.7830
662 476 10834.5664
663 78 54.0362
664 330 10760.2653
665 464 17390.8867
666 293 6292.9245
667 462 34894.9489
668 196 8202.1942
669 116 882.2125
670 208 7055.7731
671 198 3504.0725
672 183 6617.5252
673 156 1695.4371
674 368 22333.5861
675 265 11568.0123
676 403 4507.0784
677 183 32.2765
678 304 4063.4503
679 300 1430.7683
680 387 3323.6236
681 323 23370.2246
682 379 11689.9800
683 541 21553.3359
684 366 13021.6241
685 231 3156.6656
686 43 17.4778
687 519 41017.1354
688 160 3993.6472
689 28 36.7342
690 113 2744.2185
691 307 14267.1097
692 45 9.9541
693 536 29953.8468
694 141 4031.3957
695 97 41.6896
696 138 4046.0439
697 165 600.2472
698 224 6921.8869
699 184 4278.7788
700 615 747.3915
701 35 54.1013
702 241 4267.7232
703 445 2851.8309
704 294 15879.7382
705 154 2035.7563
706 288 12741.8137
707 259 12192.9618
708 447 7016.9891
709 143 2226.9811
710 29 209.2998
711 502 37232.4217
712 495 34073.8563
713 197 6103.2604
714 173 7414.6833
715 323 8122.1580
716 109 758.0600
717 324 2473.3767
718 599 21640.1190
719 183 609.8703
720 139 1208.3973
721 51 281.2293
722 372 23977.7615
723 400 16348.9281
724 50 24.3679
725 160 2899.4732
726 103 1864.3463
727 77 1192.7330
728 224 951.3158
729 89 984.2310
730 241 11853.6963
731 358 21211.8666
732 490 5593.3058
733 197 1765.6522
734 215 392.6816
735 212 8221.9512
736 224 4975.3016
737 73 722.6632
738 235 12260.6590
739 79 1172.6429
740 103 1467.2721
741 145 2596.3044
742 107 1416.9550
743 258 9871.3572
744 147 5.7398
745 203 1982.6511
746 225 3613.4089
747 540 39713.7085
748 26 103.5110
749 165 2207.4710
750 244 10121.2880
751 106 239.1024
752 395 7501.4793
753 116 332.6679
754 394 11372.5863
755 74 626.0159
756 166 3975.8335
757 191 5690.1956
758 114 1223.3093
759 286 11214.5030
760 421 25234.3717
761 34 205.0889
762 121 189.3793
763 74 426.4543
764 112 1097.9867
765 162 5177.6839
766 275 8669.1546
767 48 55.2604
768 195 8715.5043
769 71 1097.8561
770 250 3385.5664
771 234 6196.3150
772 154 3696.4460
773 194 8176.0583
774 46 327.8384
775 318 4096.0841
776 567 46747.4828
777 333 8921.9066
778 169 1953.5463
779 48 59.7845
780 271 4260.7526
781 215 6985.6474
782 244 10022.1871
783 312 11337.4458
784 232 11895.0051
785 162 2915.4382
786 48 132.9308
787 144 2277.4111
788 119 2955.7737
789 237 8470.3610
790 191 1613.1198
791 26 41.2944
792 187 3439.5724
793 595 28302.2895
794 132 1574.4806
795 513 57284.3579
796 355 22341.6806
797 35 160.4653
798 496 11325.1269
799 183 285.1262
800 31 3.9706
801 496 60590.6601
802 102 1903.5324
803 191 6029.0543
804 61 394.6196
805 23 78.8497
806 336 21662.7883
807 259 330.2001
808 145 2835.2259
809 54 557.2399
810 91 1689.9856
811 114 1538.4052
812 487 54083.6695
813 220 5110.0809
814 319 41.0043
815 317 8445.4021
816 160 5983.2392
817 168 4913.2159
818 46 434.4968
819 87 424.7642
820 274 14646.8848
821 157 3679.2428
822 111 167.4606
823 74 322.5608
824 102 1591.3285
825 276 11082.9987
826 84 338.5152
827 122 1826.9668
828 180 6172.9828
829 408 9565.1201
830 64 644.0944
831 303 18163.7076
832 122 1057.6160
833 189 8649.6261
834 96 2058.5969
835 35 76.9157
836 128 3669.7319
837 214 2683.0912
838 48 162.2011
839 79 657.1242
840 181 5407.4004
841 52 521.7161
842 145 3717.0823
843 68 165.8996
844 60 370.8796
845 82 1433.5215
846 364 10963.6284
847 404 21594.4181
848 71 883.6003
849 170 5924.6036
850 73 1270.9915
851 92 403.4114
852 194 1134.9996
853 64 533.6517
854 538 16633.6668
855 71 918.3960
856 219 3820.3005
857 121 1911.3953
858 59 560.6321
859 481 25689.6885
860 171 3560.0787
861 497 43580.7378
862 424 15592.0909
863 47 262.0378
864 243 3136.0929
865 203 3465.0367
866 276 6080.1046
867 484 42903.8567
868 406 14511.3591
869 216 1751.2838
870 171 2963.5099
871 191 8322.9125
872 48 137.1186
873 309 6381.6999
874 453 21931.4195
875 496 6177.1656
876 159 4166.2286
877 235 2251.4052
878 27 146.1279
879 145 754.1821
880 63 644.2417
881 326 24035.4726
882 165 5625.1251
883 419 37723.1362
884 203 2195.1719
885 50 541.7128
886 126 1268.5981
887 139 3771.0067
888 182 4241.2903
889 253 12142.5109
890 52 454.7400
891 465 3727.5627
892 21 75.7488
893 234 5675.7698
894 231 12088.0425
895 76 711.3905
896 219 11235.6726
897 278 10407.2664
898 53 416.3980
899 280 8963.9992
900 458 39602.3025
901 143 3418.5313
902 276 8145.9367
903 570 47941.4482
904 199 4712.5898
905 334 4494.4771
906 50 128.3595
907 46 270.8165
908 318 3295.4152
909 214 74.4868
910 150 3901.3473
911 230 3526.1024
912 208 7332.5350
913 497 47651.5560
914 30 180.0237
915 64 931.8998
916 70 128.2668
917 21 56.3969
918 140 4231.5516
919 100 437.8095
920 90 575.6492
921 219 10786.7546
922 503 50543.5979
923 55 507.0228
924 254 13882.4952
925 39 312.2961
926 444 32391.4853
927 20 84.5120
928 55 426.5148
929 114 2976.7553
930 175 5563.4006
931 239 4296.6896
932 79 450.8456
933 42 279.9743
934 530 40952.0118
935 162 996.0667
936 484 35148.4108
937 501 24668.9633
938 97 217.8524
939 44 291.2678
940 253 3437.3936
941 152 365.6066
942 241 3238.6772
943 165 4445.9531
944 540 16226.0124
945 178 1811.6887
946 52 400.1714
947 210 1460.3155
948 137 1405.1235
949 250 6342.9768
950 298 12828.3805
951 145 1360.9660
952 162 3979.1449
953 77 880.3733
954 51 404.5038
955 142 4591.1927
956 224 8700.8643
957 335 13970.0080
958 63 703.4198
959 63 321.9719
960 49 366.5444
961 55 155.5407
962 340 3581.2344
963 116 146.2435
964 210 462.5059
965 427 43959.5260
966 253 5399.7046
967 21 38.3576
968 278 19089.3680
969 194 5399.4631
970 89 679.9012
971 512 58857.3794
972 158 3857.3551
973 80 618.0734
974 88 16.5272
975 153 1498.0772
976 430 16825.8940
977 224 7694.8516
978 216 10748.2510
979 271 4747.4133
980 53 425.5161
981 481 2788.6388
982 478 32412.1208
983 311 19236.2409
984 105 2425.1189
985 127 1300.8764
986 22 1.0673
987 131 2257.7974
988 107 2248.4533
989 174 3213.6665
990 537 30685.5067
991 357 30154.7280
992 140 1881.8563
993 113 561.6551
994 103 6.0265
995 136 1347.5826
996 35 150.4256
997 125 2702.8357
998 112 2788.7555
999 431 4263.4190
1000 177 4705.1570
<precedence relations>
1,8
2,9
2,11
3,8
3,9
3,10
3,11
3,12
4,8
4,9
4,10
4,11
4,21
4,22
5,8
5,9
5,10
5,11
6,8
6,9
6,10
6,11
6,12
6,13
6,14
7,8
7,9
7,10
7,11
7,12
7,22
8,15
8,16
8,17
8,18
8,19
8,23
9,16
9,29
10,15
10,16
10,17
10,20
10,23
11,15
11,16
11,17
11,29
12,15
12,16
12,21
12,23
13,15
13,16
13,17
13,22
13,23
14,15
14,16
14,17
14,18
14,19
14,20
14,22
14,23
15,24
15,25
15,26
16,24
16,25
16,26
16,27
16,30
17,24
17,25
18,24
18,25
18,26
18,27
18,28
18,29
18,30
19,24
19,25
19,26
19,27
19,28
19,29
19,30
20,24
20,25
20,26
20,27
20,29
20,30
21,24
21,25
21,26
21,27
21,28
21,29
21,30
22,24
22,25
22,26
22,27
22,28
22,29
22,30
23,24
23,25
23,26
23,27
23,28
23,29
23,30
24,31
24,35
24,36
25,31
25,32
25,33
25,34
25,35
25,36
26,31
27,31
28,31
28,35
29,31
29,32
29,33
29,34
29,35
29,36
30,31
30,32
30,33
30,34
30,35
30,36
31,37
31,38
31,39
32,126
33,37
33,38
33,39
33,40
33,42
34,37
34,38
34,39
34,40
34,41
34,42
35,37
35,38
36,37
36,38
36,39
36,40
36,41
36,42
37,43
37,44
37,45
37,46
37,47
37,49
38,43
38,44
38,45
38,46
38,47
38,48
38,49
39,43
39,44
39,45
39,49
40,57
40,72
41,43
41,44
41,45
41,46
41,49
42,43
42,45
42,46
42,47
42,49
43,50
43,51
43,52
43,53
43,54
44,50
44,51
44,52
44,60
45,50
45,51
45,52
45,53
45,54
46,50
46,51
46,52
46,53
46,54
47,50
47,51
48,51
49,50
49,51
49,52
49,53
49,54
50,55
50,58
51,55
51,56
51,57
51,58
51,59
51,62
51,64
52,55
52,56
52,57
52,61
52,63
53,56
53,57
54,55
54,56
54,57
54,59
54,60
54,64
55,65
55,66
55,67
55,70
55,72
56,65
57,65
57,66
57,67
58,65
58,66
58,67
58,72
59,65
59,66
59,67
59,68
59,69
59,70
59,71
59,72
60,65
60,66
60,67
60,68
60,69
60,70
60,72
61,65
61,66
61,67
61,68
61,69
61,70
61,71
61,72
62,65
62,66
62,67
62,71
62,72
63,65
63,66
63,71
64,326
64,437
65,73
65,74
65,75
65,76
65,77
66,73
66,74
66,75
66,76
66,77
67,73
67,74
67,75
67,76
67,77
68,73
69,73
69,74
69,76
69,77
70,73
70,74
70,75
70,76
70,77
71,73
71,74
71,75
71,76
71,77
72,73
72,74
72,75
72,76
72,77
73,78
73,79
73,80
73,81
74,78
74,79
74,80
74,81
75,78
75,79
75,80
75,81
76,78
76,79
76,80
76,81
77,78
77,79
77,80
77,81
78,82
78,83
78,84
78,85
78,86
78,87
78,89
79,82
79,83
79,84
79,85
79,86
79,87
79,88
79,89
80,82
80,83
80,84
80,85
80,86
80,87
80,88
80,89
81,82
81,83
81,84
81,85
81,86
82,90
82,92
82,96
82,97
83,90
83,91
83,92
83,94
83,95
84,93
84,96
85,90
85,91
85,92
85,96
85,97
86,203
87,90
87,91
87,92
87,95
87,96
87,97
88,90
88,91
88,92
88,93
88,94
88,97
89,90
89,91
89,92
89,97
90,98
90,99
90,100
90,101
90,102
90,103
90,105
91,98
91,99
91,100
91,102
91,103
91,104
91,105
92,98
92,99
92,100
92,102
92,103
92,104
92,105
93,98
93,102
93,103
93,104
93,105
94,98
94,99
94,100
94,101
95,101
96,98
96,99
96,103
96,104
96,105
97,98
97,99
97,100
97,101
97,103
97,104
97,105
98,106
98,107
98,108
98,109
98,110
99,106
99,107
99,108
99,109
99,110
100,106
100,107
100,108
100,109
100,110
101,106
101,107
101,108
101,109
101,110
102,106
103,903
104,107
104,108
104,109
105,106
105,107
105,108
105,113
106,111
106,112
106,114
106,120
107,111
107,112
107,115
108,111
108,112
108,122
109,111
109,113
109,114
109,115
110,111
110,112
111,117
111,118
111,123
112,116
112,117
112,121
113,620
114,116
114,122
115,116
115,117
115,118
115,119
115,120
115,121
115,122
115,123
116,124
116,125
116,126
116,127
116,137
117,124
117,125
117,126
117,128
117,129
117,130
117,139
118,124
118,125
118,126
118,137
118,139
119,124
119,125
120,124
120,125
120,126
120,127
120,130
121,124
121,125
121,126
121,127
121,128
122,129
123,124
124,131
124,138
125,131
125,132
125,135
125,136
126,131
126,132
126,133
126,134
126,136
126,145
127,131
127,132
127,133
127,134
127,135
127,139
128,273
128,288
128,290
128,292
129,131
129,132
129,145
130,131
130,132
130,137
130,145
131,140
131,141
131,142
131,143
131,144
131,146
132,140
132,141
132,142
132,143
132,144
132,146
133,140
133,141
134,140
134,141
134,152
135,140
136,140
136,141
136,142
137,140
137,141
137,142
137,146
137,152
138,140
138,141
138,145
139,140
139,141
139,142
139,143
139,144
139,145
139,146
140,147
140,153
141,147
141,148
141,149
141,150
141,154
141,155
142,147
142,148
142,149
142,150
142,151
142,154
142,155
143,147
143,148
143,149
143,150
143,152
144,147
144,148
144,150
144,154
144,155
145,147
145,156
146,147
146,148
146,149
146,150
146,151
147,161
147,163
148,156
149,156
149,157
149,163
150,156
150,157
150,158
150,159
150,160
150,162
150,163
151,156
151,157
151,161
151,162
151,163
152,156
153,156
153,158
153,162
153,163
154,156
154,157
154,158
155,156
155,157
155,158
155,159
155,160
156,205
156,210
156,211
156,220
157,164
157,165
158,164
158,165
159,164
159,165
160,177
161,164
161,165
162,164
162,165
163,164
163,165
164,166
164,167
164,168
164,169
164,170
164,171
164,172
164,173
165,166
165,168
165,170
165,172
166,174
166,175
166,177
167,174
167,180
168,174
168,175
168,176
168,192
169,174
169,175
169,176
169,177
169,178
169,179
169,180
170,178
171,174
171,175
171,192
172,176
172,181
173,174
173,175
173,176
173,177
173,187
174,182
174,183
174,184
174,185
174,193
175,182
175,185
175,186
176,458
176,500
176,506
177,182
177,183
177,184
177,188
177,192
177,193
178,182
178,183
179,182
179,183
179,184
179,185
179,187
179,188
180,182
180,183
180,184
180,185
180,186
180,187
181,182
182,189
182,190
182,191
182,194
183,189
183,190
183,191
183,194
184,206
184,220
185,189
185,190
185,191
186,189
186,190
186,191
186,194
187,192
187,193
187,194
188,189
188,190
188,191
188,194
189,195
189,196
189,197
189,198
189,199
189,200
190,201
191,195
191,196
191,197
191,199
191,200
191,201
192,195
192,196
192,197
192,198
192,199
192,200
192,201
193,195
193,196
193,197
193,198
193,199
193,200
193,201
194,195
194,196
194,197
194,198
194,199
194,200
194,201
195,202
195,203
195,204
195,205
196,202
196,203
196,204
196,205
197,202
197,203
197,204
197,205
198,202
198,203
198,204
198,205
199,202
199,203
199,204
199,205
200,202
200,203
200,204
200,205
201,202
201,203
202,206
202,207
202,208
202,211
202,212
203,206
203,207
203,209
203,210
204,206
204,207
204,208
204,219
205,206
205,212
206,213
206,214
206,215
206,216
207,737
208,220
208,223
208,224
209,213
210,375
210,392
211,213
211,214
211,215
211,217
211,218
211,219
212,216
213,221
213,228
213,233
214,221
214,222
214,223
214,224
215,221
215,222
215,223
215,224
216,221
216,222
216,223
216,224
217,221
217,222
218,221
218,222
218,223
218,224
219,221
219,222
219,224
220,221
220,222
221,225
221,229
221,234
221,236
222,225
222,226
222,227
222,228
222,229
223,225
223,226
223,227
223,228
223,229
224,225
224,226
224,227
224,228
225,235
225,244
226,230
226,231
226,233
226,244
227,230
227,231
227,232
227,234
227,236
228,230
229,230
229,231
229,232
230,237
230,238
230,239
230,240
231,237
231,238
231,242
232,243
232,244
233,237
233,238
233,239
233,240
234,237
234,238
234,239
235,237
235,238
235,239
235,240
235,241
235,242
235,243
236,237
236,241
237,245
237,246
237,247
237,253
238,245
238,246
238,247
238,251
239,245
239,246
239,247
239,249
239,263
240,245
240,246
240,247
240,248
240,249
240,250
241,245
241,246
241,247
241,248
242,245
242,246
242,247
242,248
242,249
242,252
243,558
243,582
244,245
244,248
245,254
245,255
245,256
245,257
245,258
245,259
245,260
246,254
246,255
246,256
246,257
247,254
247,255
247,257
248,254
249,254
249,255
249,256
250,254
250,255
250,256
250,257
250,263
250,267
251,254
251,268
252,254
252,255
252,256
252,259
253,255
253,256
253,261
253,262
253,263
254,264
254,265
254,269
255,264
255,265
255,266
255,268
255,269
256,264
256,265
257,264
257,268
258,264
259,264
259,265
259,266
259,267
260,280
261,264
261,265
261,266
261,267
261,268
261,269
262,264
262,265
262,266
262,267
262,268
262,269
263,264
263,265
263,266
263,268
263,269
264,272
265,270
265,271
265,272
265,273
265,274
265,275
266,270
266,271
266,272
266,273
266,274
267,270
267,271
267,272
267,273
268,291
269,270
269,275
270,276
270,277
270,278
270,282
271,276
271,279
271,280
271,281
271,292
272,276
272,277
273,276
273,277
274,276
274,277
274,286
274,290
274,292
275,276
275,277
275,292
276,283
276,284
277,283
277,293
278,283
278,284
278,285
278,286
278,293
279,283
279,284
279,293
280,283
280,284
280,293
281,287
282,283
282,284
282,285
282,286
282,287
283,289
283,291
283,294
284,469
285,288
285,289
285,290
285,292
286,288
286,304
287,288
287,289
287,290
287,293
288,295
288,296
288,306
288,307
289,295
289,296
289,297
289,298
289,299
290,295
290,296
290,297
290,298
290,299
291,295
291,296
291,297
291,298
291,299
292,295
292,296
292,297
292,298
292,299
293,295
293,296
293,297
293,298
293,299
294,295
294,296
294,298
295,302
295,310
296,300
296,301
296,305
297,300
297,303
297,304
297,306
297,307
297,317
298,300
298,301
298,302
298,303
298,304
299,313
300,308
300,309
300,310
300,311
301,310
302,312
303,308
303,309
304,308
304,309
305,314
306,308
306,309
306,310
307,308
308,313
309,313
309,314
309,315
309,316
309,318
309,319
310,313
310,316
310,318
311,313
311,314
311,318
312,315
312,317
313,320
313,321
313,322
313,323
313,324
313,326
314,323
314,356
314,371
314,372
315,320
315,325
315,351
316,320
316,321
316,322
316,325
316,327
316,328
317,321
317,324
317,349
318,320
318,321
318,322
318,323
318,324
319,320
319,321
319,322
319,323
319,328
320,329
320,330
320,334
320,337
321,329
321,330
321,331
321,332
321,333
321,334
321,335
321,336
322,329
322,332
322,335
322,336
323,407
323,422
323,423
323,424
324,329
324,330
325,329
326,430
326,438
327,329
327,330
328,329
328,330
328,331
328,332
328,333
329,369
329,391
329,395
330,338
330,339
330,340
331,338
331,339
332,340
332,352
332,359
333,338
333,339
333,348
333,359
334,338
335,338
335,343
336,407
336,423
336,424
337,338
337,339
337,340
337,341
337,342
337,359
338,344
338,345
338,346
339,344
339,347
339,352
340,344
340,345
340,346
341,344
341,345
341,349
342,345
343,344
343,348
343,350
343,351
344,357
345,353
345,354
345,355
345,356
345,357
345,358
345,361
346,353
346,354
347,353
348,353
348,356
349,365
350,353
350,354
350,355
350,358
351,359
352,353
352,354
352,355
352,386
353,360
353,364
354,360
355,360
356,360
356,362
356,363
356,366
357,365
357,380
358,458
358,636
359,360
359,361
359,382
360,367
360,368
360,369
360,370
361,367
361,386
362,367
362,368
362,369
363,367
363,370
363,374
364,372
364,389
365,367
365,368
365,371
366,367
366,368
366,373
366,375
366,386
367,376
367,381
368,376
368,377
368,378
368,392
369,376
369,379
369,398
370,376
370,377
371,376
371,444
372,376
372,638
373,407
373,424
374,376
374,377
374,378
374,379
374,380
374,382
375,377
375,379
376,578
377,383
378,383
379,388
379,399
380,383
380,384
380,392
381,383
381,384
381,385
381,387
382,383
382,384
382,385
382,386
382,387
383,388
383,389
383,390
383,391
384,390
385,388
385,392
385,399
386,389
386,391
387,388
387,398
387,399
388,393
388,394
388,396
388,397
389,399
390,393
390,394
390,395
390,398
391,393
391,394
392,393
392,395
393,400
393,415
394,513
395,428
395,438
396,400
396,401
396,402
397,400
397,401
397,402
398,402
399,400
399,415
400,403
400,404
400,405
400,407
401,403
401,404
401,405
401,406
401,407
402,403
402,423
403,408
403,413
403,416
403,424
404,408
404,409
404,411
405,408
405,409
405,410
405,411
405,416
405,420
405,423
405,424
406,414
406,415
407,409
407,412
408,417
408,418
408,419
408,430
409,417
409,418
410,422
410,433
410,445
411,417
411,421
412,417
412,418
412,419
412,420
412,421
413,417
413,418
414,417
414,436
415,417
415,418
415,419
415,420
415,423
415,424
416,646
416,671
416,736
417,429
418,425
418,426
419,425
419,426
419,427
419,428
419,429
420,427
421,425
421,428
421,430
422,497
422,504
422,507
423,581
424,430
424,438
425,431
425,432
425,433
425,437
425,438
426,435
427,431
427,442
428,431
428,432
428,433
428,434
428,435
428,436
429,431
429,432
429,433
429,437
429,438
429,442
430,431
430,432
430,436
431,439
431,440
431,441
432,474
432,477
433,439
433,440
434,468
434,504
434,541
435,439
435,440
435,441
435,442
436,439
436,440
436,441
436,442
437,439
437,440
437,441
438,440
439,443
439,444
439,447
440,443
440,446
440,447
440,469
441,443
441,444
442,443
442,444
442,445
442,446
443,448
443,449
443,450
443,451
443,452
443,454
444,449
444,453
444,455
444,456
445,607
445,623
446,448
446,449
446,452
447,448
447,451
448,462
448,476
448,477
449,457
450,457
450,460
451,457
452,533
452,544
453,457
453,458
453,575
454,458
454,459
454,463
455,457
455,458
455,459
455,460
455,461
456,457
456,461
457,464
457,468
458,543
458,613
458,648
459,464
459,812
460,467
460,477
461,469
462,464
462,466
462,470
462,471
463,464
463,465
463,466
463,467
463,468
464,790
464,803
465,473
465,477
465,480
466,472
466,473
467,472
467,473
467,474
467,475
467,476
468,574
469,476
470,525
471,472
471,474
472,478
472,480
473,478
473,481
473,482
474,478
474,479
474,480
474,481
474,482
475,478
475,479
475,480
475,481
476,478
476,479
476,480
476,481
477,560
477,584
478,483
478,484
479,498
479,500
479,501
479,502
480,483
480,484
480,485
481,483
481,486
482,483
482,484
482,485
482,486
483,487
483,488
483,489
483,490
483,491
483,492
483,494
484,522
484,557
484,558
485,487
485,488
485,490
485,492
485,493
486,487
486,491
486,502
487,495
487,496
487,522
488,531
489,499
489,500
490,495
490,496
490,497
491,495
491,496
491,497
491,498
491,505
492,495
492,496
492,497
492,502
493,495
493,496
493,501
494,495
494,496
494,498
495,504
496,503
497,503
497,513
498,503
498,504
498,506
498,507
499,641
500,503
500,504
500,522
501,503
501,504
501,505
502,505
503,508
503,509
503,510
503,511
503,512
504,509
505,508
506,508
506,512
506,513
507,510
507,511
508,514
508,515
508,516
508,517
508,518
508,519
509,514
509,517
510,514
510,515
510,516
510,520
510,523
510,524
511,514
511,515
511,516
512,514
512,515
512,527
513,514
513,521
513,522
513,547
514,525
514,526
515,604
516,531
516,586
516,601
517,525
517,526
517,527
517,528
517,530
518,525
518,526
518,527
518,528
518,529
518,530
518,531
519,526
519,527
520,538
521,757
521,939
522,533
522,544
523,528
524,613
524,689
524,690
525,532
525,559
526,532
527,535
528,532
528,533
528,534
528,536
529,532
529,537
530,601
530,740
530,845
531,677
531,679
531,728
532,569
532,588
533,538
534,728
535,538
535,539
536,539
536,540
536,553
537,538
537,539
537,541
537,542
538,543
538,563
538,588
539,543
539,544
539,547
539,548
539,550
540,543
540,544
540,596
540,649
541,543
541,544
541,546
541,764
541,800
542,545
542,549
543,793
543,813
544,554
544,724
544,789
544,793
545,612
545,839
545,889
546,854
547,718
548,551
548,552
549,551
549,553
549,567
550,551
550,552
551,555
551,556
551,557
551,558
551,559
551,560
551,561
551,562
551,564
552,559
552,563
552,588
553,556
553,557
553,560
553,570
553,584
554,773
554,939
555,571
556,571
557,565
557,598
557,625
558,566
559,570
560,565
560,568
561,565
562,618
562,637
563,567
564,565
564,569
565,574
566,572
566,573
566,574
566,575
566,579
567,575
568,572
569,572
569,584
570,576
571,572
571,577
572,578
572,580
572,583
573,578
573,596
573,654
574,581
575,578
575,584
576,578
576,582
577,579
578,648
578,674
579,595
580,585
580,586
581,588
582,675
583,587
583,616
584,585
584,586
585,589
585,590
585,591
585,592
585,593
585,594
586,589
586,590
586,591
586,593
587,609
588,589
588,590
588,591
589,675
590,595
591,595
591,597
591,599
592,595
592,598
592,601
593,595
593,596
593,600
593,602
593,603
594,638
595,604
595,608
596,606
597,763
597,830
597,925
597,966
598,641
599,609
599,610
600,604
600,605
600,606
601,814
602,610
603,604
603,607
604,613
604,639
605,612
605,665
605,834
607,614
608,679
608,744
608,839
609,611
610,611
610,612
610,613
610,616
611,618
611,619
611,620
612,907
612,928
612,942
612,988
613,668
614,615
614,616
614,617
614,633
615,621
615,625
616,635
616,637
617,621
617,622
618,621
618,622
618,623
618,646
619,621
620,624
621,626
621,627
621,631
621,632
622,626
622,656
622,667
622,699
623,644
623,709
623,725
624,628
624,630
624,633
624,652
625,626
625,627
625,629
626,714
626,737
627,635
628,752
628,793
629,636
629,637
629,638
630,634
630,635
630,637
630,644
631,634
631,728
633,851
634,873
635,639
635,642
635,643
636,640
636,644
636,645
636,655
636,662
637,639
637,640
637,641
637,642
637,643
637,647
637,656
638,639
638,641
638,646
639,648
639,649
639,650
639,651
640,648
640,660
641,655
641,709
643,653
644,654
644,724
645,650
645,656
646,649
646,652
646,681
647,648
648,661
649,692
649,741
649,817
650,657
650,658
650,659
650,663
651,657
651,668
652,657
652,658
652,711
652,729
652,761
653,660
653,662
653,663
654,658
655,659
656,657
656,658
656,828
656,866
657,665
657,666
657,679
657,835
658,816
658,831
658,935
659,664
660,664
660,665
660,668
660,669
661,664
661,665
662,664
662,667
663,827
664,670
664,696
664,713
665,948
666,819
666,947
667,671
667,674
667,676
667,694
668,672
668,673
668,701
669,675
670,677
670,712
670,772
670,862
671,682
672,677
672,678
672,680
672,683
673,677
673,678
673,681
673,694
673,724
673,784
674,679
675,684
675,685
675,761
676,677
676,680
677,919
678,838
679,690
679,710
680,691
680,692
681,692
681,755
681,767
682,686
682,687
683,686
683,688
684,686
685,686
685,689
686,693
686,695
686,697
686,698
686,764
687,701
687,768
688,693
688,699
688,700
688,702
688,704
688,768
689,694
690,857
691,696
692,859
693,715
693,759
693,772
693,798
693,852
695,893
696,705
697,704
698,703
698,706
699,826
699,871
701,703
701,775
702,703
703,731
704,708
704,713
704,737
704,763
705,707
705,708
705,710
706,709
707,711
707,716
708,712
708,714
708,715
708,844
709,711
709,713
710,788
711,718
711,719
712,860
713,962
714,717
714,878
715,727
715,766
716,717
716,720
717,723
717,724
717,883
718,728
719,722
719,840
719,855
720,721
720,725
720,726
720,727
720,729
721,730
721,732
721,733
722,839
722,926
723,757
723,775
723,845
723,885
724,742
725,771
726,982
727,735
727,914
728,731
728,734
729,730
729,731
730,739
731,737
732,738
732,742
733,736
734,739
735,872
735,880
735,896
736,740
736,742
736,744
736,746
737,740
737,741
737,742
737,743
738,740
738,741
738,747
738,777
739,743
739,745
740,750
740,780
740,858
741,748
742,749
742,931
743,752
743,754
744,813
745,751
745,774
746,748
746,749
746,753
747,972
748,758
750,757
750,762
750,799
751,755
751,760
751,765
752,755
752,756
753,761
753,763
753,764
753,842
754,759
754,858
755,769
758,767
758,770
758,773
759,859
761,846
761,858
762,771
762,788
763,976
764,766
764,837
765,766
765,768
765,839
766,775
766,843
767,774
767,776
768,773
768,812
768,909
769,772
769,777
769,815
770,778
770,779
770,834
770,854
770,857
771,772
771,815
771,828
772,812
772,948
772,965
773,784
774,781
774,782
774,783
775,884
776,927
777,779
777,780
778,940
779,789
779,790
780,788
780,810
780,860
781,787
782,785
782,786
783,890
783,905
784,785
784,932
784,971
784,979
785,986
786,792
786,796
787,793
787,795
787,843
788,791
788,816
789,794
789,798
790,797
791,801
791,807
791,859
792,863
792,931
793,804
793,806
794,969
795,803
795,878
796,800
796,802
796,805
797,848
797,861
798,799
799,811
799,864
799,869
800,812
800,857
801,809
802,813
804,810
804,814
804,815
805,816
806,808
806,858
807,992
808,819
808,838
808,859
809,817
809,823
809,826
809,881
810,831
810,833
810,842
811,896
811,943
812,957
813,818
813,822
813,824
813,828
814,820
814,825
815,982
816,821
816,829
816,902
816,903
818,830
818,853
818,915
819,881
819,931
821,838
821,904
822,892
822,914
823,928
824,827
825,828
825,829
825,831
825,866
826,832
826,833
827,834
827,835
827,836
828,837
828,841
830,960
831,839
832,955
833,838
833,887
833,924
834,842
835,840
835,843
835,845
835,846
836,847
836,939
837,844
837,848
838,841
838,898
839,979
840,850
841,892
842,879
842,887
843,854
844,849
844,850
844,851
844,855
845,849
846,853
846,872
847,852
849,860
849,895
849,905
850,859
851,857
852,858
852,931
852,958
854,856
854,869
856,861
856,863
857,868
858,865
858,866
858,925
859,862
859,867
860,864
860,868
861,868
861,877
862,868
862,869
864,944
864,956
864,971
864,996
865,940
865,976
866,905
867,870
868,873
868,888
869,871
869,872
869,878
870,874
870,875
870,876
870,877
871,883
871,943
872,884
873,882
873,907
873,942
873,943
875,946
876,879
876,888
876,905
877,880
877,881
877,885
878,951
878,968
879,893
879,894
880,906
883,907
883,950
884,890
885,886
885,887
885,888
885,889
886,949
887,895
887,898
888,892
888,893
888,896
888,913
889,891
889,892
889,897
889,955
890,891
890,892
890,894
891,921
892,945
892,987
893,906
893,907
893,910
893,931
894,899
894,900
894,902
895,899
895,917
896,901
897,903
897,904
897,905
897,970
899,911
900,912
901,981
902,913
903,910
904,933
904,934
905,909
905,922
906,908
906,960
908,915
908,918
908,963
910,914
910,938
911,916
912,948
913,917
913,919
914,924
914,937
915,924
915,961
916,921
916,922
916,923
917,927
917,931
917,943
918,920
918,925
918,926
919,928
920,962
920,971
921,946
921,987
923,931
923,935
925,929
927,930
928,932
928,933
928,934
931,938
931,940
932,978
933,941
933,978
934,939
934,948
935,936
935,937
936,942
937,946
937,947
938,972
938,990
939,943
940,942
940,944
941,945
941,959
942,949
945,952
946,950
946,951
947,948
947,975
948,953
948,954
949,955
949,962
950,953
950,956
953,958
953,959
953,962
953,964
954,960
954,967
955,957
955,963
956,961
958,971
959,986
960,968
960,969
960,972
961,965
962,966
963,970
964,967
965,973
965,974
965,977
965,980
966,979
969,973
970,975
970,989
971,978
972,976
972,1000
973,985
975,984
975,986
976,982
976,987
977,988
979,981
980,983
981,989
983,991
984,990
984,992
986,991
987,994
988,993
989,996
991,998
993,997
993,999
993,1000
994,995
<end>