<number of tasks>
20
<cycle time>
1000
<order strength>
0.226
<z_alpha>
1.645
<task times>
1 206 1316.8596
2 588 20822.0710
3 425 9858.6737
4 549 7621.1379
5 42 15.7917
6 123 266.1391
7 323 1515.7866
8 335 4336.1154
9 86 217.3542
10 265 981.0317
11 46 20.8534
12 503 12789.0244
13 172 1126.7337
14 34 59.5854
15 232 2474.4852
16 116 98.9935
17 206 1254.4876
18 110 676.0659
19 185 2048.7011
20 247 1143.6439
<precedence relations>
1,8
2,6
3,5
4,7
5,11
7,9
8,10
10,12
11,13
11,14
12,17
12,20
13,16
13,19
14,15
14,18
<end>