<number of tasks>
1000
<cycle time>
1000
<order strength>
0.895
<z_alpha>
1.645
<task times>
1 526 3614.3316
2 532 27051.2554
3 366 13212.7218
4 376 15516.3187
5 611 12322.1552
6 482 10998.8613
7 453 36796.4373
8 479 47611.7930
9 234 4290.1368
10 591 14326.2402
11 385 25777.2504
12 305 3229.6413
13 502 57033.2698
14 435 26858.6837
15 552 31843.0018
16 584 9053.5513
17 491 30460.2477
18 664 11204.8385
19 454 10619.1440
20 702 30.0932
21 477 20151.2183
22 413 4472.8793
23 800 1858.9902
24 460 50047.1589
25 506 56130.9684
26 293 12225.2464
27 605 2779.2545
28 549 10336.0636
29 460 22708.5498
30 492 19833.1103
31 390 26629.1865
32 639 13329.2968
33 389 27525.7871
34 335 24189.1258
35 326 4520.6025
36 373 31397.6971
37 517 24661.9215
38 392 37868.2840
39 386 25617.9746
40 552 38527.8090
41 520 43524.3074
42 668 24953.4406
43 384 13908.0496
44 540 15173.2377
45 432 27654.0551
46 386 4057.3692
47 727 11602.5144
48 437 45055.2176
49 498 41188.2191
50 545 7983.3132
51 506 53914.4563
52 561 47637.6337
53 541 53622.9635
54 509 22504.6293
55 593 33600.1520
56 442 39056.1070
57 331 13034.1805
58 608 39309.1064
59 466 17449.9559
60 479 33282.6543
61 461 28759.1853
62 457 1258.8024
63 534 10268.3583
64 589 21417.4990
65 499 43820.8793
66 539 30935.5427
67 567 18955.5003
68 732 12668.3774
69 536 40921.9725
70 497 18626.2028
71 696 7082.3945
72 413 3751.9733
73 465 46700.1321
74 529 11344.3590
75 542 27604.2029
76 509 9512.1208
77 692 12472.9793
78 366 24255.5920
79 421 10215.5976
80 520 15541.5616
81 248 2679.1362
82 468 48275.5079
83 429 29689.5335
84 343 17785.6507
85 241 12006.3605
86 366 8939.9448
87 630 14621.4747
88 413 86.5666
89 634 8644.7400
90 593 41005.0155
91 520 15116.7460
92 530 14930.2680
93 538 9314.7748
94 351 27367.0209
95 884 2852.6006
96 515 30248.4875
97 450 19347.7045
98 877 41.9240
99 507 54970.0757
100 382 12649.1536
101 434 36361.3466
102 388 9220.5218
103 700 20355.5166
104 420 38754.0083
105 526 847.5873
106 692 23782.2739
107 536 31216.5254
108 491 28474.7133
109 428 27522.0220
110 621 34265.8841
111 398 728.9769
112 626 29716.4930
113 660 6135.4307
114 454 39493.2854
115 485 13641.2373
116 622 6844.0183
117 664 22590.5346
118 356 5070.7043
119 755 7132.1908
120 462 32771.7438
121 441 8644.4063
122 475 14697.8626
123 346 9683.4848
124 645 11759.8459
125 589 19919.6945
126 565 24932.3230
127 548 24798.0824
128 331 12041.1234
129 367 18284.7442
130 517 7131.7311
131 484 57107.3183
132 493 31455.2183
133 529 42831.2600
134 647 240.1818
135 586 29610.3436
136 792 10109.2612
137 723 8100.1844
138 468 9866.4216
139 671 21471.4720
140 409 7395.1123
141 612 36280.0207
142 408 23648.9997
143 675 27423.7867
144 399 7572.6914
145 366 8885.9005
146 580 35033.6709
147 426 44655.4381
148 542 32452.2038
149 486 49407.3041
150 426 32258.1176
151 428 21535.6310
152 456 2274.7911
153 394 8767.4759
154 704 16271.7255
155 733 4302.5733
156 593 12922.7422
157 516 43726.9584
158 745 10341.4187
159 518 25795.3189
160 519 18279.5537
161 444 29650.8804
162 592 3922.5899
163 620 5199.0766
164 675 25274.5453
165 675 24427.7011
166 742 17026.0626
167 504 25056.9834
168 338 2194.7174
169 608 27268.1000
170 297 10205.8708
171 532 17063.0251
172 649 17447.0953
173 643 32308.8464
174 599 28134.5115
175 533 53720.5551
176 525 20949.4352
177 744 15975.3048
178 733 15498.3569
179 422 25140.3299
180 448 40113.5725
181 455 48932.5422
182 619 25700.4813
183 561 21678.4668
184 520 4471.7069
185 688 10691.9144
186 564 38175.0214
187 404 29802.1587
188 817 6183.0556
189 371 14114.1661
190 474 30248.6056
191 757 1031.8533
192 505 56772.4972
193 256 57.9422
194 437 6565.3079
195 324 14265.5684
196 634 25221.0978
197 371 5438.8742
198 475 50533.9772
199 568 41391.1292
200 480 52936.2079
201 526 4330.8787
202 443 38731.1571
203 643 11835.3396
204 586 37354.7773
205 559 48091.9231
206 454 41671.5701
207 299 8413.9905
208 425 1983.8913
209 493 59999.5818
210 399 23993.3260
211 445 17485.0776
212 528 56806.3548
213 430 10230.8115
214 442 37898.5732
215 220 6877.8171
216 497 32228.6001
217 405 30134.3924
218 571 4141.5360
219 373 30241.5784
220 472 38647.1695
221 445 32086.9843
222 565 23120.5589
223 737 7120.1755
224 520 50126.4495
225 656 28781.6513
226 424 10128.6097
227 652 12653.5695
228 305 19736.6115
229 644 10157.2753
230 566 44063.3054
231 609 4116.0206
232 504 12094.5963
233 542 22087.7456
234 527 12338.2676
235 486 1141.2072
236 450 45429.3205
237 486 4484.0599
238 635 23239.4113
239 589 9261.3797
240 619 2282.8895
241 374 34088.1222
242 472 53893.1910
243 523 52083.8836
244 658 7070.1887
245 699 8200.5895
246 742 6172.7867
247 575 4112.9676
248 623 9240.4892
249 413 37262.8717
250 653 13893.7380
251 575 43351.7909
252 468 4672.0537
253 416 29323.7911
254 460 35450.3076
255 400 26325.7043
256 744 3622.6216
257 308 8398.3157
258 679 10319.1798
259 572 33856.0250
260 587 11497.0350
261 302 13935.7359
262 406 29435.1526
263 418 1789.0527
264 691 9773.3665
265 317 10037.1242
266 399 26130.3717
267 705 8275.1743
268 635 32272.2606
269 662 1655.2422
270 464 34551.1373
271 401 24127.4867
272 565 10827.3998
273 334 3874.6087
274 522 5020.1452
275 608 8595.2663
276 442 46536.8115
277 318 23375.0389
278 618 2957.3722
279 428 11675.3301
280 319 12915.0225
281 310 1122.8882
282 504 39197.3539
283 557 43538.0511
284 479 57039.2418
285 468 7763.5623
286 339 27863.2913
287 674 4737.3486
288 459 32280.8692
289 559 24995.0895
290 586 20738.8202
291 437 46664.0095
292 688 5780.2445
293 608 11523.8947
294 451 11713.0076
295 426 1358.2453
296 770 13165.1324
297 522 16400.3478
298 532 7688.7169
299 582 18130.1803
300 700 5617.1070
301 617 14464.2744
302 636 1710.0343
303 692 6014.5095
304 479 35503.4764
305 566 11723.4541
306 355 16164.5950
307 653 14548.8558
308 506 16059.1159
309 547 10438.7317
310 358 29802.6792
311 557 25504.7235
312 620 23835.0534
313 431 14055.9073
314 486 17070.9838
315 446 26241.0993
316 511 43620.1708
317 407 17543.7625
318 529 32183.2104
319 742 13441.4008
320 533 3392.3730
321 545 38803.1820
322 624 5162.9869
323 472 40512.2352
324 596 25967.4844
325 635 9772.8724
326 543 19953.3490
327 706 4946.7108
328 393 19275.8645
329 110 2766.3213
330 412 34079.8635
331 638 419.6439
332 393 7151.8566
333 497 57175.5603
334 550 15275.2597
335 311 13885.3849
336 602 20462.3927
337 530 2269.3850
338 484 23659.3089
339 524 43141.8660
340 585 9259.4963
341 551 6487.1916
342 332 21849.9479
343 546 26930.8919
344 489 47664.5746
345 499 3540.7709
346 445 7660.9961
347 555 1740.5164
348 602 18945.5966
349 645 28940.6529
350 644 24826.4657
351 563 47950.0329
352 408 32715.0057
353 434 30267.6789
354 611 36202.1209
355 579 2106.8841
356 561 37850.9900
357 441 7076.9450
358 399 15646.0464
359 412 18353.9650
360 455 27831.3367
361 478 26614.0711
362 363 14221.0913
363 388 34898.0742
364 440 2326.2797
365 614 25503.7416
366 616 34009.4496
367 491 45436.0824
368 559 37877.6666
369 482 6322.6405
370 534 55420.9672
371 169 2849.5085
372 644 21280.2382
373 507 20885.2374
374 558 5198.1440
375 461 3630.4995
376 593 10604.1394
377 565 40814.6000
378 570 36534.5888
379 432 16660.4656
380 274 6796.5348
381 476 39817.8571
382 562 17012.4053
383 685 9284.0004
384 642 29899.9610
385 517 17013.8249
386 470 42462.3384
387 354 7671.2002
388 805 2697.9057
389 286 659.1518
390 519 43865.7724
391 278 4753.2501
392 358 18488.5345
393 396 714.6586
394 528 34002.0002
395 539 52606.7681
396 564 42622.4575
397 679 22913.7572
398 408 1952.1788
399 737 3893.2927
400 429 20050.8470
401 509 8175.5645
402 452 40658.4628
403 495 41356.9930
404 457 21536.1149
405 383 4232.6365
406 636 30340.7494
407 479 9126.7330
408 443 31225.6275
409 600 724.9168
410 327 22464.8284
411 518 50954.0299
412 430 8303.7008
413 468 51215.4499
414 707 17787.6426
415 599 19031.6119
416 391 14643.7679
417 566 22328.0763
418 638 21018.2298
419 447 33712.0617
420 452 43365.2796
421 390 19029.6633
422 483 14899.3758
423 900 334.4594
424 480 13314.4746
425 616 24943.1901
426 671 10495.6645
427 609 29849.0638
428 479 56920.1772
429 354 27553.3792
430 611 13012.6349
431 613 32308.8286
432 476 16587.8495
433 782 3466.6812
434 443 8419.0819
435 572 36702.5543
436 507 53234.5136
437 603 34902.7029
438 443 7357.4835
439 480 30551.2996
440 698 13518.0381
441 360 16173.3607
442 526 28514.3867
443 207 1388.3787
444 557 29472.8911
445 315 13326.1101
446 429 6520.5560
447 503 5900.5017
448 616 29790.1102
449 440 28541.7902
450 341 5536.2292
451 388 3010.8976
452 644 24376.4853
453 394 461.3476
454 560 21579.6087
455 667 16674.0549
456 516 12540.0730
457 368 5536.0102
458 646 20217.1896
459 429 32226.3931
460 444 10373.7984
461 457 12623.9175
462 472 23111.4985
463 329 25488.3662
464 472 46458.6240
465 347 14137.2052
466 494 11405.0027
467 791 3216.0310
468 446 34146.9357
469 509 21267.5881
470 464 26207.7961
471 461 22130.8331
472 354 1761.4525
473 339 8512.9608
474 400 30098.7011
475 571 16446.3958
476 385 34899.1152
477 494 10245.5513
478 523 53662.2960
479 508 29887.4322
480 559 25877.3817
481 649 12940.9819
482 523 33202.2231
483 592 24469.8623
484 730 1620.4826
485 605 17190.1231
486 437 16968.0629
487 381 24965.4945
488 375 12797.5965
489 475 24305.2132
490 383 20928.3297
491 368 576.2703
492 358 31070.8004
493 568 30391.2441
494 372 28098.1454
495 456 1113.9904
496 697 18918.8085
497 478 34094.5405
498 524 7403.0041
499 435 8141.2875
500 464 16824.2683
501 180 2805.4193
502 639 7503.6761
503 609 4106.4835
504 279 19096.3072
505 449 25055.3333
506 585 28197.9590
507 495 56604.5358
508 576 23679.0540
509 505 21179.4366
510 682 13847.8003
511 586 10291.8669
512 380 30417.7906
513 490 27568.0879
514 352 25390.5020
515 369 24318.8688
516 332 16857.9523
517 468 26524.5613
518 433 46800.1822
519 565 39573.3898
520 520 50632.6686
521 598 29124.0948
522 681 2289.8883
523 350 6031.2461
524 422 19256.1473
525 471 9446.3505
526 531 53655.7755
527 453 25959.2550
528 425 2010.5555
529 575 20150.5402
530 846 3170.5978
531 520 43896.5021
532 360 30884.8142
533 388 3980.5523
534 794 8112.1428
535 339 22699.9055
536 547 21210.5491
537 474 27794.4696
538 331 16548.7621
539 666 626.8319
540 624 36055.6383
541 631 24258.3216
542 541 23908.6582
543 650 3675.0127
544 625 33916.9409
545 433 21211.7045
546 606 34271.2400
547 623 9433.5919
548 587 39484.2628
549 419 527.7573
550 198 6148.5071
551 567 20947.3527
552 451 15443.8520
553 550 24340.4854
554 634 17398.4720
555 366 3428.2881
556 427 5972.3460
557 648 12207.8342
558 489 27414.0150
559 656 6412.8949
560 467 41209.5810
561 513 5618.4970
562 477 38425.4073
563 546 26219.4845
564 368 21051.3506
565 561 27708.4735
566 477 7019.0544
567 667 6286.2975
568 597 22490.1042
569 274 14296.9115
570 482 46162.6620
571 539 19084.4025
572 483 31290.7769
573 390 11371.8637
574 472 3457.2425
575 716 9548.6483
576 494 27539.8762
577 712 18982.3358
578 646 13090.5984
579 593 2600.5674
580 667 19035.5517
581 551 217.7207
582 499 15881.3617
583 498 18128.7326
584 694 7725.1949
585 442 21295.8376
586 691 739.6269
587 461 17400.3269
588 637 11602.6356
589 485 23927.5966
590 483 44338.8505
591 725 18113.2009
592 613 11205.2561
593 464 22219.1637
594 584 16206.8658
595 609 31636.3057
596 478 50174.2326
597 330 26335.6375
598 543 32524.1966
599 698 17706.2634
600 627 28675.1161
601 351 4494.8871
602 623 3530.8285
603 460 51634.7791
604 367 22666.3017
605 626 13814.7449
606 820 8049.4665
607 506 18588.5973
608 498 33743.0036
609 552 51173.3422
610 405 38109.3365
611 487 11639.8958
612 388 22936.0153
613 471 54817.4179
614 444 15076.4316
615 329 19953.5156
616 621 33522.0127
617 606 19769.4379
618 452 31543.2335
619 507 51423.0023
620 509 53806.4492
621 704 11826.5089
622 566 42969.3332
623 675 6451.0684
624 510 21161.9376
625 435 32443.4865
626 496 60326.6213
627 608 15556.7250
628 419 37337.7333
629 607 12458.9158
630 517 28842.3563
631 506 29151.6979
632 388 27538.2506
633 590 41366.9168
634 322 9949.4352
635 445 3033.1778
636 741 8866.8575
637 377 13644.1878
638 646 25520.9011
639 400 37315.8701
640 606 26674.5711
641 413 4423.6861
642 600 35465.0168
643 523 7563.8717
644 407 13684.1770
645 361 24143.1034
646 596 18720.9310
647 596 23284.5099
648 603 9960.4395
649 573 20891.8820
650 390 10759.0448
651 512 9468.5376
652 193 5687.2647
653 523 57023.4991
654 762 873.4485
655 453 44981.5258
656 507 15777.2219
657 601 11574.0422
658 619 25848.6373
659 557 2435.9988
660 338 1065.9749
661 416 43181.7922
662 442 27057.3824
663 562 14478.2406
664 483 42311.5068
665 660 12985.8424
666 538 35328.9132
667 370 26566.9379
668 349 25761.6957
669 509 16509.5786
670 644 30663.2687
671 755 11348.8442
672 538 45377.7085
673 668 15749.8271
674 450 4155.6331
675 662 2991.4529
676 593 2426.2905
677 610 15720.8159
678 606 19832.8976
679 326 12665.9761
680 727 10249.8061
681 663 16389.5376
682 540 51383.0260
683 789 6552.4270
684 538 33079.9421
685 511 50911.9601
686 568 26228.6515
687 509 30221.8518
688 663 15874.0954
689 429 19793.1488
690 412 32088.5319
691 428 34137.0760
692 312 14439.3985
693 451 32768.9252
694 496 42070.6803
695 397 11906.8957
696 243 3130.0143
697 523 38342.1446
698 435 25252.9393
699 469 47378.1925
700 537 22497.8547
701 591 30881.7427
702 663 12219.8692
703 615 21526.7680
704 529 57058.1200
705 694 2505.8308
706 598 3721.1127
707 410 40213.1710
708 423 39739.0806
709 542 18072.3700
710 677 17706.4475
711 395 19819.9713
712 520 25392.7231
713 505 58451.1231
714 370 21035.0564
715 404 32103.0213
716 475 18765.4977
717 594 20139.4945
718 445 24527.6619
719 362 19583.4119
720 509 30419.6105
721 678 1016.8177
722 452 4331.1079
723 410 10929.1827
724 558 13328.1400
725 678 25875.1413
726 564 45485.2360
727 367 31922.6031
728 224 10080.0975
729 514 32065.8328
730 418 25217.3779
731 436 12287.2676
732 428 11956.3357
733 711 19278.2723
734 357 9221.8095
735 687 17303.8578
736 582 38449.8884
737 532 53398.9914
738 506 57663.5376
739 427 35191.4227
740 602 13035.2423
741 613 7024.2699
742 437 11241.2114
743 589 38214.3018
744 540 16991.5328
745 634 24508.1607
746 424 40924.1970
747 525 45117.5126
748 497 32201.6421
749 464 45757.0031
750 518 19554.4247
751 462 9011.5958
752 387 8178.8360
753 593 18613.9519
754 352 20833.0715
755 534 24591.6812
756 511 15412.1940
757 546 2853.6027
758 388 35098.9795
759 490 54296.7771
760 723 11641.6833
761 519 21881.7117
762 713 15420.9053
763 613 25603.1220
764 520 16060.7772
765 463 21771.7474
766 456 1156.7121
767 449 10215.1555
768 589 26516.5312
769 430 15349.4207
770 597 11525.8035
771 614 15937.3900
772 421 33117.5806
773 335 23184.5831
774 425 18063.1402
775 493 6524.1718
776 384 30591.3949
777 611 1496.7537
778 450 36951.6906
779 350 18339.2823
780 555 21354.0306
781 618 23619.6989
782 354 3988.1549
783 618 28624.2789
784 339 17136.2161
785 466 47317.0226
786 397 5156.2747
787 538 53574.3958
788 505 5921.2481
789 434 7169.4613
790 392 1157.9859
791 507 28370.0477
792 539 49358.3567
793 475 19129.9412
794 669 20521.3633
795 406 310.9045
796 509 4062.3102
797 587 2591.2723
798 533 48124.0571
799 350 30192.9992
800 382 10522.4683
801 536 18031.6664
802 440 23183.5905
803 465 40207.4976
804 495 41331.3789
805 663 27634.9889
806 422 9973.8186
807 490 20562.4803
808 343 22607.0684
809 748 877.8637
810 285 19090.6209
811 577 26803.9315
812 533 44041.5420
813 488 32224.5966
814 506 55793.3987
815 561 16747.8576
816 612 29222.3076
817 590 35551.2726
818 425 12876.6383
819 582 11571.8107
820 424 17740.6717
821 415 36895.4982
822 403 37152.4285
823 384 34882.9891
824 594 34792.1037
825 659 17937.0915
826 346 12938.4720
827 361 30113.7679
828 451 49749.7689
829 392 12822.4308
830 489 36417.7092
831 417 36204.2603
832 475 7609.7953
833 508 26614.7911
834 628 24192.9220
835 676 1840.1493
836 635 18170.8312
837 581 8137.1890
838 552 4404.1283
839 407 25496.0924
840 516 7786.1012
841 333 7585.0135
842 491 52593.4655
843 684 8417.0300
844 427 34000.9991
845 417 5941.9428
846 549 9242.3072
847 390 7793.5540
848 440 3820.1587
849 582 27764.1381
850 531 38080.7139
851 532 51267.4605
852 511 60008.0813
853 370 1756.4278
854 251 2908.5246
855 398 30757.2242
856 433 23410.2503
857 674 11507.5046
858 745 4754.1036
859 405 25104.7414
860 347 5281.0199
861 607 10054.4924
862 602 35500.1487
863 563 41041.8314
864 558 6832.7313
865 645 29970.9067
866 443 1957.6162
867 565 13622.6411
868 392 17929.1874
869 323 3975.7522
870 314 10625.4913
871 491 48055.1142
872 442 10936.1945
873 443 36153.4312
874 588 7843.5510
875 533 36863.9812
876 451 50820.8818
877 531 16016.2861
878 300 14410.1718
879 459 33425.3122
880 394 23911.1800
881 362 2834.3698
882 425 4234.3569
883 452 39626.6860
884 339 13643.2407
885 516 27668.4434
886 599 409.8494
887 563 35447.1164
888 556 2323.6115
889 467 49796.4883
890 569 40736.5486
891 329 22507.9130
892 458 12046.5226
893 521 1943.4673
894 486 33577.5919
895 670 24616.0064
896 478 2958.0188
897 570 16328.7052
898 347 11397.7301
899 422 24674.5915
900 422 34127.8590
901 311 12566.7584
902 482 6692.1035
903 819 3359.5693
904 260 14868.6955
905 473 10223.1556
906 542 49125.3070
907 534 40369.7138
908 400 12632.5736
909 496 42094.2991
910 448 49224.0924
911 504 4613.8801
912 324 17183.7716
913 806 2227.7339
914 545 38919.9068
915 567 38372.1390
916 491 53756.3656
917 680 20593.1763
918 408 35300.3273
919 476 45987.4817
920 414 34858.8514
921 597 32348.6673
922 545 956.3107
923 584 22335.6277
924 523 14806.6599
925 245 4028.9964
926 540 46719.8215
927 524 45899.1401
928 414 6913.2459
929 477 32624.3588
930 392 14025.3570
931 324 20907.2733
932 606 10790.9224
933 536 50539.5127
934 572 14464.6608
935 438 36476.8062
936 761 2964.2240
937 373 21311.6169
938 455 21524.6142
939 612 16111.0946
940 488 29144.4105
941 642 26355.2623
942 504 33406.6675
943 429 26885.9481
944 578 38115.2118
945 481 39641.4650
946 451 38558.7959
947 592 26593.4042
948 468 39597.3991
949 572 32839.5470
950 660 18800.9351
951 641 25615.2583
952 470 4896.5723
953 623 29512.5524
954 484 14847.7677
955 534 9991.1460
956 494 17639.0757
957 530 43352.3227
958 393 19399.0693
959 515 43182.9268
960 621 2436.3624
961 729 3081.7965
962 491 13239.4754
963 558 37240.0833
964 594 14287.8847
965 442 44447.6042
966 723 14696.1311
967 382 32057.0438
968 403 12358.0476
969 564 42294.6381
970 565 6363.5184
971 520 2289.0799
972 627 12496.0857
973 436 33613.1374
974 471 5565.0424
975 433 743.1978
976 613 23833.6829
977 669 11138.4573
978 383 3665.8458
979 480 4288.2619
980 606 13052.2125
981 689 246.4677
982 334 2712.7634
983 381 14251.3241
984 597 23377.3724
985 392 24448.0045
986 403 34186.4073
987 247 1111.4105
988 413 32120.3369
989 327 1016.0391
990 418 42716.2887
991 699 2645.6423
992 700 1158.4495
993 467 25148.5173
994 403 40136.1123
995 411 41572.1321
996 513 52463.6437
997 583 38947.3537
998 536 38463.4771
999 320 19033.5206
1000 500 61172.5742
<precedence relations>
1,14
1,16
2,444
3,10
4,13
4,17
5,8
5,9
5,10
5,11
5,17
6,8
6,9
6,10
6,11
6,12
6,13
6,14
6,15
6,16
6,17
7,8
7,9
7,10
7,11
7,12
7,13
7,14
7,15
7,16
7,17
8,18
8,19
8,20
8,21
8,22
8,23
8,24
9,18
9,19
9,20
9,21
9,22
10,18
10,19
10,20
10,21
10,22
10,23
11,18
11,19
11,20
12,18
12,24
12,30
13,18
13,54
14,19
14,23
15,18
15,19
15,20
15,21
15,22
16,18
16,19
16,20
16,21
16,22
16,23
16,24
17,18
17,29
17,32
18,932
18,938
19,54
19,62
19,63
19,64
20,25
20,28
20,29
21,25
21,26
21,27
21,28
21,29
22,25
22,26
22,30
23,26
23,30
24,25
24,26
24,27
24,39
25,31
25,32
25,33
25,34
25,37
26,31
26,32
26,33
26,34
26,35
26,36
26,37
26,38
27,31
27,32
27,33
27,34
27,35
27,38
28,31
28,32
28,33
28,34
28,35
28,45
29,31
29,33
29,35
29,39
29,45
30,31
30,32
30,33
30,39
31,46
31,48
32,40
32,41
32,42
32,43
33,198
34,42
34,47
34,48
35,40
35,41
35,42
35,43
35,44
35,46
36,40
36,41
36,42
36,44
36,47
36,48
37,40
37,41
37,42
37,43
37,44
37,45
37,46
37,47
37,48
38,40
38,41
38,42
38,43
38,44
38,45
38,48
39,40
39,41
39,46
39,47
39,48
40,49
40,50
40,51
40,52
41,49
41,50
41,51
41,52
42,49
42,50
42,51
42,52
43,49
43,50
43,51
43,52
44,49
44,50
44,51
44,52
45,49
45,50
45,51
45,52
46,49
46,50
46,51
46,52
47,49
47,50
47,51
47,52
48,49
48,50
48,51
48,52
49,53
49,54
49,55
49,56
49,57
49,58
49,59
50,53
50,54
50,55
50,56
50,57
50,58
50,59
51,53
51,54
51,55
51,56
51,57
51,58
51,59
52,53
52,56
53,60
53,61
53,62
53,63
53,65
54,60
54,61
54,65
55,60
55,61
55,70
56,60
56,63
56,64
56,72
57,60
57,61
57,62
58,312
59,60
59,61
59,62
59,70
60,66
60,67
60,68
60,69
60,71
60,73
61,66
61,72
61,80
62,66
62,67
62,71
62,79
62,80
63,66
63,67
63,68
63,69
63,73
63,79
64,66
64,73
64,80
65,66
65,70
65,80
66,74
66,75
66,77
66,81
66,87
66,89
66,91
67,74
67,75
67,76
67,91
68,74
68,77
69,74
69,75
69,76
69,77
69,78
69,80
69,89
70,74
70,75
70,76
71,74
71,75
71,76
71,77
71,78
71,81
71,89
72,79
72,91
73,74
73,75
73,76
73,77
74,88
75,82
75,83
75,84
75,85
75,86
75,90
76,82
76,83
76,84
76,85
76,87
77,86
78,82
78,83
78,84
78,85
78,91
79,82
79,83
79,84
79,89
80,82
80,83
80,84
80,91
81,82
81,83
81,84
81,85
81,86
82,92
82,93
82,94
82,105
83,92
83,93
83,94
83,95
83,96
83,97
83,98
83,99
84,92
84,93
84,94
84,95
84,96
84,97
85,92
85,96
86,97
86,99
86,105
86,107
87,92
87,105
88,92
88,93
88,94
88,95
89,92
89,93
89,98
89,104
90,92
90,93
90,94
91,92
92,100
92,101
92,106
92,107
93,103
94,100
94,101
94,102
95,100
95,101
95,102
95,103
95,104
95,105
95,106
95,107
96,100
96,101
96,102
96,104
96,107
97,106
98,100
98,101
98,102
98,103
98,105
98,106
98,107
99,100
99,101
99,102
99,103
100,108
100,109
100,110
100,113
100,114
101,108
101,109
101,110
101,111
101,112
101,113
101,114
102,108
102,109
102,110
102,111
103,108
103,109
103,110
103,112
103,113
103,114
104,332
104,359
105,108
105,109
105,110
105,111
105,112
105,113
105,114
106,108
106,109
106,110
106,112
106,114
107,108
107,109
107,113
108,119
108,120
109,115
109,116
109,117
109,118
109,119
109,120
109,121
110,115
110,116
110,117
110,118
110,119
110,120
110,121
111,115
111,116
111,117
111,118
111,119
111,120
111,121
112,115
112,116
112,117
112,118
112,119
113,115
113,116
113,117
113,118
113,119
113,120
113,121
114,115
115,122
115,123
115,124
115,131
116,122
116,123
116,124
116,125
116,131
117,122
117,123
117,124
117,125
117,126
117,129
117,131
118,124
118,127
119,122
119,123
119,124
119,125
119,126
119,127
119,128
119,129
119,130
119,131
120,122
120,123
120,128
120,130
121,122
121,123
121,126
122,132
122,133
122,134
122,152
123,132
123,133
123,137
124,132
124,133
124,134
124,135
124,136
124,137
124,138
125,132
125,133
125,134
125,135
125,136
125,137
126,132
126,133
126,134
126,135
126,136
126,138
127,132
127,154
128,132
128,133
128,134
128,135
129,132
129,138
130,132
130,133
130,154
131,132
131,133
131,134
132,140
133,141
133,143
134,139
134,140
135,139
135,140
135,141
135,142
135,143
135,151
136,139
136,140
136,141
136,144
136,145
136,152
137,139
137,140
137,141
137,142
137,145
137,151
138,139
138,142
138,151
139,146
139,153
139,154
140,146
140,147
140,148
140,149
140,150
141,146
142,146
142,147
142,152
142,154
143,146
143,147
143,148
143,149
143,150
144,147
144,151
144,165
145,146
145,147
145,148
145,149
146,155
146,156
146,157
146,158
146,159
146,160
147,158
148,155
148,156
148,157
148,160
149,155
149,156
149,157
149,166
150,155
150,156
150,166
151,155
151,166
152,155
153,155
153,156
153,157
153,158
153,159
153,160
154,155
154,156
154,157
155,161
155,162
155,163
155,164
156,161
157,161
157,162
157,165
157,173
158,161
158,162
158,163
158,164
158,166
159,161
159,162
159,163
159,164
159,165
159,166
160,161
160,162
160,163
160,164
160,165
160,166
161,167
161,168
162,167
162,170
162,176
163,167
163,169
163,173
164,167
164,168
164,169
164,171
164,172
165,231
166,167
166,168
166,185
167,177
167,178
168,174
169,225
170,174
170,175
170,183
170,186
171,174
171,175
171,176
171,177
171,178
172,174
172,175
172,176
172,177
172,178
173,174
173,175
173,186
174,179
174,180
174,181
174,184
175,179
175,182
175,185
175,192
176,179
176,180
176,181
176,182
176,183
176,184
176,185
176,186
177,179
177,180
177,181
177,183
178,179
178,180
178,181
178,186
179,187
179,188
179,189
179,193
179,194
180,187
180,188
180,192
181,212
182,187
182,188
182,189
182,190
182,191
182,193
182,194
183,187
183,188
183,189
183,193
183,194
184,193
185,187
185,189
185,191
185,193
185,198
186,187
186,188
186,189
186,190
186,191
186,194
187,195
187,196
188,195
188,196
188,197
188,198
188,199
189,195
189,196
189,199
190,195
190,196
190,197
190,199
191,195
191,196
191,197
192,195
192,196
192,199
193,195
194,195
195,203
195,211
196,200
196,201
196,202
196,203
196,204
196,205
197,200
197,201
197,202
197,203
197,204
197,205
198,200
198,201
198,202
198,205
199,200
199,201
200,206
200,207
200,208
200,209
200,210
201,206
201,209
202,206
202,207
202,211
202,216
203,206
203,207
203,208
204,206
204,207
204,208
204,209
205,206
205,207
205,209
205,211
206,212
206,213
206,214
206,217
206,218
207,212
207,213
207,229
208,212
208,213
208,214
208,215
208,216
209,216
209,217
209,218
209,223
210,212
210,213
210,214
210,215
210,216
210,217
210,218
211,212
211,213
211,214
211,215
212,219
212,222
213,223
214,219
214,220
214,221
214,222
214,223
214,224
215,219
215,220
215,221
215,224
216,219
216,220
216,221
216,222
216,224
217,283
218,219
218,220
218,221
218,224
219,225
219,230
219,231
220,225
220,226
220,227
220,228
220,229
220,230
221,225
221,226
221,227
221,228
221,231
222,225
222,226
222,230
223,226
224,225
224,226
224,227
224,228
225,232
225,233
225,234
225,235
225,236
225,237
225,238
225,239
226,232
226,233
226,234
226,235
226,238
226,244
227,232
227,233
227,234
227,235
227,237
228,297
229,232
229,233
229,234
229,235
230,232
230,236
230,239
231,235
231,261
232,241
232,245
232,246
232,248
232,249
233,257
233,270
233,271
234,882
235,413
235,693
236,291
236,296
236,297
237,240
237,241
237,242
237,244
237,245
237,246
238,240
238,242
238,246
239,240
239,241
239,243
239,244
240,247
240,248
240,249
241,250
241,252
241,253
242,247
243,247
243,248
244,247
244,248
244,249
245,247
245,251
246,385
247,339
247,361
248,254
248,255
248,256
249,285
250,254
250,255
251,254
252,254
252,256
253,254
253,255
253,256
254,257
254,258
254,259
254,260
254,261
254,262
254,263
254,264
254,265
255,257
255,258
255,259
255,260
255,263
256,260
256,261
256,263
256,264
256,265
257,266
257,268
258,279
258,285
258,287
259,266
259,267
259,268
259,269
259,271
260,266
260,267
260,270
260,271
261,266
261,267
261,268
261,269
261,270
261,271
262,266
262,267
262,268
262,269
262,270
262,271
263,266
263,267
263,268
263,269
263,270
264,266
264,267
264,268
264,269
264,270
264,271
265,266
265,267
265,268
265,269
265,270
265,271
266,272
266,273
266,274
266,275
266,276
267,272
267,273
267,274
267,275
267,276
268,272
268,273
268,274
268,275
268,276
269,272
269,273
269,274
269,275
269,276
270,272
270,273
270,274
270,275
270,276
271,272
271,273
271,274
271,275
271,276
272,277
272,278
272,279
272,280
273,277
273,278
273,279
273,280
274,277
274,278
274,279
274,280
275,277
275,278
275,279
275,280
276,277
276,278
276,279
276,280
277,283
277,287
277,288
278,281
278,282
278,283
278,285
278,286
278,288
279,281
279,282
279,286
279,288
280,281
280,282
280,283
280,284
280,285
280,286
281,374
282,289
282,290
283,289
283,290
284,289
284,291
284,292
285,289
285,290
286,289
286,290
286,291
286,292
287,289
288,289
288,290
288,291
289,293
289,294
289,295
290,293
290,294
290,295
290,296
290,297
290,298
290,299
291,293
291,294
291,295
291,298
291,299
292,293
292,294
292,295
292,297
293,305
293,306
293,307
293,308
294,300
294,301
294,304
295,300
295,301
295,302
296,300
296,306
296,308
297,300
297,301
297,302
298,307
299,300
299,301
299,303
299,313
300,309
300,310
300,311
300,312
301,563
301,567
302,309
303,309
303,312
303,318
303,320
304,309
304,310
304,311
304,312
304,313
305,309
305,310
305,311
305,312
305,313
306,309
306,310
306,311
307,309
307,320
308,309
308,310
308,311
308,312
308,313
309,314
309,316
309,319
309,321
310,314
310,315
310,316
310,320
310,321
311,314
311,315
311,317
311,318
312,405
313,314
314,322
314,323
315,322
315,323
315,324
315,325
315,326
315,327
315,328
316,322
316,323
316,324
316,325
316,326
316,327
316,328
317,322
317,323
317,324
317,325
317,326
317,327
317,328
318,322
319,553
320,363
320,384
320,385
321,322
321,323
322,329
322,330
322,331
322,332
322,358
322,359
323,329
323,330
324,329
324,330
324,331
324,359
325,329
325,330
325,335
325,336
326,329
326,331
326,336
326,359
327,329
327,330
327,331
327,332
327,333
327,334
327,335
327,346
328,329
328,330
328,331
328,332
328,333
328,334
329,337
329,338
329,339
329,340
329,341
330,337
330,338
330,353
331,337
331,338
331,339
331,345
331,347
332,337
332,338
332,339
332,340
332,341
332,344
332,348
332,361
333,337
333,338
333,504
333,519
334,337
334,338
334,340
334,342
334,451
334,452
335,337
335,343
336,338
336,346
336,360
336,361
337,349
338,498
338,499
339,349
339,350
339,351
340,349
340,601
341,350
342,349
342,434
342,438
343,349
343,350
343,352
343,353
343,354
344,380
344,391
345,349
345,350
345,351
346,349
346,350
347,349
347,584
348,349
348,588
349,439
349,589
349,595
350,355
350,356
351,360
351,372
352,358
352,359
352,370
353,355
353,356
353,357
353,361
354,356
354,357
355,362
355,363
355,364
355,365
355,366
355,367
356,362
356,385
357,366
358,598
359,780
360,365
361,362
361,363
361,364
361,365
361,367
362,368
362,369
362,372
363,368
363,370
364,368
364,369
364,370
364,380
364,382
364,383
364,384
364,385
365,368
365,369
365,385
366,368
366,369
366,370
366,371
366,382
366,383
367,368
367,369
367,373
368,374
368,375
368,376
368,377
368,378
369,573
370,377
370,381
371,374
371,375
371,379
371,384
371,385
372,374
372,375
372,376
372,377
372,382
372,383
373,380
374,391
375,389
375,390
375,399
375,403
376,386
377,386
377,387
377,388
378,386
379,386
379,387
379,388
379,389
380,386
380,387
381,386
381,387
381,388
381,389
381,390
381,391
382,386
382,387
382,391
383,386
383,387
383,391
384,386
384,387
384,388
385,386
385,387
385,391
386,392
386,393
386,394
386,395
386,396
386,397
386,398
386,399
387,392
387,393
387,394
387,395
387,397
388,392
388,393
388,394
389,392
389,393
389,395
390,392
390,393
390,394
390,395
390,396
390,398
391,392
391,393
391,399
392,402
393,400
393,401
393,402
393,405
394,400
394,428
394,432
395,400
395,401
395,404
395,405
396,400
397,403
397,551
398,404
398,578
398,614
398,615
399,400
399,401
400,408
400,412
400,433
401,406
401,407
401,408
401,409
401,411
402,406
402,409
403,406
403,635
404,418
404,770
404,805
404,807
405,406
405,410
406,413
406,618
406,641
407,413
407,425
408,417
408,418
409,413
409,414
409,415
409,416
409,417
410,413
410,414
410,415
410,416
410,417
411,413
411,419
412,483
412,599
413,833
414,423
415,420
415,421
415,423
415,427
415,428
415,433
416,420
416,421
416,422
416,423
417,420
418,760
419,421
419,422
420,429
420,430
420,431
420,440
421,424
421,425
421,426
421,432
422,426
422,427
422,428
422,433
423,424
424,434
424,435
425,434
425,435
425,436
425,437
425,440
426,434
426,435
426,436
426,437
426,440
427,434
428,434
428,435
428,436
428,445
429,434
429,435
429,436
429,437
429,438
429,439
430,434
430,435
430,452
431,434
431,435
432,438
432,440
433,434
433,435
434,444
434,465
435,441
435,442
435,443
436,443
436,452
437,441
437,442
437,445
437,446
438,441
438,442
438,443
439,596
439,610
440,441
441,449
441,453
442,695
442,773
443,447
443,453
444,468
445,447
445,448
445,449
446,447
446,450
446,451
446,452
447,454
447,455
447,456
447,457
447,458
447,460
448,454
448,455
449,454
449,455
449,456
449,458
450,454
450,455
450,456
450,457
450,458
450,459
450,460
451,454
451,455
451,457
452,564
453,459
454,466
454,467
454,471
455,461
455,462
455,463
455,468
455,472
456,476
457,461
457,465
457,468
458,461
458,462
458,463
458,464
458,465
458,472
459,461
459,463
460,548
460,580
461,471
462,469
463,469
463,470
463,471
464,469
464,477
464,478
465,469
465,470
466,469
466,478
467,469
467,470
467,472
468,469
468,476
468,477
468,478
469,473
469,474
469,475
470,473
470,476
471,473
471,474
471,475
471,476
471,477
471,478
472,473
472,474
472,478
473,479
473,480
473,481
473,482
473,483
474,482
474,483
475,602
475,744
476,479
477,479
477,480
477,481
478,479
478,480
479,484
479,485
479,486
480,484
480,485
480,486
481,484
482,486
483,592
483,602
483,603
484,488
484,491
484,492
484,520
485,487
485,489
486,487
486,488
486,489
486,490
486,493
486,494
487,501
488,495
488,497
489,495
489,498
489,499
490,495
490,500
491,495
491,496
491,497
492,495
492,496
493,495
493,496
494,495
494,496
494,497
495,614
496,502
496,503
496,504
496,505
496,506
497,516
498,528
499,502
499,507
499,508
499,523
500,502
500,503
500,509
500,520
501,502
501,503
502,514
503,510
504,511
505,759
506,510
506,511
506,513
506,522
507,643
507,659
508,510
508,511
508,512
509,510
509,511
509,523
510,515
510,516
510,517
511,515
511,516
511,517
511,518
512,520
513,515
513,519
513,523
514,515
514,516
514,521
514,522
515,524
515,525
516,524
517,797
517,916
518,526
519,562
520,524
520,561
521,524
521,525
521,526
522,524
522,525
522,526
523,524
523,525
524,527
524,528
524,529
524,531
524,568
525,528
525,530
525,532
525,533
526,527
526,529
526,534
527,535
527,544
528,535
528,608
529,535
529,536
529,540
530,535
530,691
531,536
531,563
532,539
533,535
533,538
533,541
533,555
533,580
534,535
534,537
535,844
535,846
535,898
535,935
536,543
536,545
536,585
537,543
537,544
538,547
539,542
539,543
539,546
541,542
541,708
541,723
542,709
543,550
543,553
544,548
544,549
544,550
544,551
544,552
544,555
545,731
545,824
545,925
546,554
547,548
547,549
547,552
548,556
548,557
549,556
550,559
550,589
551,558
551,560
552,570
552,641
552,714
553,584
554,556
554,557
554,559
554,560
554,561
555,556
555,557
556,562
556,563
556,565
556,566
556,567
557,562
557,563
557,564
558,562
558,563
558,564
559,562
560,562
560,563
561,568
562,569
562,570
563,570
563,766
564,572
564,573
564,574
564,583
564,585
564,589
565,571
565,630
565,659
566,631
566,699
566,707
567,569
568,569
568,570
568,574
568,575
569,576
569,577
569,578
569,579
570,646
570,723
570,757
571,693
572,576
573,576
573,577
574,576
574,577
574,578
575,580
576,584
576,586
577,590
578,581
578,587
578,588
579,581
579,582
579,583
579,584
580,581
580,582
580,583
580,585
580,589
581,621
582,591
582,592
583,591
583,592
583,599
583,603
584,591
584,592
584,593
584,594
585,594
585,600
586,591
586,708
587,990
588,612
589,811
589,814
590,595
591,602
591,749
592,596
592,597
592,598
592,600
592,601
593,599
594,596
594,597
594,603
595,596
595,597
595,598
595,599
595,600
595,602
595,603
596,604
596,605
596,611
597,607
597,608
598,604
598,606
599,604
599,605
599,606
599,608
600,604
600,605
600,606
600,607
600,608
601,604
601,605
602,650
602,765
603,644
603,707
604,612
604,613
605,609
605,614
605,615
606,609
606,610
606,611
606,612
607,609
607,610
607,611
607,612
608,611
608,614
609,825
609,841
610,620
611,618
611,619
611,632
611,633
612,616
612,617
612,618
612,619
612,620
613,616
613,617
613,618
614,617
615,616
615,617
615,618
615,619
615,620
616,621
616,622
616,626
616,627
617,622
617,625
618,621
618,622
618,624
619,621
619,623
620,621
620,622
620,623
620,624
620,625
621,628
622,637
623,630
623,635
624,628
624,629
624,630
624,634
625,628
625,629
625,632
625,633
626,634
626,656
627,631
627,677
627,768
628,642
629,640
629,644
629,647
630,636
630,637
630,638
630,643
631,636
631,638
631,641
631,769
632,636
632,641
633,683
633,815
633,822
634,639
635,636
635,637
635,638
636,646
636,746
637,645
637,646
637,647
637,648
638,776
639,645
639,646
639,649
640,705
640,707
641,694
641,744
642,649
642,650
643,647
644,705
644,841
644,915
645,655
645,770
646,651
646,652
646,657
646,700
646,737
646,792
646,808
647,651
647,652
647,653
647,654
647,655
647,656
647,662
648,656
649,651
649,653
649,658
650,659
650,713
650,834
651,660
652,732
652,821
653,663
653,665
654,822
655,664
656,660
656,661
656,700
657,660
657,662
657,779
658,983
659,703
659,788
659,838
660,667
661,666
661,668
662,666
662,787
663,666
663,669
664,670
665,666
665,762
665,788
666,824
667,730
667,762
668,671
668,674
668,676
669,671
669,672
669,673
669,674
669,675
670,673
671,683
672,679
672,727
673,678
674,677
674,678
674,712
674,714
674,715
675,677
675,687
676,717
676,809
677,685
677,689
677,774
678,680
678,681
678,686
678,687
678,688
678,772
678,775
679,680
679,682
679,683
679,684
679,690
680,691
681,732
681,838
681,921
683,696
684,691
685,691
685,695
686,694
686,766
686,812
687,697
687,704
688,846
688,892
688,897
688,913
690,692
690,693
691,704
691,710
692,698
692,699
692,700
692,701
692,703
692,705
692,706
693,702
694,904
695,707
696,753
696,838
697,698
697,726
697,735
697,737
698,709
698,905
699,708
699,710
699,715
700,799
701,811
701,879
702,708
703,712
703,746
703,750
703,769
704,713
705,814
705,831
706,714
707,711
707,760
708,716
708,764
709,954
710,718
710,786
711,720
711,721
712,789
712,859
713,716
713,717
713,793
713,805
714,719
714,722
715,923
716,724
717,728
717,807
717,882
717,889
718,723
719,725
719,729
720,727
720,868
721,730
722,723
722,726
722,765
723,731
723,732
723,734
723,737
724,731
724,810
724,818
724,892
725,731
725,735
725,736
726,732
726,759
727,731
727,732
727,733
728,816
729,731
729,894
730,788
732,761
732,847
733,844
734,773
735,962
736,738
736,739
736,740
737,910
737,937
738,742
738,743
739,741
739,742
739,743
739,744
739,745
739,746
740,743
740,746
740,747
741,748
741,749
741,750
741,751
741,752
742,751
743,788
744,748
745,752
746,758
746,866
746,868
746,901
747,748
747,749
748,755
748,758
748,774
749,753
749,759
750,961
751,756
752,753
752,754
752,757
752,795
753,820
754,761
754,763
755,760
755,762
755,778
756,760
757,760
757,761
757,765
757,807
758,952
758,1000
759,764
760,767
761,878
762,770
762,802
763,769
763,824
764,766
764,768
765,902
765,904
767,771
767,772
767,775
767,790
768,771
768,773
768,774
769,804
769,850
770,801
770,832
771,777
771,781
771,859
772,808
772,813
773,776
773,777
774,776
774,778
774,779
774,780
774,782
775,777
775,890
776,783
776,784
776,785
776,788
777,804
778,783
778,941
779,814
780,787
781,786
781,789
782,856
782,872
784,792
785,791
786,958
787,790
788,789
788,807
788,819
789,793
789,794
789,797
789,798
790,800
790,824
790,833
791,793
791,795
791,796
791,799
792,793
792,809
793,802
793,879
793,920
793,931
794,802
794,803
794,804
794,806
794,921
795,803
795,805
795,869
796,808
798,801
798,857
799,801
799,807
800,809
800,917
801,815
802,810
803,824
804,811
804,814
804,816
804,948
805,825
805,848
805,890
806,810
806,816
806,825
806,935
807,835
807,939
807,951
808,812
808,842
809,813
810,854
810,994
811,817
812,819
812,821
813,818
813,894
813,930
814,860
815,820
815,876
816,817
816,915
817,841
817,881
818,823
818,841
819,822
819,827
820,824
820,825
820,845
820,886
821,822
821,826
823,828
823,832
823,876
823,903
824,831
824,918
824,927
825,831
826,829
827,830
827,833
828,854
829,834
829,840
830,994
830,996
831,836
832,835
832,838
832,996
833,837
833,839
834,885
836,840
836,842
836,843
836,844
836,903
837,841
837,845
837,846
838,899
838,957
839,912
839,927
839,949
840,912
841,847
841,852
842,984
844,853
845,848
845,851
846,849
846,850
846,870
847,860
847,861
848,858
848,906
848,909
849,859
849,965
850,856
850,857
850,923
851,855
852,854
855,864
855,865
856,976
857,940
858,862
860,863
860,866
862,867
862,870
862,915
863,867
863,888
864,873
865,868
865,871
865,874
866,869
866,872
866,875
866,956
867,895
867,949
868,877
868,880
869,967
870,877
870,878
870,955
873,879
873,881
874,912
875,876
876,886
878,888
878,999
879,991
880,882
880,884
880,885
881,883
881,887
881,922
882,890
883,891
883,937
884,889
884,908
884,981
885,892
886,916
887,896
888,893
890,894
890,896
890,897
890,898
890,899
890,902
891,895
892,900
892,929
892,944
893,901
894,903
894,904
894,910
895,912
897,905
897,923
897,967
898,907
898,908
898,909
902,906
902,910
903,936
903,993
904,916
905,911
905,912
905,918
906,911
906,914
908,913
908,915
908,940
909,915
909,920
910,962
912,920
913,917
914,921
914,944
915,931
915,933
915,945
916,918
916,919
916,922
917,984
919,923
919,924
919,925
919,926
920,947
921,927
923,929
924,931
925,958
925,961
925,969
926,934
927,928
927,930
927,932
927,933
928,939
928,976
929,936
929,937
929,940
930,935
934,938
936,943
936,945
937,947
938,941
938,944
938,946
938,949
938,950
938,951
938,995
939,942
939,948
940,958
941,1000
944,953
946,952
947,954
948,956
948,987
949,955
949,971
950,966
950,976
953,960
954,957
954,958
954,959
955,957
957,961
957,963
957,968
958,964
958,965
959,962
959,1000
960,966
960,967
960,982
961,974
962,969
962,972
962,977
963,976
964,970
964,971
965,973
968,975
969,978
970,984
973,977
973,979
973,982
974,985
975,980
976,981
978,985
979,984
979,986
982,983
984,989
984,990
984,991
985,988
986,987
986,992
987,999
987,1000
988,998
990,993
991,994
991,995
991,996
991,997
<end>