<number of tasks>
100
<cycle time>
1000
<order strength>
0.595
<z_alpha>
1.280
<task times>
1 671 24538.2491
2 430 3010.2378
3 429 9392.8691
4 619 17723.5142
5 381 8960.2991
6 506 14147.5058
7 384 5122.3512
8 296 1270.7567
9 581 18036.0052
10 539 3836.3623
11 663 24920.3107
12 412 6399.1633
13 472 2770.1771
14 652 9551.3476
15 531 7441.4750
16 691 5045.3558
17 407 9809.3047
18 438 5210.9822
19 641 15254.0266
20 288 2145.1791
21 443 9478.2291
22 429 5243.0931
23 598 8138.6117
24 507 9745.8612
25 322 5585.3266
26 535 14433.6831
27 393 4298.9385
28 597 4138.7254
29 431 6023.6737
30 441 11462.1080
31 547 13389.2593
32 484 12229.2791
33 461 1021.7004
34 564 12786.4871
35 512 12955.9804
36 538 10218.3437
37 505 10867.2946
38 591 21326.3388
39 589 21319.7936
40 458 5175.7163
41 156 564.8736
42 325 1528.2414
43 521 16060.9672
44 364 6406.8407
45 582 12914.7810
46 623 15244.2062
47 376 3065.9443
48 482 3847.6332
49 448 10477.8927
50 343 6709.7896
51 608 21403.1700
52 521 8429.8605
53 455 7402.7450
54 347 2915.8526
55 460 1401.0270
56 490 12897.4982
57 561 5703.9716
58 519 13159.7297
59 626 12537.0292
60 596 6839.8251
61 285 2925.5752
62 578 17348.1955
63 684 586.6460
64 529 16360.4489
65 643 13067.1081
66 723 3807.4511
67 676 8144.8742
68 769 4505.8547
69 498 11451.2202
70 645 1295.3827
71 349 804.3840
72 381 7900.8373
73 501 6928.6739
74 767 4342.8352
75 489 5145.5690
76 464 6556.1615
77 545 8123.9990
78 329 1501.6800
79 399 1079.4519
80 314 5406.2104
81 542 3295.8365
82 579 12093.8396
83 564 4017.7182
84 521 11486.8149
85 510 15943.4990
86 318 888.5735
87 399 6315.1240
88 402 9552.1380
89 664 19019.7155
90 638 947.9521
91 491 4776.4442
92 475 6862.1849
93 532 1106.6620
94 357 7717.7308
95 603 16463.1367
96 530 16661.3256
97 609 5352.2955
98 619 6985.8354
99 595 328.4714
100 576 17077.7743
<precedence relations>
1,9
2,7
2,10
2,11
3,8
3,10
3,11
4,10
5,11
6,10
7,12
8,13
9,14
10,15
10,16
10,17
10,21
11,16
11,17
11,21
12,20
13,21
14,18
15,19
16,22
17,20
18,24
19,23
20,24
20,25
20,26
20,27
21,24
21,25
22,24
22,25
22,26
22,27
23,28
24,30
24,31
24,32
25,29
25,33
26,31
26,47
27,30
27,31
27,32
27,33
28,34
29,38
30,35
30,37
30,40
30,41
30,51
31,36
31,40
31,41
31,46
32,39
32,40
32,59
33,39
33,40
33,41
34,45
35,42
36,43
37,44
38,45
39,46
39,47
40,74
40,78
40,79
41,45
41,57
42,48
43,51
44,49
45,59
45,77
45,83
46,50
46,52
46,78
47,53
47,54
47,72
48,57
49,55
50,56
51,57
51,58
51,59
51,60
52,58
52,76
53,60
53,66
54,73
54,88
55,61
56,64
57,62
57,63
58,71
59,66
60,65
60,77
61,69
62,67
63,68
64,69
65,70
65,71
65,73
65,75
66,70
66,75
66,96
66,97
67,72
68,75
69,73
69,77
70,76
70,78
70,79
71,74
72,83
72,99
73,80
73,93
73,96
74,81
74,82
74,83
75,88
78,93
79,93
80,85
81,86
82,84
82,88
83,87
84,90
85,89
86,92
87,91
88,93
89,94
90,96
91,97
92,95
93,98
93,99
93,100
<end>