<number of tasks>
20
<cycle time>
1000
<order strength>
0.500
<z_alpha>
1.645
<task times>
1 124 1728.3075
2 103 933.2413
3 535 1351.9202
4 203 2103.6254
5 112 593.8871
6 44 115.3574
7 26 127.6130
8 237 11533.4735
9 505 11104.7798
10 120 3350.9395
11 198 6945.6630
12 341 27797.1811
13 514 51527.6661
14 41 79.5475
15 354 23511.6255
16 510 43635.2580
17 45 79.2913
18 276 8484.8350
19 540 15853.3481
20 452 45280.9413
<precedence relations>
1,5
2,5
2,6
2,7
3,17
4,5
4,7
5,8
6,9
6,10
7,17
8,11
8,12
9,11
9,12
9,13
10,13
11,14
11,15
11,16
14,19
15,18
16,17
16,19
16,20
<end>