<number of tasks>
20
<cycle time>
1000
<order strength>
0.500
<z_alpha>
1.645
<task times>
1 677 19019.2931
2 505 35670.6619
3 446 32329.3796
4 619 24915.6744
5 434 36820.2495
6 560 19338.8557
7 510 24084.0817
8 642 25684.0720
9 716 8683.0558
10 371 17242.5367
11 565 29087.4259
12 458 19483.5073
13 274 18381.0630
14 307 7926.6604
15 422 41033.2351
16 631 23098.9396
17 514 32694.2778
18 519 57995.0534
19 144 3214.5559
20 347 9499.1168
<precedence relations>
1,9
2,9
3,5
4,20
5,6
5,7
5,8
6,9
7,9
8,10
8,11
8,17
9,12
9,13
9,14
9,15
9,16
9,17
10,16
10,19
12,20
13,20
14,19
15,18
16,18
<end>