<number of tasks>
50
<cycle time>
1000
<order strength>
0.197
<z_alpha>
1.645
<task times>
1 153 1021.2874
2 109 411.2751
3 79 311.2991
4 197 55.1016
5 159 1417.8901
6 277 1310.1297
7 180 251.7959
8 430 11389.8472
9 501 8710.3053
10 515 16531.2157
11 164 1258.2225
12 489 2599.4126
13 311 2702.2971
14 294 3303.5246
15 116 104.8027
16 93 10.1465
17 573 15759.3888
18 218 921.6247
19 88 424.1879
20 291 1427.5269
21 24 12.0726
22 193 1132.1957
23 67 53.0864
24 375 1457.7982
25 277 2796.0557
26 105 254.6703
27 38 39.3061
28 394 972.7455
29 204 2571.3811
30 260 119.5273
31 164 783.4245
32 34 4.1748
33 122 899.0086
34 46 84.3779
35 353 6202.3078
36 293 2089.1962
37 23 13.6949
38 119 335.3562
39 532 13061.6784
40 531 6110.9006
41 608 17161.8098
42 310 75.5619
43 147 1034.1615
44 148 887.1360
45 459 7607.5679
46 24 28.6795
47 94 6.5773
48 82 157.3952
49 300 2209.5436
50 263 3988.3410
<precedence relations>
1,10
2,10
3,10
4,10
5,10
6,11
7,12
7,15
8,13
8,16
8,17
8,26
8,29
9,14
9,24
10,18
10,19
10,20
10,21
10,24
11,24
12,22
12,25
13,23
14,25
14,26
14,40
18,31
19,32
21,29
22,27
23,28
24,45
25,30
26,42
27,35
28,33
29,34
31,50
33,36
34,37
35,38
35,39
35,40
35,41
35,42
36,45
37,43
38,44
41,46
41,47
41,48
43,49
44,49
45,50
<end>