<number of tasks>
20
<cycle time>
1000
<order strength>
0.142
<z_alpha>
1.960
<task times>
1 674 27183.3042
2 644 10302.4667
3 543 15122.5819
4 540 13411.7536
5 529 7254.4946
6 509 3959.0209
7 704 11364.2990
8 160 588.4600
9 330 5666.5973
10 597 8795.2720
11 296 3436.5401
12 500 12937.4088
13 505 12733.3738
14 576 12933.8517
15 556 8749.3293
16 298 311.5887
17 579 2444.5032
18 528 10787.1717
19 376 3455.6376
20 255 2492.2912
<precedence relations>
1,11
3,8
3,10
6,9
8,14
8,15
8,16
9,13
10,12
13,17
13,19
16,18
19,20
<end>