<number of tasks>
1000
<cycle time>
1000
<order strength>
0.595
<z_alpha>
1.960
<task times>
1 149 4748.7376
2 228 1417.6229
3 154 1514.5516
4 36 73.6626
5 232 4087.0228
6 43 68.5750
7 54 158.9885
8 125 1520.8129
9 300 15702.7905
10 250 9553.4090
11 202 3537.3457
12 337 9203.1545
13 183 937.2817
14 69 487.9714
15 259 14800.8113
16 559 37251.5954
17 367 12060.2429
18 218 5982.5638
19 471 36967.5104
20 460 22718.2363
21 496 39233.6482
22 308 8228.6865
23 416 37700.1138
24 179 1320.6812
25 302 2107.1861
26 328 5067.0719
27 229 9134.2868
28 137 4112.9236
29 113 1666.3076
30 182 824.9625
31 244 4679.3334
32 110 469.0406
33 334 23454.5546
34 134 1417.9479
35 171 6439.2850
36 142 1700.4299
37 61 376.8712
38 43 266.4345
39 297 13835.9022
40 232 3167.7511
41 473 49667.1979
42 57 635.9450
43 199 1608.4203
44 94 448.6720
45 48 381.6252
46 201 3542.0265
47 115 1813.8063
48 548 22566.6485
49 294 20352.1936
50 27 53.7657
51 72 696.5473
52 323 22352.5112
53 27 54.7491
54 216 11381.1301
55 22 40.2312
56 71 734.2824
57 55 512.8815
58 502 23829.2642
59 250 1825.0478
60 360 24216.6197
61 233 4858.9552
62 239 12246.8616
63 200 6224.1572
64 81 1494.7558
65 160 2113.6421
66 207 6980.8099
67 532 41730.3097
68 69 131.2190
69 496 34008.5576
70 321 16940.9140
71 171 4328.8529
72 281 12414.1165
73 162 1668.7583
74 483 27136.4751
75 304 17022.7331
76 51 204.1245
77 327 8740.9273
78 63 870.0739
79 345 26901.2484
80 478 7761.8622
81 167 163.2674
82 380 1313.0399
83 87 944.0186
84 112 549.9010
85 412 8292.7480
86 570 864.1744
87 72 57.1401
88 141 2637.3525
89 371 25654.4252
90 467 394.9512
91 203 2002.4691
92 65 241.7401
93 71 287.4318
94 442 15377.7959
95 230 733.1282
96 111 2033.9973
97 507 27940.5768
98 159 5716.5271
99 225 12005.6022
100 96 369.4767
101 221 11387.5516
102 549 1755.4598
103 183 6449.8322
104 57 533.5889
105 127 2927.4101
106 45 344.3573
107 191 412.2546
108 101 542.2627
109 145 353.9070
110 162 1197.1199
111 466 31845.7802
112 141 4341.0466
113 467 36887.5958
114 440 18346.2412
115 185 1845.6934
116 205 7178.8591
117 563 30373.4336
118 473 25255.4354
119 161 6168.0509
120 109 50.3436
121 330 4106.5469
122 379 15339.6175
123 34 53.9768
124 218 1522.4094
125 225 7475.0957
126 174 5660.5943
127 256 10770.3433
128 47 384.5675
129 315 23109.9088
130 414 26168.5564
131 86 737.4281
132 128 2079.0362
133 221 3532.9597
134 149 223.1123
135 46 193.8739
136 449 33124.2570
137 124 347.5142
138 424 21890.2537
139 336 10499.8109
140 96 1949.4891
141 190 5026.7765
142 276 18399.4402
143 156 3260.9132
144 104 1696.7769
145 258 2699.0443
146 124 3504.2841
147 595 6882.7242
148 240 6276.1428
149 597 18598.0255
150 262 15219.1742
151 45 334.4053
152 126 701.5196
153 129 453.1828
154 74 1284.4893
155 169 1313.5440
156 82 807.8496
157 66 71.5739
158 203 4128.6419
159 34 129.6756
160 226 2309.2072
161 324 7825.9814
162 132 1095.4469
163 65 987.2331
164 216 3825.5052
165 129 2172.9256
166 67 1099.7897
167 156 3796.7519
168 304 17803.2312
169 39 116.0330
170 323 23175.3303
171 159 4937.8447
172 146 991.8287
173 51 338.4242
174 100 2065.7135
175 118 1744.6239
176 453 45184.5266
177 593 32047.5381
178 431 31605.7190
179 38 199.5227
180 168 2387.4852
181 80 1012.9906
182 92 625.0989
183 233 9491.1175
184 75 1236.9450
185 537 48843.6290
186 517 36203.9026
187 158 4939.3548
188 53 565.4273
189 137 1946.5878
190 174 884.0350
191 228 1589.8966
192 370 28481.3861
193 71 461.5584
194 345 3753.6329
195 276 11248.0963
196 122 3500.4326
197 47 116.5426
198 109 711.3140
199 47 217.9635
200 143 3656.7271
201 223 5115.0467
202 110 1162.7734
203 56 594.5966
204 145 2798.2137
205 525 21658.8789
206 66 464.5113
207 252 11870.8843
208 158 4321.2401
209 116 283.8646
210 71 579.4928
211 147 2619.6734
212 48 207.4275
213 394 14909.1291
214 185 1365.9203
215 417 10296.5217
216 114 2771.2943
217 161 2440.0729
218 268 12622.5931
219 26 123.8275
220 169 186.9413
221 56 151.7494
222 437 29352.1115
223 21 87.3156
224 288 17644.5741
225 23 113.1151
226 218 2792.5412
227 170 3456.6891
228 32 142.9671
229 219 94.0990
230 189 495.0969
231 341 23246.0918
232 193 2683.2553
233 57 189.2465
234 210 1465.4589
235 180 7293.3766
236 327 6241.1252
237 259 10137.7999
238 62 240.1347
239 156 5574.1422
240 155 3973.1271
241 463 46030.7711
242 94 1867.7939
243 90 1768.7051
244 227 8109.4396
245 523 41717.2934
246 90 1496.3995
247 115 854.3367
248 487 50542.5960
249 152 717.8741
250 249 5274.9676
251 522 11993.9232
252 80 1239.0092
253 236 3257.1404
254 231 4937.1534
255 48 331.6903
256 209 2213.0956
257 187 3035.6419
258 211 3312.3745
259 32 252.7440
260 94 819.4809
261 229 1807.8375
262 509 27104.0377
263 164 1109.8520
264 48 412.4951
265 78 331.1838
266 28 143.1512
267 189 2970.1276
268 179 142.4102
269 472 731.6361
270 80 187.3197
271 121 2626.2816
272 317 890.3509
273 83 209.8231
274 116 1550.8172
275 177 2437.7294
276 35 300.7696
277 52 513.2516
278 206 4728.4814
279 438 21188.6421
280 111 665.7783
281 256 5848.4044
282 41 192.8008
283 68 560.8282
284 619 29867.1439
285 160 1124.9297
286 130 2223.5215
287 22 7.2275
288 82 261.8835
289 312 16042.6901
290 76 1038.7466
291 152 1584.6355
292 505 101.7929
293 475 35037.6451
294 42 263.0443
295 71 1022.6738
296 531 39017.3718
297 109 2754.2208
298 126 96.5617
299 486 25683.5640
300 262 11743.3259
301 93 1191.1179
302 411 367.9038
303 170 5984.0913
304 48 174.9747
305 86 1524.5721
306 178 6695.7524
307 57 328.6846
308 236 11187.1519
309 93 1149.2519
310 478 26322.3017
311 179 7023.7390
312 61 457.1873
313 208 10550.0089
314 177 399.5960
315 125 1279.4624
316 556 27469.8962
317 104 2419.5794
318 516 28558.0657
319 147 3224.8041
320 122 3393.6714
321 29 205.2670
322 520 53035.3545
323 256 8833.7632
324 501 57616.2157
325 296 6552.8784
326 470 53472.5056
327 118 1280.1481
328 386 31296.8655
329 239 2677.2089
330 162 1464.2657
331 573 31678.1191
332 85 1514.5418
333 262 10956.1733
334 83 1378.7262
335 98 1151.6013
336 182 7441.3243
337 441 43593.3648
338 146 979.5078
339 139 3149.1317
340 48 438.8651
341 94 1750.6542
342 513 59008.5156
343 525 29995.1732
344 506 49067.3845
345 153 710.6189
346 196 4629.5063
347 69 653.0097
348 127 1617.2599
349 555 411.0641
350 206 2809.1901
351 231 178.3584
352 119 942.5361
353 113 290.1654
354 126 574.5277
355 196 5255.4606
356 367 23312.7997
357 20 90.3892
358 275 5480.3217
359 540 17303.0463
360 264 272.7871
361 405 19449.0992
362 89 1255.1003
363 240 12718.6457
364 99 2248.2825
365 260 9481.9745
366 334 17212.1106
367 523 16773.7560
368 522 13933.9469
369 206 5637.7507
370 63 473.0074
371 78 760.0647
372 246 9124.1641
373 285 694.1194
374 257 11539.6072
375 251 3723.5323
376 515 53936.9895
377 281 3028.5959
378 58 307.4796
379 148 3475.2965
380 328 24464.6275
381 569 24651.1186
382 283 3856.9019
383 96 693.0455
384 113 816.2127
385 49 323.2358
386 242 11408.9236
387 146 3521.6345
388 180 3891.1320
389 315 12840.3939
390 469 15558.4616
391 397 25669.0929
392 156 4015.8925
393 134 4222.9574
394 450 603.2585
395 523 15769.7045
396 238 3129.8094
397 68 736.7449
398 315 13418.8402
399 356 19196.4579
400 480 33742.3171
401 198 175.3319
402 68 416.5477
403 24 37.8449
404 107 1997.1612
405 201 3019.0526
406 67 486.4718
407 252 1895.7375
408 75 764.9097
409 62 533.6512
410 537 54779.6607
411 156 3953.4648
412 492 57653.4581
413 95 1717.8087
414 41 126.2885
415 548 16334.6512
416 218 9740.8540
417 83 1694.7329
418 413 9295.3112
419 439 26049.3925
420 303 9107.4239
421 224 5727.6907
422 124 1809.5862
423 195 5429.9959
424 472 925.9791
425 142 63.8839
426 134 2748.3409
427 220 4862.5709
428 60 169.7238
429 338 18109.6782
430 563 28713.4523
431 539 12052.7356
432 61 321.8082
433 463 14479.7271
434 55 373.2820
435 167 3755.8300
436 199 7397.2905
437 494 2292.3763
438 544 40752.7845
439 63 568.3347
440 221 8137.3731
441 172 6325.2410
442 234 425.3526
443 86 1512.6227
444 429 40123.0658
445 200 2704.8214
446 200 9032.0271
447 248 14114.0204
448 189 6461.6952
449 144 2766.3293
450 320 20934.5195
451 161 221.9434
452 31 200.6806
453 242 8877.8583
454 83 605.6993
455 61 165.6301
456 478 56051.8004
457 131 289.6711
458 24 13.7323
459 32 23.4849
460 133 1540.6897
461 274 11249.5040
462 215 8331.2238
463 103 1890.8765
464 159 1278.4306
465 53 663.2490
466 362 7242.8999
467 84 861.5179
468 162 5733.9383
469 264 16788.9669
470 377 25679.6228
471 55 590.1081
472 314 22728.5261
473 21 33.4980
474 186 1703.8305
475 148 58.2692
476 277 6356.0964
477 454 496.5952
478 558 31370.4115
479 177 7274.8671
480 146 3218.7827
481 238 1052.8227
482 170 2861.3358
483 76 0.4324
484 69 592.2668
485 384 25377.7912
486 539 23438.1516
487 234 11330.6933
488 207 958.7107
489 455 32433.8764
490 204 6576.9296
491 22 46.0911
492 100 593.9751
493 164 5836.1222
494 83 829.5407
495 515 14926.4945
496 87 173.8819
497 262 16519.5749
498 363 4662.6333
499 578 40566.7040
500 270 1554.7157
501 480 30648.0372
502 210 6931.6278
503 206 5835.0439
504 289 11172.0267
505 524 30695.8036
506 533 45575.7604
507 255 2047.7268
508 189 5322.0880
509 67 287.0553
510 193 6775.1913
511 34 108.2571
512 323 5143.3938
513 80 571.8105
514 212 927.7755
515 147 2027.6007
516 72 342.4248
517 150 3197.5536
518 248 14997.1269
519 53 202.3018
520 123 3335.7489
521 82 1189.2557
522 345 14805.4479
523 323 18708.7885
524 36 247.9974
525 115 2592.6225
526 187 3524.3065
527 211 7902.2719
528 252 4252.6610
529 409 29765.3799
530 70 118.0466
531 112 437.6153
532 310 4775.2940
533 222 3982.7207
534 266 14986.1038
535 364 16421.6414
536 128 1236.5525
537 127 628.0982
538 137 27.9334
539 63 565.0374
540 406 34513.5114
541 112 1162.9105
542 293 5987.1230
543 485 7331.4342
544 212 4153.8417
545 162 4278.5128
546 531 31077.5748
547 70 473.0774
548 312 9870.1087
549 37 116.9773
550 26 120.2176
551 146 1044.3426
552 74 1295.9425
553 40 12.9236
554 518 28913.3120
555 23 18.9377
556 100 1378.1192
557 236 12936.9074
558 169 3564.3176
559 265 7341.6688
560 345 25723.1196
561 456 43402.0801
562 35 118.0452
563 266 15402.7624
564 153 4220.7551
565 169 2952.8408
566 75 1226.4558
567 81 225.6572
568 229 10744.8774
569 461 18587.7293
570 519 42120.2711
571 97 2238.1909
572 29 165.6038
573 26 102.4081
574 46 0.3873
575 330 14560.5492
576 63 615.7603
577 109 884.5342
578 23 42.8261
579 307 19063.2634
580 136 983.6658
581 41 34.1112
582 134 2324.0090
583 147 4006.5723
584 57 573.8155
585 27 164.5041
586 462 48529.1159
587 513 20969.3159
588 457 2965.4654
589 497 51502.2222
590 231 10927.9629
591 86 1354.5477
592 396 3157.4952
593 37 117.0807
594 196 1715.0120
595 189 695.9305
596 190 5806.6877
597 120 2602.2801
598 50 26.2884
599 32 120.0465
600 194 5167.1311
601 92 352.7762
602 89 1417.1668
603 318 22449.1678
604 34 62.7875
605 454 50587.8698
606 214 7218.4442
607 461 7162.0073
608 570 35557.7457
609 65 839.5671
610 246 11318.4021
611 515 53563.8221
612 413 2220.5544
613 101 889.3856
614 368 29690.5020
615 225 3798.4033
616 138 3619.6658
617 370 21542.4618
618 137 2111.7431
619 183 2325.3160
620 23 108.7169
621 497 54483.1808
622 523 22552.6929
623 634 25026.6091
624 194 3824.2329
625 373 2998.7183
626 41 184.0429
627 527 2347.3297
628 158 766.0617
629 101 699.2448
630 123 2015.3529
631 56 92.5719
632 144 2825.7056
633 138 3181.7170
634 128 1470.5145
635 420 22273.4963
636 177 111.3104
637 55 754.8186
638 292 12559.9956
639 49 484.1676
640 109 2154.3159
641 53 57.3329
642 198 4290.2810
643 229 12361.8430
644 454 201.6202
645 193 5602.8710
646 414 1840.2244
647 80 393.8177
648 301 19906.9628
649 136 2147.7376
650 257 12096.5561
651 29 165.6359
652 131 1042.3588
653 119 2791.1134
654 424 26789.6968
655 99 440.6340
656 170 1952.7297
657 498 57733.9828
658 266 1328.9694
659 260 5052.1879
660 425 44480.1092
661 241 7841.6411
662 31 198.2280
663 97 1022.4938
664 132 3206.1596
665 272 7298.6609
666 187 3067.7343
667 152 1815.4084
668 336 21208.0200
669 523 22284.4522
670 601 3454.7469
671 413 21262.6685
672 248 9372.7359
673 134 4232.3760
674 90 1969.2354
675 209 191.2606
676 152 1023.9321
677 325 14512.3187
678 489 15104.4801
679 63 353.7231
680 69 453.3703
681 34 238.9600
682 43 172.2979
683 89 1646.7654
684 143 2567.8283
685 313 5895.9063
686 74 728.2358
687 221 1859.8899
688 251 10390.6108
689 266 9368.6162
690 63 731.3763
691 491 36446.2428
692 226 10984.0304
693 469 49842.1459
694 54 418.2848
695 127 2012.8164
696 137 265.6657
697 486 9468.9726
698 208 10455.6309
699 42 201.6460
700 76 408.8280
701 343 13024.6983
702 530 19692.8885
703 232 7704.3662
704 121 2523.2601
705 60 311.6567
706 176 6061.2826
707 375 30998.1063
708 419 33805.7323
709 396 8326.1262
710 186 7480.6312
711 447 2249.9541
712 426 43445.5145
713 53 189.4465
714 177 6292.6330
715 146 1787.5694
716 206 6543.5413
717 190 6768.7086
718 169 3481.3033
719 293 8877.0949
720 91 9.3914
721 55 66.1324
722 344 24666.2241
723 197 6059.1465
724 44 207.1477
725 196 6693.1339
726 174 4948.7727
727 74 1297.3740
728 33 224.8896
729 47 292.9301
730 134 381.5627
731 455 14271.9862
732 54 249.1349
733 421 30807.1090
734 31 11.5212
735 200 1457.2389
736 395 30596.0491
737 52 113.5692
738 397 15414.9832
739 41 4.1703
740 366 28242.2747
741 316 1282.4021
742 237 2010.1900
743 95 1032.8616
744 84 868.0419
745 462 22695.3716
746 101 1901.3830
747 578 10891.1138
748 102 1410.5450
749 449 12852.8078
750 190 7703.5701
751 227 7760.9264
752 345 23939.7087
753 480 21211.9444
754 376 1355.1942
755 246 9980.3277
756 58 445.8869
757 144 3514.9087
758 242 13159.5967
759 194 8633.2763
760 505 38471.4876
761 178 4193.1684
762 404 12829.6182
763 53 553.9135
764 180 1663.7108
765 209 9946.9913
766 165 1367.3422
767 250 545.1492
768 309 21647.0935
769 266 3165.9025
770 193 2327.9077
771 275 8788.5450
772 274 16404.1944
773 66 954.6673
774 32 59.4982
775 181 858.3406
776 267 5899.8637
777 153 5516.9476
778 261 6838.6001
779 114 2500.5523
780 49 276.9541
781 209 9384.5047
782 218 4867.6283
783 25 10.2090
784 124 3090.6741
785 259 371.8350
786 272 12672.3545
787 79 777.9638
788 137 930.6346
789 469 20440.7121
790 109 1150.1214
791 532 30832.5549
792 282 15793.0338
793 105 973.4604
794 63 92.3749
795 220 4363.7116
796 339 8081.4585
797 78 984.2957
798 513 51494.8491
799 462 22945.1385
800 280 17095.3594
801 123 81.3222
802 365 8874.4621
803 538 10733.1014
804 146 257.7805
805 563 7984.4992
806 522 39379.3714
807 442 37244.2590
808 571 23038.8082
809 97 879.8056
810 64 153.5591
811 74 908.5222
812 154 1376.5034
813 251 5079.0288
814 81 366.4122
815 48 195.1721
816 318 19193.7829
817 189 6160.1913
818 169 3470.5986
819 214 7243.0169
820 57 260.3100
821 65 634.4765
822 71 308.8417
823 173 2333.5168
824 219 10742.5501
825 64 807.6166
826 105 657.9494
827 30 88.0703
828 227 2249.4531
829 186 3965.6998
830 160 3598.7963
831 26 7.4205
832 436 37082.0476
833 120 3518.6109
834 146 2757.7444
835 165 6607.3410
836 88 925.5760
837 146 1925.2186
838 189 3794.7085
839 163 5584.4105
840 296 3238.6472
841 497 47232.6060
842 221 9481.6084
843 183 5988.7516
844 138 1062.4127
845 291 9517.5076
846 356 31362.7444
847 98 1330.7040
848 147 4401.2350
849 110 2481.6350
850 532 50488.8733
851 108 1494.7811
852 93 1583.5929
853 464 10935.9960
854 90 1228.0542
855 252 12622.8215
856 95 531.0453
857 77 167.1118
858 425 2440.5771
859 147 1221.1861
860 197 1578.4384
861 48 401.5425
862 60 231.4912
863 29 202.9907
864 25 98.2641
865 77 328.6842
866 54 170.8005
867 196 3387.9853
868 535 37889.4832
869 108 1935.6017
870 28 129.6074
871 22 110.8727
872 215 10197.6625
873 90 1498.1990
874 220 2675.8320
875 124 2980.9438
876 88 1177.4728
877 279 4110.5584
878 140 2767.0682
879 561 46412.1417
880 89 418.6901
881 139 2684.3752
882 207 2954.8299
883 414 13671.5278
884 350 7053.0912
885 436 14931.8512
886 75 6.9022
887 121 1417.2788
888 243 1312.7123
889 306 1076.4383
890 313 9815.6472
891 506 2496.8024
892 74 14.1197
893 75 954.2134
894 369 2618.7713
895 21 23.2014
896 479 24864.6114
897 33 94.4888
898 217 9462.5533
899 107 445.8595
900 283 13231.8752
901 98 208.7146
902 153 762.2352
903 54 57.6115
904 99 345.6887
905 453 20057.1769
906 145 2490.5770
907 162 4741.5157
908 470 32066.8190
909 285 8379.0349
910 234 7053.4125
911 570 6053.9135
912 121 2391.3784
913 450 46472.7404
914 83 442.5523
915 223 123.0229
916 129 3764.6141
917 370 335.5581
918 178 4476.7553
919 222 3543.9138
920 27 17.8412
921 256 10883.8636
922 83 1197.2772
923 561 28242.1920
924 57 563.4813
925 170 3503.2446
926 199 2282.6912
927 145 3903.1248
928 481 27360.3139
929 41 337.0712
930 407 928.4647
931 411 2941.1377
932 274 12092.9927
933 468 27475.2580
934 85 1053.6739
935 456 5794.2198
936 106 132.6819
937 135 138.4334
938 461 44839.9967
939 66 991.8276
940 63 441.4993
941 137 2134.4513
942 249 15306.1158
943 316 20851.3220
944 184 3093.5731
945 499 3946.6234
946 156 4284.8587
947 54 719.1093
948 65 651.7736
949 494 40558.7102
950 142 2596.0411
951 332 21575.2379
952 117 3250.2087
953 147 2926.1365
954 191 6359.9945
955 395 10982.6698
956 50 79.1630
957 164 4997.2264
958 184 5399.7467
959 168 4452.4504
960 604 10267.9039
961 221 1523.5145
962 517 44102.7641
963 151 63.1185
964 25 58.3897
965 173 6183.1368
966 500 7304.5881
967 422 22974.2237
968 377 31141.6072
969 110 2285.3210
970 449 32241.7769
971 284 3360.2463
972 81 503.4019
973 153 368.0273
974 97 311.7420
975 254 10894.4767
976 105 411.9154
977 488 17537.1220
978 423 5077.1280
979 48 188.9721
980 56 173.1057
981 121 2502.8591
982 147 4422.9995
983 45 182.9189
984 203 390.2447
985 89 683.0497
986 58 444.4160
987 32 233.4977
988 591 33257.2044
989 186 2628.1141
990 138 4273.3429
991 117 156.1156
992 203 6238.7945
993 148 2371.5396
994 289 14559.7633
995 101 1313.6615
996 109 2131.4468
997 361 9604.1223
998 462 34055.4332
999 67 443.0703
1000 192 6285.5123
<precedence relations>
1,31
1,157
1,231
2,17
2,23
3,57
4,30
5,17
5,18
5,26
5,32
5,47
6,17
6,18
6,28
7,17
7,18
8,17
8,25
9,624
9,967
10,20
10,22
11,17
11,188
12,27
12,86
13,17
13,31
13,60
13,106
14,17
14,29
14,188
15,19
15,24
16,21
17,467
18,33
18,34
18,41
19,131
19,152
19,234
20,33
20,47
20,67
20,87
21,33
21,105
21,119
22,33
22,44
23,33
23,49
24,39
24,41
25,34
25,38
26,42
26,43
27,33
27,40
28,33
28,45
28,46
29,35
29,37
29,118
30,33
30,36
30,48
31,417
32,46
32,65
33,50
33,51
33,53
34,50
35,650
35,759
36,102
37,217
38,334
39,172
40,50
40,58
40,60
41,50
41,51
41,52
41,53
42,50
42,52
43,50
43,57
43,61
43,119
44,51
44,132
45,55
46,122
47,59
48,56
48,151
49,50
49,51
49,52
49,54
50,64
50,76
50,77
50,113
51,62
51,71
52,74
52,152
52,155
52,187
52,204
52,276
53,62
53,132
54,70
55,75
56,67
57,65
57,66
57,69
57,132
58,484
58,497
58,708
59,62
59,68
60,62
60,63
61,62
61,72
61,73
62,78
62,79
62,80
62,84
63,78
63,79
63,87
64,78
64,79
64,80
64,81
64,82
65,78
65,79
65,80
66,78
66,84
67,78
67,79
68,78
68,79
69,85
70,79
70,151
71,313
71,374
72,571
73,353
73,646
73,836
74,81
74,210
74,235
75,78
75,86
75,190
76,78
76,83
77,78
77,79
77,80
78,367
79,91
79,92
79,96
80,88
80,89
80,100
80,121
81,311
81,650
82,95
83,88
83,93
84,88
84,95
84,174
85,88
85,89
85,104
85,184
86,111
86,293
87,88
87,90
87,94
87,175
87,178
87,183
88,122
88,296
89,97
90,105
90,236
91,97
91,98
91,102
92,97
92,104
92,107
93,106
93,111
94,97
94,98
94,99
95,100
95,101
95,103
95,130
96,97
96,108
96,128
96,139
96,178
96,188
97,148
98,154
98,170
98,203
98,346
99,109
99,113
99,119
100,109
100,110
100,111
100,236
101,112
101,114
102,109
103,109
103,117
104,109
104,115
104,116
104,118
105,109
105,195
106,109
107,109
108,111
108,115
108,124
109,120
109,125
109,126
109,127
109,136
110,125
110,538
111,129
111,134
111,251
111,298
111,399
112,123
112,227
113,336
113,337
114,120
114,133
115,148
116,120
116,130
117,121
117,128
118,128
118,131
118,135
119,120
119,122
119,124
119,132
119,180
120,137
120,275
120,320
121,511
121,745
122,146
122,149
123,137
123,147
123,151
124,137
124,142
125,153
125,390
125,510
125,632
126,180
127,138
127,143
128,144
128,145
128,148
128,160
129,339
129,363
129,534
130,139
130,150
130,152
130,239
131,141
131,158
131,171
133,137
134,550
134,557
134,578
134,628
134,712
135,346
135,452
136,140
136,172
136,239
136,251
137,154
137,164
138,154
138,155
138,157
138,162
139,154
139,860
140,752
141,406
142,159
142,165
142,230
143,154
143,155
143,156
143,160
144,161
144,166
145,154
145,163
145,189
146,369
146,475
147,233
147,338
148,300
148,337
149,155
150,156
151,526
151,604
152,154
152,158
152,350
153,337
153,651
153,876
154,678
155,235
155,292
156,170
157,168
157,344
158,167
158,169
158,173
158,178
158,207
159,174
159,246
160,167
160,168
160,171
161,167
161,168
161,172
161,175
161,213
162,167
162,168
162,169
162,176
163,167
163,168
164,167
164,168
165,385
165,686
165,734
166,167
166,177
167,179
167,182
168,179
168,187
168,346
169,179
169,308
170,179
170,188
171,185
171,303
172,186
172,212
172,256
173,179
173,406
174,184
175,179
175,180
175,181
175,345
176,189
176,261
177,180
177,183
177,302
178,242
178,722
178,865
178,944
179,354
180,197
180,378
180,493
181,195
181,196
181,198
182,190
182,231
183,190
183,249
184,190
185,192
185,193
185,313
186,190
186,191
186,194
187,190
187,191
188,191
189,230
190,200
190,206
190,403
191,209
191,210
192,208
192,212
193,199
193,200
193,204
193,211
193,213
194,199
194,203
195,199
195,202
196,206
196,207
197,550
197,572
197,776
198,201
198,205
199,216
200,214
200,360
201,214
201,215
202,223
202,248
202,406
203,214
203,217
204,393
205,218
205,220
205,235
206,214
206,219
207,214
208,293
209,215
209,221
210,224
211,214
211,223
212,214
212,215
212,222
213,214
213,403
214,232
214,233
215,650
216,225
216,228
216,230
216,231
217,334
217,390
218,225
218,226
218,234
218,236
219,225
221,235
222,227
222,229
222,352
222,359
223,350
224,232
224,273
224,393
225,237
225,283
226,239
226,251
226,290
226,376
227,237
228,417
228,590
229,245
229,318
230,237
230,241
230,244
230,247
230,387
231,249
231,348
231,360
232,242
232,252
232,347
232,361
233,237
233,238
233,248
233,250
234,237
235,240
235,243
235,246
235,259
236,362
237,279
238,441
239,256
240,565
241,317
241,542
242,667
243,260
243,322
243,370
244,253
244,262
244,264
244,333
245,263
245,265
245,365
246,257
246,261
246,322
247,254
247,255
247,266
248,812
249,319
249,559
249,743
249,787
250,253
250,259
251,253
251,777
252,258
253,527
253,626
253,648
254,471
255,641
255,691
256,447
256,485
258,274
259,269
259,280
259,326
260,267
261,267
261,268
262,271
262,272
262,276
262,279
262,399
263,282
263,383
264,270
264,278
264,320
264,362
265,273
265,281
265,361
266,268
266,275
266,277
267,288
267,297
267,298
268,283
268,285
268,371
269,942
270,399
270,432
271,283
272,283
272,284
272,290
273,293
273,296
274,283
274,284
275,598
276,295
276,543
276,635
276,774
277,286
277,287
277,323
277,358
278,291
278,371
278,728
279,289
279,294
280,520
280,721
281,292
281,312
282,295
282,579
282,852
283,389
284,558
284,813
285,306
285,447
285,837
285,867
285,868
286,308
287,299
287,300
288,299
288,305
288,371
289,301
290,299
291,462
292,435
292,729
292,872
293,304
293,595
294,368
296,302
296,307
297,303
298,299
299,309
299,330
300,317
300,318
300,347
300,403
301,311
301,319
301,367
302,314
302,315
303,309
303,310
304,316
304,473
305,309
305,312
305,313
306,526
306,748
307,363
307,556
308,310
308,320
308,480
309,327
309,380
310,331
310,572
311,634
311,838
311,846
312,326
312,329
312,398
313,762
313,789
313,935
314,328
314,330
314,333
315,321
315,372
315,685
316,323
316,332
316,419
317,346
317,706
318,324
318,325
318,577
319,704
319,713
319,810
320,321
320,322
320,420
321,342
321,496
322,786
323,409
323,470
324,338
324,542
325,335
325,496
325,553
325,602
326,336
326,337
327,334
327,335
327,341
328,334
328,340
328,399
329,624
329,635
330,354
330,367
331,524
331,544
331,677
331,705
331,737
332,339
332,807
333,582
333,808
334,350
335,343
335,501
335,552
335,597
335,598
336,348
337,484
338,343
338,344
338,346
338,566
339,612
339,699
340,345
340,349
341,347
342,564
342,624
343,421
343,589
344,917
344,958
344,964
345,442
345,676
345,861
345,938
345,949
346,353
346,361
346,385
346,476
347,352
347,353
347,359
348,351
348,355
348,356
348,357
348,358
349,360
350,354
351,362
352,362
352,365
352,367
352,390
354,366
355,369
355,373
356,655
356,733
356,784
357,474
357,513
358,364
358,425
358,463
359,369
359,372
359,413
359,497
360,362
360,368
360,370
361,363
361,371
361,518
361,790
362,374
363,376
364,375
364,622
365,678
365,823
366,374
366,378
366,383
367,379
367,381
367,383
368,450
369,730
369,863
369,915
370,380
371,729
372,382
373,376
373,377
374,389
375,393
375,449
375,557
375,592
377,385
377,387
378,395
378,612
379,386
379,388
379,392
380,390
380,394
380,497
380,532
380,550
381,384
381,397
381,417
381,419
381,695
382,384
382,656
382,876
382,914
383,384
383,391
383,394
383,396
384,818
385,545
386,504
386,555
387,399
388,439
388,525
389,402
390,406
390,531
391,400
392,435
392,741
392,822
393,486
394,431
395,398
395,403
395,472
396,398
396,401
396,404
396,405
397,571
397,577
398,412
398,827
399,407
400,409
400,411
400,542
401,408
401,410
402,407
402,415
402,416
403,682
403,800
403,903
404,414
404,569
405,413
405,417
405,601
406,430
406,592
407,418
407,419
407,425
407,426
407,431
408,422
408,550
409,420
410,424
410,429
410,432
410,633
411,426
411,864
412,421
413,427
413,430
413,602
414,418
414,419
414,428
415,423
415,429
415,664
415,852
416,609
417,493
417,647
418,443
418,649
419,433
419,435
419,440
419,603
419,768
420,439
420,441
421,571
422,958
423,442
423,642
424,436
424,776
425,434
425,472
425,605
425,638
426,438
426,447
426,738
427,741
427,772
428,591
428,598
428,692
430,437
430,444
431,446
431,448
432,445
432,621
433,530
433,779
433,856
434,760
434,934
435,679
435,842
435,881
436,780
436,877
437,536
437,657
438,449
438,700
439,556
439,652
440,601
440,851
441,450
441,455
443,452
443,456
443,457
444,451
444,452
445,453
445,587
446,458
446,459
447,454
447,473
447,505
447,606
447,870
448,534
448,910
449,460
449,466
449,469
449,783
449,815
450,461
450,727
450,813
451,462
451,470
452,639
453,474
454,658
455,460
455,463
455,468
455,472
456,460
456,465
456,668
457,464
458,460
458,471
458,473
458,475
459,467
459,563
459,621
460,643
460,965
461,685
461,735
462,477
462,478
462,482
462,762
463,476
463,488
464,483
464,487
464,490
465,492
465,822
466,484
466,806
467,485
467,595
467,742
468,479
468,888
469,489
469,598
469,673
470,476
470,606
471,480
471,673
472,482
472,672
472,678
473,963
474,481
474,708
475,476
475,477
475,486
475,490
476,491
476,503
477,491
477,500
477,505
478,494
479,508
479,824
480,496
480,499
480,502
480,685
481,491
481,497
482,491
482,492
482,498
482,500
482,636
482,637
483,493
483,651
483,695
484,799
484,982
485,652
485,830
486,495
486,534
486,747
487,501
487,529
488,493
488,500
488,597
489,492
489,697
490,499
490,529
491,508
491,520
491,800
492,547
492,642
492,769
492,929
493,511
493,513
493,606
494,603
495,507
495,714
496,504
496,514
496,547
496,646
497,504
497,505
497,636
498,619
498,620
498,626
498,828
499,512
499,761
499,790
500,506
500,509
500,795
501,510
501,637
501,644
501,802
502,504
503,515
503,560
504,519
504,520
504,523
505,517
506,522
507,516
507,533
508,765
508,910
509,862
510,665
510,890
511,518
511,593
511,760
512,654
512,745
513,516
513,521
513,525
513,610
514,812
515,524
515,787
516,538
516,727
517,526
517,535
517,540
518,529
518,748
518,774
519,534
520,533
520,539
521,527
521,532
521,687
522,530
522,666
522,830
523,528
523,531
524,537
524,540
524,727
524,774
525,536
525,811
526,973
527,550
528,542
528,546
528,548
528,552
529,545
530,549
530,582
530,781
531,608
531,654
531,828
531,873
532,656
532,864
533,707
534,890
534,935
535,551
535,662
536,547
537,541
537,688
538,543
538,544
538,733
538,774
539,590
539,805
540,649
541,703
541,746
542,558
542,560
542,561
542,562
542,578
543,554
543,707
543,780
544,553
544,825
545,555
545,557
545,691
546,777
546,898
547,559
547,706
547,862
548,716
548,766
549,553
549,721
550,563
550,711
550,783
551,942
552,556
552,628
552,671
552,756
553,564
553,743
554,566
555,578
556,564
556,571
556,572
556,629
556,641
557,565
557,573
558,591
558,725
559,570
559,628
560,574
560,576
560,649
561,567
561,568
561,569
562,564
562,575
563,577
563,869
564,591
564,645
564,906
565,579
565,581
565,588
565,746
565,848
565,867
566,585
567,580
567,590
567,871
568,583
568,586
569,894
569,985
570,775
570,975
571,584
571,824
572,715
572,828
573,587
573,589
574,709
575,625
576,866
577,728
577,774
577,806
578,582
578,710
578,902
578,980
579,709
580,836
580,883
581,869
581,872
581,890
582,964
583,594
583,595
583,596
583,598
583,601
584,592
585,593
585,600
586,597
586,765
587,725
588,961
589,599
589,906
590,757
590,929
591,822
592,608
592,755
593,602
593,609
594,613
595,606
595,611
595,615
596,604
596,610
596,688
596,725
596,893
597,605
597,747
598,614
599,603
599,612
599,707
600,607
602,618
602,621
602,836
604,622
604,761
606,779
606,860
606,906
607,620
607,624
608,616
608,623
608,674
608,770
609,626
609,628
610,672
611,687
611,711
611,729
612,627
612,765
613,617
613,619
614,824
615,616
615,625
615,671
617,631
617,632
617,637
617,759
617,768
618,807
619,635
619,639
620,629
620,704
620,814
621,630
621,634
621,638
621,700
621,737
621,809
622,818
623,710
624,749
625,640
627,633
627,636
627,809
628,946
629,643
629,645
629,752
630,642
632,649
632,688
633,657
634,889
635,675
636,653
637,675
638,644
638,646
638,650
639,641
639,647
639,648
639,652
640,651
641,664
642,654
642,655
644,663
645,662
645,889
646,656
646,658
646,660
646,665
646,667
646,668
646,800
646,812
646,853
646,857
647,920
649,657
649,661
649,775
650,740
650,788
650,840
651,659
651,669
652,666
653,946
654,896
654,982
655,684
655,685
656,683
656,729
657,998
658,672
658,675
658,676
658,677
659,670
659,678
660,924
661,684
661,725
661,847
663,673
663,891
664,674
664,680
664,917
666,679
666,681
667,682
668,671
669,687
669,938
670,717
670,719
671,686
671,687
671,776
672,686
672,693
673,751
673,993
674,690
675,886
676,912
677,689
677,879
677,911
677,935
678,691
678,864
680,837
681,688
681,692
682,870
683,819
684,686
685,767
686,696
687,694
687,697
687,837
688,694
688,695
688,700
688,952
689,708
690,703
690,705
690,798
691,698
691,701
691,782
692,699
692,702
692,704
692,706
692,707
693,881
694,713
694,720
694,992
696,711
696,835
696,896
697,712
697,717
697,718
697,870
698,889
699,714
699,799
700,887
701,846
702,715
702,716
703,719
703,721
704,709
704,734
705,738
707,766
708,710
708,869
709,975
710,876
711,730
711,901
712,731
712,861
713,919
714,725
714,727
714,729
714,733
714,853
715,723
716,733
716,788
716,874
718,724
718,728
718,914
719,732
720,722
720,994
721,726
722,741
723,737
723,745
723,747
725,735
725,740
725,746
725,810
726,738
726,742
726,809
727,959
729,767
730,736
731,736
731,739
731,743
731,744
731,748
731,749
731,786
731,913
732,836
733,734
733,934
734,760
735,761
736,757
736,826
737,751
737,758
737,789
737,916
738,936
738,980
739,998
740,756
744,930
745,752
745,753
745,754
745,759
746,750
746,755
747,815
747,837
747,963
747,969
749,762
750,776
752,764
752,768
752,788
753,774
754,766
755,926
756,767
756,928
757,770
757,773
757,886
758,763
758,765
758,777
760,771
760,772
760,990
762,769
762,775
762,866
763,778
763,986
764,784
765,862
765,931
766,779
766,788
766,901
767,781
767,992
768,787
768,789
771,782
773,790
773,791
773,921
774,780
775,784
776,785
777,783
777,786
778,803
779,799
779,926
780,794
781,874
782,796
782,800
783,801
784,885
785,792
785,844
785,979
786,797
786,953
787,793
788,824
789,833
790,795
790,802
791,797
791,798
792,805
794,809
794,815
794,816
795,806
795,845
795,914
796,808
796,863
796,921
798,952
798,981
799,811
799,812
800,840
801,804
801,810
802,814
802,968
803,807
803,813
803,968
804,824
805,889
806,828
809,818
809,819
809,825
809,887
810,822
811,821
811,826
811,895
811,920
812,829
812,913
813,960
814,820
815,827
816,817
816,823
818,837
818,920
819,838
820,872
820,993
822,831
822,925
823,834
823,835
823,836
823,840
823,915
824,833
824,839
825,832
826,841
828,830
831,843
831,852
832,850
834,845
837,848
839,842
839,849
839,853
839,903
840,846
840,847
841,844
841,851
842,856
845,987
846,854
846,859
846,861
846,925
847,856
848,855
850,857
850,894
852,858
852,860
853,862
853,863
853,944
854,865
854,867
854,930
855,872
855,874
855,884
856,873
857,864
857,931
858,900
859,868
860,869
860,871
861,866
862,870
862,968
864,879
864,929
865,881
865,883
867,885
868,880
869,876
869,968
870,877
870,948
870,959
871,889
872,916
873,875
873,882
873,884
874,878
874,891
875,893
875,929
875,932
875,939
876,957
878,886
878,890
878,892
880,888
880,984
882,887
882,889
885,891
885,924
885,933
886,903
888,906
889,897
889,902
889,905
890,898
890,899
891,894
891,904
892,895
892,896
892,901
892,951
893,900
895,910
897,907
898,948
898,978
898,997
899,909
899,915
900,911
901,913
902,918
903,910
903,912
904,916
905,908
905,914
905,917
907,923
907,951
908,919
908,921
909,922
910,925
912,926
913,942
914,924
917,920
920,939
920,957
921,931
921,936
921,937
922,933
922,934
923,928
923,929
923,938
924,932
925,930
925,939
926,927
926,935
928,941
928,980
929,948
930,952
930,954
931,942
932,949
933,950
933,953
933,989
934,944
934,945
934,955
934,981
935,951
936,940
936,943
936,947
937,953
938,946
939,959
940,956
942,961
944,960
945,964
946,963
946,995
949,969
949,984
950,962
950,980
953,958
953,968
954,959
954,967
955,957
955,965
955,966
957,997
958,977
964,972
965,974
967,971
967,975
969,970
969,973
969,976
970,978
970,980
970,982
970,985
971,987
972,979
973,981
975,986
975,995
977,983
977,984
978,996
979,990
980,997
980,999
981,991
982,989
983,988
983,998
985,992
987,993
987,994
987,995
987,1000
<end>