<number of tasks>
20
<cycle time>
1000
<order strength>
0.226
<z_alpha>
1.960
<task times>
1 247 142.9833
2 92 152.0795
3 507 2621.5539
4 167 1717.2021
5 150 227.5165
6 84 77.2986
7 99 542.2140
8 112 152.0208
9 475 5295.8952
10 98 497.6234
11 54 46.0793
12 230 2625.6997
13 109 137.0278
14 65 5.0672
15 197 539.1983
16 299 2809.0900
17 21 1.8611
18 452 11590.3161
19 138 955.9082
20 118 152.3093
<precedence relations>
1,7
2,7
3,7
4,7
5,10
5,11
6,8
6,9
7,12
7,13
7,14
7,15
10,16
10,17
16,18
18,19
18,20
<end>