<number of tasks>
50
<cycle time>
1000
<order strength>
0.195
<z_alpha>
1.280
<task times>
1 245 2023.1126
2 84 71.4265
3 480 12029.0383
4 501 10108.1599
5 483 754.3572
6 253 72.1759
7 156 801.4794
8 147 486.7512
9 249 2388.7799
10 225 1141.1307
11 340 5739.7818
12 39 33.7755
13 36 73.6035
14 49 0.9323
15 64 2.0235
16 37 16.6812
17 162 1238.4214
18 100 4.9421
19 128 317.6664
20 278 3106.6283
21 130 172.4105
22 170 1558.3704
23 91 353.1258
24 351 83.8373
25 264 3288.9923
26 375 919.3837
27 81 375.6223
28 178 1422.8016
29 481 5057.7134
30 106 54.8258
31 413 7953.1446
32 450 5096.0852
33 422 10314.1360
34 198 2041.2798
35 49 30.6185
36 308 5866.6715
37 159 124.7986
38 323 4823.3750
39 69 192.4991
40 194 447.3717
41 106 460.9860
42 151 1325.0696
43 49 67.3667
44 37 30.1493
45 119 71.8948
46 87 225.7127
47 440 5313.3830
48 507 2791.2524
49 80 313.5129
50 277 4520.1471
<precedence relations>
1,7
2,8
3,6
3,9
3,48
4,10
4,22
5,11
6,12
7,13
8,14
9,18
10,17
11,15
11,16
11,19
12,22
13,20
14,21
15,22
17,23
17,25
18,25
18,50
19,22
19,24
20,26
21,27
22,30
22,46
23,28
23,29
24,32
25,31
25,33
26,35
27,36
28,37
29,34
29,39
30,38
32,41
32,46
32,48
33,40
34,42
35,45
36,46
37,43
38,44
41,45
42,48
43,47
44,49
45,50
<end>