<number of tasks>
100
<cycle time>
1000
<order strength>
0.598
<z_alpha>
1.280
<task times>
1 183 72.3488
2 27 41.6400
3 307 3338.7582
4 167 6271.9263
5 149 3076.2290
6 217 7911.0136
7 137 3066.3738
8 36 311.0029
9 53 477.5730
10 413 9519.8887
11 297 16837.7404
12 156 3483.9965
13 57 177.8685
14 182 7756.4666
15 22 114.2778
16 176 3355.7548
17 84 1266.3184
18 55 700.0961
19 197 6440.5093
20 139 4602.2517
21 94 1494.0885
22 107 1369.3953
23 20 22.2938
24 56 650.3762
25 96 1150.7744
26 91 452.3805
27 188 8824.8592
28 117 770.3046
29 400 39640.4148
30 152 2209.6983
31 137 1106.1487
32 185 5146.1797
33 138 4740.2470
34 152 1011.1719
35 75 1036.3323
36 137 3990.7576
37 164 4866.7107
38 116 1833.4590
39 225 7263.5464
40 65 1049.8020
41 99 2317.0736
42 99 1376.7439
43 128 809.3556
44 161 754.3973
45 134 4175.2455
46 62 148.0271
47 126 1789.4850
48 118 883.3406
49 26 12.4203
50 106 2633.3772
51 115 2544.9416
52 291 8440.3740
53 57 129.8339
54 81 1191.8576
55 171 4764.1323
56 98 545.0916
57 203 2273.4247
58 26 13.8082
59 132 655.9580
60 58 623.9215
61 253 1625.3694
62 248 12292.6331
63 223 1004.0684
64 179 2604.0662
65 175 2949.0243
66 148 4639.6952
67 208 3701.1223
68 206 7623.8494
69 87 645.6476
70 192 1068.0566
71 103 2561.6163
72 131 807.5344
73 110 1610.0555
74 61 865.7802
75 220 4813.8786
76 172 3912.3177
77 39 270.5396
78 112 1322.3110
79 202 5615.5135
80 158 325.2060
81 129 2796.9178
82 141 17.5344
83 87 1069.4547
84 106 1647.7790
85 45 278.1617
86 260 3716.1579
87 26 58.1426
88 133 2532.1529
89 57 71.4704
90 236 9177.4184
91 217 9118.8458
92 136 1540.1189
93 164 1176.5826
94 56 265.5108
95 76 221.5742
96 148 4132.1859
97 57 460.0879
98 197 7237.2634
99 297 18616.2061
100 173 3092.2879
<precedence relations>
1,66
2,66
3,4
3,5
3,6
3,7
4,16
5,66
6,8
6,9
6,11
6,14
6,19
6,20
7,10
7,12
7,13
7,15
8,16
9,16
10,16
11,37
12,81
13,81
14,66
15,17
15,18
15,19
15,20
16,21
16,22
16,23
16,24
16,25
16,26
17,37
18,53
19,31
20,26
20,27
21,66
22,27
22,28
22,31
23,27
23,36
23,41
23,43
23,54
24,27
24,29
24,32
24,38
24,43
25,27
25,29
26,30
27,37
28,81
29,33
29,54
30,32
30,33
30,36
30,54
31,33
31,34
31,35
31,36
31,37
32,37
33,53
34,38
34,41
34,42
34,43
35,39
35,54
36,40
36,64
36,77
37,44
37,45
37,46
37,47
37,48
37,49
37,50
37,51
37,52
38,53
39,53
41,80
41,83
42,54
42,68
42,69
43,53
44,64
44,76
44,79
45,66
46,63
47,63
47,68
48,76
49,76
49,77
49,79
50,63
50,65
51,66
51,77
52,63
52,64
52,65
53,55
53,56
53,57
53,58
53,59
53,60
53,61
53,62
54,66
54,67
54,76
55,65
55,77
56,66
58,68
59,95
59,100
60,65
60,69
61,67
63,66
65,81
66,70
66,71
66,72
66,73
66,74
66,75
67,77
68,76
68,77
69,76
70,79
70,94
71,98
71,99
72,80
73,81
74,78
75,78
76,80
76,83
77,78
77,84
78,81
79,82
79,83
79,93
80,82
80,84
80,94
81,85
81,86
81,87
81,88
81,89
81,90
81,91
81,92
83,95
84,93
85,94
85,96
87,95
89,98
90,95
91,99
93,96
94,97
94,100
95,97
95,99
96,98
<end>