<number of tasks>
100
<cycle time>
1000
<order strength>
0.199
<z_alpha>
1.280
<task times>
1 41 21.7435
2 94 154.9306
3 211 1073.0915
4 21 8.8315
5 54 124.3147
6 108 110.8714
7 32 7.4073
8 69 263.8122
9 203 837.9526
10 49 52.2088
11 145 398.9038
12 101 343.2864
13 179 1806.9458
14 36 35.1106
15 32 20.2023
16 217 2367.5098
17 81 11.2213
18 86 460.0592
19 67 211.8754
20 99 246.6316
21 96 309.7056
22 52 121.0724
23 175 1381.1163
24 79 21.0745
25 146 902.6146
26 76 298.1486
27 133 243.0297
28 173 442.9203
29 119 118.3294
30 149 110.9792
31 246 892.7963
32 171 1061.3773
33 233 723.2073
34 29 5.6702
35 282 3135.2643
36 158 209.3956
37 26 28.3245
38 181 978.0572
39 130 336.5331
40 57 135.1446
41 131 321.5194
42 282 1171.3873
43 153 831.5879
44 177 874.4778
45 120 703.9058
46 35 49.5593
47 35 59.0922
48 134 452.8019
49 345 342.2149
50 156 370.9624
51 97 432.4714
52 147 1022.1431
53 40 22.8553
54 127 217.9460
55 208 2613.0725
56 25 30.0791
57 136 777.2425
58 118 519.7001
59 30 47.3816
60 127 452.6709
61 28 29.5466
62 195 1422.4687
63 153 610.5794
64 26 38.5985
65 30 14.0128
66 223 318.2915
67 180 1415.7975
68 277 2540.4103
69 94 311.0961
70 74 332.3944
71 121 552.9396
72 200 832.6677
73 246 167.6091
74 121 158.5586
75 143 1260.3577
76 81 54.3037
77 115 822.2456
78 68 182.9396
79 70 89.2217
80 107 236.8046
81 144 174.7268
82 62 149.8935
83 132 856.0149
84 125 114.0304
85 21 4.4082
86 74 250.3312
87 209 2108.9178
88 198 1026.0694
89 116 760.1082
90 117 508.8672
91 148 851.8445
92 242 3360.7740
93 174 1830.9190
94 123 71.1565
95 92 393.4099
96 164 750.6632
97 117 694.0928
98 115 721.4539
99 78 213.1634
100 229 2050.2909
<precedence relations>
1,12
2,10
2,14
4,11
4,61
5,13
5,43
6,16
7,15
7,28
7,83
8,9
8,17
10,19
11,18
12,21
14,22
16,20
16,49
16,50
17,61
18,27
18,73
19,29
20,23
20,24
20,25
20,26
20,28
20,30
21,22
21,31
22,37
25,32
25,38
26,36
27,33
29,34
30,39
30,40
30,41
31,35
32,47
32,48
33,42
34,43
34,46
35,49
35,50
36,45
37,44
37,50
38,47
38,90
40,67
41,68
42,53
42,56
43,57
43,58
44,53
44,55
44,70
45,96
48,58
49,51
49,52
49,64
49,71
50,54
50,59
50,97
51,65
51,66
51,67
53,68
54,81
56,62
56,64
56,99
57,60
57,63
57,94
58,61
59,69
61,71
61,73
65,75
65,77
67,70
67,77
68,74
69,72
69,76
70,78
70,79
71,81
72,80
72,84
73,82
74,83
74,100
75,85
77,86
78,87
78,91
79,90
80,90
86,88
86,89
86,91
87,92
87,93
87,94
87,95
88,99
89,97
89,100
90,96
91,98
91,100
<end>