<number of tasks>
20
<cycle time>
1000
<order strength>
0.500
<z_alpha>
1.960
<task times>
1 201 1168.4083
2 156 1925.0721
3 201 4251.4868
4 160 5865.7506
5 386 15503.8266
6 316 4193.8738
7 464 104.0073
8 88 880.4572
9 66 884.9820
10 472 21053.1578
11 163 1505.3193
12 453 7981.9695
13 117 1782.9566
14 89 1714.8258
15 321 24474.5772
16 402 14629.0358
17 346 26001.1339
18 224 9544.2601
19 88 87.9128
20 50 63.8335
<precedence relations>
1,7
2,3
2,4
2,5
2,6
3,7
4,7
5,7
6,8
6,9
6,10
6,19
7,11
7,12
7,13
7,14
9,16
11,15
11,16
11,17
11,18
12,15
12,18
13,19
14,15
14,16
15,19
15,20
<end>