<number of tasks>
20
<cycle time>
1000
<order strength>
0.553
<z_alpha>
1.960
<task times>
1 525 43155.3419
2 633 14135.1716
3 308 17458.5848
4 584 10978.0346
5 407 8211.3879
6 386 356.1520
7 501 46028.1969
8 587 37333.3131
9 526 24285.8717
10 521 43207.7803
11 588 15816.8447
12 616 32331.0734
13 295 1727.4077
14 330 464.4403
15 347 9195.1837
16 669 21421.7967
17 509 56376.4010
18 536 1786.8565
19 569 28236.3081
20 552 9825.8783
<precedence relations>
1,4
1,6
1,9
2,7
3,4
3,5
3,11
4,10
5,9
6,8
7,13
8,11
8,12
8,13
9,13
10,12
12,14
12,15
12,16
13,14
14,17
14,19
14,20
16,17
16,18
<end>