<number of tasks>
100
<cycle time>
1000
<order strength>
0.600
<z_alpha>
1.645
<task times>
1 584 6359.1017
2 513 3782.4790
3 383 6806.2356
4 275 1664.7460
5 432 6849.3719
6 548 15976.0473
7 531 11555.9604
8 627 9235.4467
9 589 10838.2724
10 457 11338.6724
11 473 7868.5678
12 352 5300.3032
13 496 4730.4960
14 327 1376.0049
15 404 6894.6376
16 388 4567.1025
17 567 719.9380
18 705 865.0280
19 481 11693.2996
20 531 6193.3157
21 489 2047.4211
22 730 11526.8269
23 471 438.0813
24 807 6045.0964
25 561 6725.8151
26 240 3486.1022
27 567 19024.9717
28 510 8117.0934
29 524 3102.0280
30 588 14140.0803
31 285 1846.4708
32 302 4745.3538
33 384 4200.1428
34 513 264.5142
35 372 5261.2229
36 258 1913.6008
37 570 6339.2611
38 495 1778.6286
39 622 1148.2217
40 258 1901.8049
41 453 3179.6404
42 451 12595.1139
43 465 7324.5228
44 325 4960.6447
45 352 2192.5792
46 386 144.4728
47 575 11162.9913
48 454 270.4025
49 693 8012.2253
50 339 4224.2103
51 715 12529.6660
52 384 7834.6668
53 718 16681.9198
54 472 1200.6729
55 446 6368.2332
56 334 315.4738
57 773 2522.6831
58 366 3984.3682
59 619 45.7180
60 538 11143.1949
61 542 1320.1649
62 473 12530.5297
63 310 53.3578
64 389 2822.1589
65 439 8412.7090
66 448 1168.1079
67 490 1421.2882
68 590 8679.3312
69 563 98.2493
70 340 1729.8458
71 566 8249.4345
72 536 9074.9406
73 472 12124.6004
74 546 11911.8631
75 262 3135.7265
76 408 5812.3602
77 541 2746.4985
78 450 1263.5010
79 501 10781.9893
80 647 1056.9647
81 547 14590.5611
82 531 15676.8057
83 374 5310.7532
84 616 8880.1282
85 491 11779.7955
86 340 6760.1926
87 434 10474.0767
88 500 11267.7629
89 279 3729.9800
90 609 8410.5912
91 405 6225.9243
92 462 10442.0443
93 580 1500.3444
94 362 2404.8830
95 738 15473.4634
96 322 2997.4446
97 426 8628.8179
98 560 12337.1502
99 582 17486.9000
100 458 994.8258
<precedence relations>
1,60
2,15
3,15
4,15
5,15
6,15
7,10
7,11
7,12
7,13
8,9
8,14
9,60
10,15
11,15
12,46
13,17
13,19
14,16
14,18
15,20
15,21
15,22
15,23
15,24
15,25
15,26
15,27
15,28
16,46
17,46
18,28
19,28
20,30
21,75
22,29
23,37
24,32
24,76
25,33
25,61
26,36
26,39
26,40
26,61
27,29
27,33
27,37
28,31
29,32
29,39
29,61
29,86
30,32
30,33
30,34
31,34
32,74
33,38
34,35
34,36
34,37
35,46
36,46
37,39
37,40
37,42
37,43
38,41
39,87
40,74
41,46
42,46
43,44
43,45
43,47
43,48
44,74
45,74
46,49
46,51
46,52
46,53
46,54
46,55
46,56
46,57
46,58
47,50
48,50
48,59
49,60
50,60
51,87
54,80
55,63
56,62
56,78
57,62
59,61
59,63
59,73
60,64
60,65
60,66
60,67
60,68
60,69
60,70
60,71
60,72
60,73
61,87
62,74
64,74
65,75
66,75
66,99
68,76
68,80
68,98
69,89
71,77
71,78
72,78
74,81
74,82
74,83
74,84
74,85
75,86
77,79
77,88
77,98
78,79
78,80
78,86
79,87
80,87
82,87
82,89
82,90
86,88
87,91
87,92
87,93
87,94
87,95
87,96
87,97
89,98
92,99
93,99
93,100
95,99
<end>