<number of tasks>
100
<cycle time>
1000
<order strength>
0.195
<z_alpha>
1.645
<task times>
1 298 860.4357
2 469 2994.5092
3 259 165.0527
4 128 1006.7512
5 412 7072.1203
6 510 12563.4936
7 257 2694.5463
8 522 14446.4862
9 67 68.4281
10 368 6285.5627
11 170 1698.4931
12 24 30.9968
13 63 164.1298
14 290 1489.3761
15 189 908.1450
16 121 735.8632
17 37 60.5871
18 258 2755.5206
19 231 3139.6902
20 430 11224.2804
21 174 143.7154
22 139 1043.5118
23 274 3490.0337
24 250 2538.8387
25 91 30.9542
26 48 22.0345
27 197 4.5867
28 120 109.5780
29 343 3802.3894
30 97 221.7131
31 112 32.7216
32 28 34.0717
33 536 12513.3807
34 174 1492.2123
35 60 23.5118
36 108 432.9920
37 413 7279.1972
38 380 7105.6092
39 153 1256.9637
40 225 1708.2570
41 183 1603.7818
42 193 69.2586
43 263 3296.0341
44 135 14.5372
45 82 172.5043
46 52 142.2228
47 262 898.5172
48 190 1234.5385
49 123 616.0597
50 165 959.2374
51 223 2854.2955
52 96 57.9800
53 136 455.7657
54 81 381.2478
55 119 407.9698
56 103 482.1272
57 377 8585.8596
58 147 270.3581
59 268 2181.2464
60 119 132.5181
61 130 144.7742
62 444 6662.6775
63 81 277.0388
64 551 11046.4436
65 140 1222.1500
66 327 1580.4682
67 46 116.6476
68 175 1836.2624
69 86 210.8481
70 277 933.9279
71 301 4127.2543
72 328 3152.4539
73 181 748.7066
74 145 1164.2720
75 65 87.6845
76 43 4.6651
77 521 3114.1448
78 468 9587.9567
79 239 1291.7864
80 545 2212.2326
81 605 21340.4836
82 284 2773.9180
83 90 35.7088
84 83 63.3743
85 251 395.3203
86 117 396.2020
87 148 7.6523
88 140 766.9266
89 192 1072.0874
90 221 149.6239
91 266 1989.2506
92 429 10105.0699
93 77 112.5158
94 247 1264.9916
95 140 1088.8015
96 104 208.8466
97 53 16.5645
98 94 208.1288
99 51 27.9010
100 278 1888.4604
<precedence relations>
2,18
4,12
4,16
5,11
5,13
5,20
5,47
6,14
6,17
7,15
8,19
10,66
11,24
13,26
15,21
15,67
16,27
16,92
17,22
17,25
17,89
18,26
19,23
19,47
20,60
21,33
22,32
22,95
24,28
24,30
25,29
26,31
26,34
26,52
27,28
27,91
28,36
29,39
29,43
29,44
29,45
30,37
30,41
31,42
34,35
34,38
34,40
35,49
35,53
36,48
37,50
37,52
38,45
40,46
40,51
41,54
42,46
42,54
44,47
45,65
46,59
46,61
47,64
48,62
50,56
51,60
52,57
52,58
53,55
53,73
53,87
55,63
55,67
55,100
56,70
56,83
56,94
58,64
58,68
59,66
59,68
59,71
60,67
61,65
62,69
63,76
64,75
64,77
67,72
68,74
68,78
69,73
72,85
73,81
73,82
73,83
75,84
76,86
77,79
78,80
80,91
81,88
81,89
84,87
85,92
86,90
87,97
89,93
89,94
89,99
89,100
91,95
91,96
91,98
<end>