<number of tasks>
100
<cycle time>
1000
<order strength>
0.197
<z_alpha>
1.645
<task times>
1 134 203.5344
2 149 569.7310
3 108 361.8996
4 113 368.0728
5 196 258.6477
6 130 762.8878
7 129 193.9320
8 39 15.3025
9 156 54.9838
10 24 21.1816
11 96 24.1417
12 142 316.2714
13 102 176.6714
14 187 1461.1533
15 40 38.2045
16 267 3316.9588
17 85 200.5037
18 61 162.1038
19 61 77.7669
20 125 933.4318
21 240 2185.7866
22 175 1018.5193
23 153 125.0302
24 284 4470.4307
25 44 88.7322
26 76 142.4406
27 51 91.3051
28 32 20.1932
29 26 11.7304
30 44 74.3214
31 270 776.5892
32 151 535.2022
33 280 365.9214
34 105 58.9344
35 393 5117.4303
36 26 2.6808
37 80 342.0217
38 77 239.8801
39 100 430.8111
40 157 1473.0541
41 261 1664.3048
42 198 1881.3457
43 140 703.1605
44 62 16.4470
45 182 1288.4313
46 101 158.6656
47 109 316.1079
48 262 2332.6648
49 175 1295.9546
50 116 368.4568
51 225 624.9545
52 31 52.0684
53 66 30.8671
54 140 521.7716
55 207 1105.7650
56 95 13.5669
57 152 1024.4666
58 37 14.6417
59 62 102.1624
60 177 640.2317
61 165 228.6727
62 53 97.6594
63 31 38.0334
64 84 435.7742
65 209 1457.7515
66 129 273.9127
67 124 522.0940
68 88 177.5571
69 133 64.5134
70 124 387.1727
71 174 1217.1414
72 28 14.4738
73 42 12.6207
74 33 59.1758
75 117 778.9745
76 166 1186.4924
77 123 854.9349
78 251 3678.2924
79 61 121.0367
80 113 564.7908
81 73 70.7304
82 75 16.8053
83 173 198.4938
84 114 85.3478
85 182 52.0173
86 168 104.4594
87 118 850.1083
88 298 3530.5082
89 220 2480.1000
90 34 2.0417
91 146 623.0964
92 114 671.1298
93 73 16.9855
94 261 2109.5386
95 110 197.1838
96 145 1252.6665
97 251 1487.4504
98 59 127.0580
99 82 133.8615
100 88 231.5331
<precedence relations>
1,10
2,14
3,8
3,9
3,12
3,49
3,54
4,11
4,43
4,56
4,61
5,13
5,39
6,15
8,16
9,17
10,18
11,19
12,20
13,21
14,22
15,23
15,24
15,25
15,26
15,27
15,28
15,50
15,67
16,33
17,29
18,33
19,30
20,33
21,34
22,31
23,32
25,35
26,99
27,36
29,37
30,39
31,38
32,41
33,40
33,42
35,43
36,48
36,64
37,44
38,46
40,45
40,51
42,48
42,50
42,70
43,47
43,49
44,53
45,52
46,54
47,55
47,70
47,75
48,56
48,57
49,92
50,84
50,94
51,58
52,59
53,60
54,61
54,65
54,67
54,70
55,68
55,71
56,62
56,68
56,69
58,63
58,64
58,66
59,73
60,75
61,72
62,74
63,93
65,77
65,98
68,77
69,78
70,76
72,79
73,82
74,83
75,80
75,81
75,86
76,84
77,85
78,87
79,89
80,88
81,90
82,91
83,92
87,93
87,94
88,97
89,95
90,98
91,96
92,99
92,100
<end>