<number of tasks>
20
<cycle time>
1000
<order strength>
0.521
<z_alpha>
1.280
<task times>
1 171 388.5126
2 499 11744.2057
3 312 584.8766
4 163 719.0714
5 101 77.7788
6 290 3357.1489
7 335 5769.8257
8 88 233.2608
9 142 610.0679
10 77 166.2970
11 349 4164.7282
12 241 78.3854
13 26 5.0647
14 353 5984.0418
15 71 141.9369
16 298 277.6297
17 491 10735.1060
18 188 223.6001
19 360 3863.0495
20 232 515.8168
<precedence relations>
1,3
2,4
2,5
2,6
3,8
4,7
4,16
4,19
5,8
6,11
7,10
8,9
8,11
9,12
10,14
11,13
11,14
11,15
11,16
11,17
12,19
13,18
14,20
15,20
16,20
17,20
<end>