<number of tasks>
100
<cycle time>
1000
<order strength>
0.195
<z_alpha>
1.280
<task times>
1 345 2261.0488
2 434 10804.5850
3 535 5592.5973
4 679 176.6833
5 690 9141.9981
6 651 10992.7679
7 633 6833.1516
8 380 7492.2527
9 373 546.0235
10 107 453.2049
11 393 2489.5128
12 413 1017.6319
13 440 2783.6178
14 459 12763.1433
15 452 9176.5465
16 480 8678.4740
17 486 11184.9246
18 608 22569.9453
19 688 12966.6034
20 445 903.2367
21 681 6591.2463
22 494 6133.9472
23 442 5860.5704
24 399 8049.9536
25 458 1995.3465
26 517 9393.1522
27 488 6836.4079
28 608 18788.2679
29 622 5546.4055
30 430 4153.9040
31 471 2514.1187
32 505 5037.9086
33 511 9291.3035
34 371 3681.8950
35 592 12766.1328
36 532 14581.3839
37 571 2191.2159
38 528 13840.5285
39 587 15849.2143
40 586 3244.8555
41 334 5833.1284
42 389 5734.5845
43 473 10395.7578
44 451 5883.5785
45 590 13153.9573
46 692 8654.3556
47 322 5707.5601
48 444 7133.0411
49 492 9692.0248
50 472 1916.0264
51 849 3649.7805
52 635 6213.4145
53 669 3730.5301
54 408 9334.3404
55 318 4748.0199
56 521 1776.1205
57 403 5961.6001
58 217 1565.8787
59 414 4444.8037
60 216 751.2265
61 336 2126.7315
62 335 6951.1646
63 528 1730.9932
64 482 4736.2100
65 350 6935.7216
66 234 1870.1650
67 656 8039.1889
68 680 19890.1713
69 466 11697.7375
70 473 8246.8174
71 315 2316.8904
72 392 8707.7817
73 600 10443.1805
74 738 14289.3055
75 448 2320.5808
76 473 11200.8632
77 720 5777.8305
78 498 2056.6978
79 642 21304.4988
80 604 12432.5217
81 308 5317.5812
82 418 2258.1502
83 373 8141.9135
84 356 2227.5961
85 746 13443.1095
86 658 26579.5632
87 488 10017.9634
88 614 21946.2004
89 327 2288.7450
90 448 323.6010
91 423 681.3490
92 552 16805.8714
93 494 12422.6747
94 532 3671.3930
95 434 6564.7987
96 358 1677.3528
97 517 2366.2941
98 546 10186.2071
99 638 18145.1912
100 530 3913.7373
<precedence relations>
1,18
2,91
3,20
4,17
5,14
6,16
6,19
8,44
8,78
9,15
11,84
11,98
12,72
13,20
14,25
14,50
14,56
15,26
15,96
16,21
16,24
16,51
18,22
18,34
19,27
19,28
20,23
20,44
21,31
22,31
23,34
23,55
24,57
26,32
27,33
28,29
28,30
29,35
29,40
29,42
30,36
31,39
31,41
31,43
32,38
33,37
34,35
35,45
36,49
36,52
36,53
37,48
39,44
39,47
40,51
40,53
43,46
43,50
45,59
46,55
46,56
47,57
47,60
49,67
51,54
52,58
52,84
53,61
56,66
57,61
57,64
57,65
59,63
60,62
60,67
61,74
61,75
62,68
65,69
65,72
65,73
66,71
67,70
67,73
68,89
69,81
69,96
70,76
70,82
71,78
72,84
72,93
73,77
74,80
75,79
75,83
76,88
77,90
78,86
79,85
79,87
79,89
80,93
82,91
84,92
85,100
86,94
86,96
88,98
89,95
89,99
93,97
<end>