<number of tasks>
20
<cycle time>
1000
<order strength>
0.547
<z_alpha>
1.645
<task times>
1 500 18438.4244
2 442 20369.6609
3 454 29389.3361
4 493 59364.0916
5 468 44558.3249
6 385 36482.0281
7 450 26049.9587
8 368 1450.7080
9 507 14198.7750
10 427 25740.8352
11 431 42629.0891
12 614 8811.4471
13 530 52568.6106
14 502 4274.6757
15 368 27256.6731
16 435 15322.5405
17 413 10841.7898
18 549 48563.0182
19 513 33909.5947
20 372 30065.5387
<precedence relations>
1,4
2,7
3,5
3,6
3,8
4,9
5,10
6,11
7,12
8,12
9,14
10,14
11,13
12,14
13,15
14,15
14,16
15,19
16,17
16,18
16,20
<end>