<number of tasks>
50
<cycle time>
1000
<order strength>
0.203
<z_alpha>
1.645
<task times>
1 243 2153.3500
2 286 9823.7991
3 54 376.1585
4 205 5948.3005
5 280 1182.7332
6 161 3759.5432
7 361 23572.2038
8 233 5881.9302
9 142 3794.6843
10 193 7080.8282
11 463 34828.2433
12 348 18142.0864
13 202 4417.5580
14 228 11441.0033
15 85 45.5911
16 264 5762.5940
17 120 457.1612
18 76 1086.4144
19 69 454.9298
20 344 24681.2754
21 522 33047.2156
22 44 122.9761
23 49 480.4079
24 56 718.4741
25 77 1354.4105
26 86 1647.5136
27 186 388.9539
28 530 57243.2976
29 346 10577.3767
30 236 10632.7545
31 284 3709.2513
32 329 6117.3943
33 545 7056.4828
34 267 8366.2831
35 147 3419.8012
36 507 53745.2947
37 205 8894.8514
38 218 9913.1136
39 118 3105.4031
40 317 24795.7826
41 123 1897.6567
42 45 387.4946
43 535 41286.0696
44 89 1554.8663
45 413 4773.7983
46 250 13074.9680
47 335 20116.5969
48 516 3618.0837
49 441 22078.9189
50 121 3535.7263
<precedence relations>
1,13
2,9
2,11
5,40
6,8
6,10
6,14
7,12
9,35
10,16
10,20
10,38
12,17
12,19
13,15
13,18
14,16
14,21
15,25
16,22
18,31
19,24
20,48
21,23
22,27
22,29
22,30
24,30
24,31
24,47
25,26
25,28
25,32
27,40
28,33
29,37
30,35
31,36
31,39
32,34
32,38
34,42
35,41
35,49
36,42
36,45
37,45
37,46
38,44
39,43
42,50
44,47
46,48
46,49
<end>