<number of tasks>
1000
<cycle time>
1000
<order strength>
0.195
<z_alpha>
1.645
<task times>
1 525 38136.0933
2 603 7624.5139
3 498 48823.7263
4 490 5786.1989
5 578 18207.3946
6 372 15745.7728
7 393 20982.9075
8 507 11102.8622
9 842 2893.1802
10 639 31245.9078
11 485 15927.3169
12 419 34833.0232
13 503 35711.1670
14 630 8748.2906
15 647 11650.0571
16 567 34979.3389
17 377 22580.6556
18 322 14367.6209
19 523 51923.0085
20 427 943.3120
21 416 24192.7894
22 513 54837.6593
23 584 4191.1326
24 510 46054.1325
25 378 15954.3945
26 401 7942.6728
27 313 20498.7873
28 393 30783.5566
29 591 16657.6419
30 405 22419.0173
31 535 43722.5925
32 366 19654.0260
33 503 50696.5825
34 480 14799.5616
35 654 8991.0343
36 364 11459.6598
37 677 8011.7093
38 618 14274.8758
39 506 14324.5199
40 371 26676.7770
41 651 8298.9877
42 677 23415.1579
43 472 19295.5786
44 528 13277.6185
45 236 11507.2226
46 374 28848.6693
47 646 29223.8133
48 781 324.0557
49 637 9415.3704
50 478 37209.9682
51 472 32266.7955
52 556 28056.6202
53 639 8765.0594
54 469 25317.7731
55 507 2769.0324
56 409 5551.4080
57 708 4817.5029
58 463 3453.2241
59 444 48961.9545
60 292 17938.9853
61 560 2470.4020
62 604 38844.2069
63 666 22068.1615
64 637 5196.3407
65 453 47396.2208
66 624 7361.1494
67 419 33472.6656
68 734 8257.0887
69 511 14721.9349
70 493 10099.3425
71 557 9861.6553
72 650 17111.4593
73 594 31482.0643
74 644 5922.9005
75 494 58155.3165
76 433 17624.7833
77 535 56093.9201
78 726 1839.6850
79 588 11328.1002
80 334 21731.1314
81 700 3484.8889
82 691 13162.9747
83 496 34015.0748
84 421 27004.0357
85 596 11682.3238
86 502 48222.1128
87 473 11440.4923
88 413 30643.4045
89 415 9243.7685
90 391 21005.7152
91 523 16614.8136
92 665 17968.9486
93 465 26268.5432
94 417 29079.9212
95 299 15602.0455
96 583 8467.4965
97 372 9099.7810
98 473 1862.2372
99 358 28813.0268
100 268 13034.6485
101 543 22454.9345
102 480 20523.1027
103 372 29774.0707
104 538 22467.7825
105 622 27898.9891
106 382 15852.1609
107 556 11439.2116
108 447 20220.4901
109 451 41348.3121
110 383 33998.7292
111 372 11325.9811
112 336 663.3206
113 387 233.7705
114 506 22663.5863
115 316 5968.9110
116 403 38755.7238
117 541 53267.9572
118 536 55332.1355
119 548 39108.2448
120 379 10531.5393
121 425 45137.4424
122 477 9815.2166
123 426 42449.5738
124 454 504.5982
125 415 38449.7231
126 507 23896.1021
127 500 4095.5545
128 738 14635.5899
129 515 29513.6723
130 480 26037.8707
131 510 13821.6728
132 421 1507.3270
133 708 11344.9228
134 552 1667.0563
135 561 46713.9953
136 524 9034.4675
137 313 12476.5998
138 363 9090.5405
139 394 21648.6568
140 467 26546.7654
141 588 32592.8269
142 580 22444.7296
143 805 6976.8344
144 589 21082.9310
145 590 34498.8154
146 433 23948.3965
147 539 29704.0934
148 426 9039.7942
149 586 471.0956
150 682 21626.3929
151 417 26230.9202
152 555 19108.8572
153 545 26649.0113
154 546 23457.2151
155 602 8197.0023
156 573 30349.6924
157 468 20644.3832
158 403 20592.2786
159 611 2737.4163
160 546 44132.3117
161 461 17560.6595
162 378 23012.3734
163 428 768.3961
164 236 12061.9237
165 554 7669.6817
166 350 13859.1178
167 503 59205.1655
168 417 19871.2403
169 614 10001.8341
170 661 28220.1854
171 510 393.8943
172 639 8687.9298
173 482 5104.6556
174 396 31611.1693
175 378 8994.6428
176 532 54497.7029
177 609 27799.7056
178 557 49924.4367
179 591 29705.7218
180 439 41234.3967
181 511 501.4972
182 334 9231.0507
183 565 33728.1993
184 401 1838.3051
185 542 5100.2055
186 607 24135.2928
187 454 32148.9756
188 590 2319.9465
189 479 39187.2080
190 579 19502.5750
191 476 43180.7677
192 589 34292.3458
193 433 1845.8350
194 508 1189.8212
195 541 6714.5248
196 601 855.2597
197 650 717.1043
198 352 4378.8778
199 687 14004.2400
200 616 11254.6639
201 630 31006.9337
202 473 39587.1782
203 475 34668.0236
204 629 26432.4309
205 659 18504.1663
206 275 290.2712
207 625 8274.6942
208 575 36271.8279
209 411 3778.2151
210 390 118.7413
211 311 17070.0746
212 439 18501.0042
213 456 45808.9646
214 607 37924.6567
215 430 6348.3095
216 420 5961.0510
217 480 53627.8804
218 607 34171.6390
219 281 19052.8822
220 303 13922.8152
221 409 33619.4705
222 536 35959.6005
223 518 48042.8958
224 460 36126.1261
225 624 23008.2784
226 509 12002.8725
227 338 7622.6477
228 542 47323.5415
229 523 50723.3969
230 573 14181.6531
231 657 11370.8930
232 569 40669.2362
233 647 2355.5540
234 387 37171.0798
235 641 16876.6152
236 603 20162.0120
237 410 24658.5911
238 530 5998.2891
239 595 40953.5591
240 328 16590.5373
241 554 38971.0501
242 377 12658.5055
243 487 50005.3935
244 631 20570.2964
245 242 8891.6890
246 721 9889.7762
247 716 9197.2458
248 638 5408.5476
249 797 3796.7216
250 292 12903.3678
251 421 22839.2345
252 495 392.7639
253 357 14242.2858
254 609 16309.4501
255 547 52512.4382
256 318 15851.4342
257 512 7829.1760
258 639 21262.3782
259 585 4700.1904
260 480 14390.4066
261 577 5383.2162
262 462 838.0712
263 580 32138.3636
264 480 55869.6407
265 352 28748.2389
266 566 13919.7986
267 368 21248.8926
268 553 13252.3657
269 446 28852.3791
270 650 20640.1964
271 267 16992.8137
272 502 60299.6326
273 423 39465.6297
274 521 28800.0173
275 416 35760.1250
276 146 3953.7632
277 586 5262.9744
278 305 17598.8750
279 380 27958.6153
280 344 2306.6422
281 560 48252.7346
282 675 7268.2676
283 705 21290.5158
284 513 10569.7283
285 405 22677.0055
286 420 25545.7985
287 425 1864.1674
288 382 32963.2809
289 525 20023.1837
290 284 16230.3913
291 497 21489.0203
292 372 2657.1666
293 678 2302.9095
294 411 37254.8533
295 671 15439.1491
296 615 25638.8899
297 544 28750.3898
298 584 5554.4268
299 647 16652.4742
300 688 6896.7131
301 405 22043.0650
302 476 49705.1346
303 475 15711.5380
304 456 28254.7114
305 514 36472.4574
306 538 4254.9864
307 368 32297.4227
308 566 32482.3604
309 547 44651.7585
310 633 9036.2904
311 582 16037.0359
312 300 6760.9720
313 720 6112.7954
314 276 5874.5114
315 485 1714.1042
316 373 1315.1064
317 277 1578.3912
318 384 36238.2153
319 442 9165.1436
320 500 19780.0384
321 227 2652.7511
322 536 22753.9158
323 594 36576.6641
324 540 46984.2746
325 601 1003.6094
326 310 5503.7270
327 351 26129.4568
328 461 12790.1941
329 380 16650.8770
330 503 36001.8219
331 378 31118.3329
332 362 20884.6102
333 287 16037.5194
334 563 29779.9569
335 577 34599.0672
336 392 15433.4799
337 417 38983.8007
338 486 30459.3617
339 457 21489.2009
340 643 19389.9587
341 612 1477.7524
342 317 18566.6246
343 446 48554.7965
344 562 16124.7162
345 519 54669.7497
346 619 14359.1673
347 628 23803.2908
348 291 180.6654
349 591 42479.2561
350 506 28158.2910
351 610 7861.8593
352 334 13853.6144
353 265 6001.1265
354 568 22861.4967
355 529 14885.8124
356 628 34976.5110
357 620 29253.4026
358 392 19253.4952
359 524 27451.1980
360 487 36512.4981
361 247 7101.3193
362 438 41912.8836
363 395 33791.5949
364 508 40967.4477
365 494 22491.2903
366 402 14255.4121
367 498 12282.5749
368 406 15757.1123
369 538 37563.7541
370 446 36811.3056
371 666 3694.6874
372 332 13531.9872
373 593 16966.5057
374 483 5931.3509
375 562 18679.3649
376 699 9436.5220
377 591 7836.4365
378 531 7825.9178
379 407 28298.9873
380 574 34825.6813
381 772 877.8472
382 582 35449.2564
383 486 52210.6084
384 329 15695.7596
385 626 25287.9410
386 599 28635.2285
387 691 543.2451
388 423 17647.7206
389 334 14097.9675
390 421 33002.2776
391 363 20216.4732
392 406 9510.5968
393 590 28709.3953
394 629 9890.8154
395 530 40363.1651
396 388 5848.9456
397 735 768.7906
398 677 10166.0678
399 503 29129.0133
400 621 15686.7181
401 514 18539.7625
402 390 15611.3335
403 602 40702.2371
404 517 27754.9507
405 550 13753.3244
406 523 47768.4385
407 648 16139.7996
408 652 18853.3027
409 556 40571.8959
410 542 1401.6394
411 459 36750.4289
412 244 6312.7282
413 610 6238.0353
414 476 55906.4133
415 451 28541.2275
416 349 25375.1043
417 572 8655.4458
418 459 52024.6384
419 534 7923.5708
420 522 56493.5822
421 223 10153.0044
422 398 711.9440
423 444 33254.8253
424 631 16587.6951
425 587 522.7986
426 605 26958.6528
427 707 8297.6031
428 579 25942.4116
429 435 9183.0777
430 329 15895.2744
431 545 48562.0835
432 462 13424.7906
433 691 7079.7771
434 461 52992.9945
435 283 14731.9796
436 376 2031.8839
437 505 61217.7350
438 548 9356.9112
439 318 11422.9095
440 401 29593.7385
441 647 11098.9353
442 300 307.7695
443 295 8063.8468
444 538 44534.5530
445 697 20552.9355
446 362 27778.6682
447 597 29798.1003
448 595 40532.4715
449 609 21767.2621
450 593 38188.9384
451 534 52974.5882
452 545 4372.8310
453 323 21380.6993
454 610 22803.3835
455 564 20210.6385
456 387 34191.9467
457 595 40867.2793
458 438 41132.3655
459 399 20949.6537
460 373 11744.3831
461 643 16181.5741
462 485 23811.0845
463 550 5921.1100
464 235 7104.3483
465 674 18591.1113
466 466 11064.9962
467 516 53036.5467
468 604 11744.4187
469 520 27937.3549
470 601 39540.2067
471 444 12461.7201
472 586 37000.5339
473 415 11514.9094
474 529 30244.3052
475 126 552.2734
476 302 15539.4361
477 504 55026.2808
478 598 35573.4316
479 480 36273.7911
480 397 18728.5486
481 779 7039.5665
482 640 18323.8320
483 517 56742.9520
484 615 16565.9202
485 254 14358.8807
486 580 11043.9090
487 334 11649.9687
488 672 14523.8721
489 500 19488.0370
490 479 47475.6370
491 511 1732.1792
492 505 50088.5416
493 407 19230.2265
494 552 47160.8510
495 674 27437.6905
496 426 16226.8444
497 454 47455.5018
498 487 26666.7454
499 565 35024.2716
500 440 46992.5301
501 507 14055.8589
502 402 38038.8722
503 593 34577.4775
504 406 15857.2942
505 346 526.4947
506 589 32871.7145
507 738 13657.5465
508 520 36421.4976
509 595 31472.5968
510 454 43100.6118
511 417 9593.1189
512 477 22986.6917
513 469 21041.6323
514 189 202.3011
515 704 15120.0633
516 618 15671.2470
517 549 46225.9736
518 675 22151.0425
519 648 2804.6449
520 383 9923.8915
521 331 19972.0310
522 566 14672.7701
523 555 26657.3288
524 571 6826.6169
525 511 62134.1761
526 410 24840.4922
527 394 31532.5752
528 616 32575.7954
529 722 5055.0609
530 236 5075.1520
531 617 33464.7248
532 530 50568.6534
533 644 19883.4985
534 434 17225.1045
535 417 42112.0052
536 429 22763.6120
537 437 8113.1041
538 520 12960.5073
539 599 9493.2864
540 605 11745.8041
541 496 54825.3150
542 632 2718.7209
543 431 9272.3338
544 531 12178.3211
545 459 30171.6442
546 698 5634.0680
547 566 31333.5593
548 580 34674.5607
549 534 1317.2997
550 479 16685.1152
551 261 16350.3207
552 428 37864.8869
553 648 5146.8799
554 461 26305.6022
555 469 21380.4152
556 531 53387.2240
557 366 6416.3498
558 483 5871.4347
559 698 12228.1819
560 735 16152.3114
561 475 24539.3122
562 560 35536.4742
563 460 37170.0112
564 493 26313.4324
565 515 9526.7712
566 554 38595.4910
567 331 2629.2970
568 688 22577.0848
569 503 23752.3855
570 170 6890.8999
571 542 22333.3330
572 705 16129.3666
573 396 38542.3343
574 620 7678.4805
575 421 7594.3395
576 577 1482.1387
577 357 21452.6405
578 606 15437.2041
579 616 26369.0942
580 612 14073.4025
581 370 8428.5115
582 597 31083.8051
583 561 46894.0950
584 613 12658.2845
585 513 46308.1653
586 515 1121.3531
587 417 984.3502
588 294 9996.0691
589 549 4656.6206
590 331 12156.5785
591 321 22097.4330
592 294 16441.6575
593 431 6573.9787
594 418 21749.6121
595 366 15423.4086
596 600 40964.7317
597 675 102.0075
598 356 20615.1992
599 473 1774.8252
600 470 41632.8798
601 364 17085.8276
602 707 20013.2279
603 676 20781.7020
604 638 22550.7403
605 585 7636.0716
606 629 10896.7781
607 317 927.0802
608 319 8282.2762
609 245 4476.7708
610 659 582.4887
611 531 41036.0540
612 521 7465.8430
613 472 34578.5270
614 453 698.3060
615 723 3167.3724
616 626 959.5337
617 589 25534.7721
618 741 2832.5807
619 684 10536.2128
620 561 41209.2819
621 404 13078.3358
622 590 9566.1973
623 417 7171.3769
624 486 34211.5775
625 422 41604.9900
626 505 22379.5424
627 640 24337.0316
628 538 24590.1878
629 433 29426.8715
630 485 6004.7820
631 458 39368.4166
632 584 22916.7200
633 326 5780.6998
634 582 43218.9036
635 535 55309.1881
636 470 38091.9843
637 614 29434.5090
638 403 35636.0051
639 419 40003.7503
640 648 3180.6805
641 534 238.9491
642 408 5492.3679
643 395 20629.7218
644 360 9674.5434
645 225 8185.8141
646 667 13002.3606
647 444 19075.3512
648 478 22932.6968
649 661 2518.0857
650 579 36699.7952
651 748 734.6550
652 636 14802.2659
653 537 38164.2745
654 705 1496.7008
655 402 6991.8044
656 337 6075.9424
657 465 2398.9817
658 596 39944.1471
659 669 889.5531
660 290 149.9596
661 374 14271.8662
662 688 18344.1055
663 679 11317.4106
664 506 12483.9079
665 510 37540.6970
666 276 15392.8714
667 346 7538.7973
668 501 24080.6048
669 481 29933.6873
670 617 1880.1438
671 620 13935.9555
672 380 23498.0763
673 338 14932.8976
674 529 45507.1321
675 180 3327.1078
676 497 54503.8641
677 304 2659.0751
678 442 5731.6258
679 486 46269.9320
680 473 24053.4429
681 583 3015.2635
682 498 5122.9814
683 528 52098.4103
684 624 14162.8562
685 600 18330.6037
686 485 16932.5242
687 412 9147.8670
688 426 3626.8926
689 420 20284.8704
690 477 1404.6480
691 421 36416.0836
692 661 8142.6596
693 542 29279.2155
694 266 4644.1110
695 622 35522.9860
696 404 28862.0703
697 612 28771.8807
698 542 35488.7022
699 588 27618.7199
700 529 6071.9220
701 485 31717.0899
702 434 2015.7352
703 547 28792.0340
704 557 12991.9661
705 605 4564.1957
706 566 13871.5977
707 482 17105.7275
708 355 30457.2933
709 480 43697.2770
710 588 20101.3907
711 444 31392.5348
712 500 40824.1606
713 582 42386.0904
714 370 19671.7942
715 407 37429.7224
716 490 12765.1448
717 618 33335.4569
718 430 3363.2248
719 529 5826.3183
720 498 11066.9419
721 662 27463.5788
722 499 42489.2714
723 843 4728.2150
724 581 12712.1668
725 956 339.7863
726 550 19555.4080
727 416 22034.2343
728 283 17532.2660
729 613 35513.4646
730 733 4616.9537
731 443 16797.1765
732 538 3517.2136
733 582 21951.3782
734 593 40400.6089
735 537 5427.9683
736 469 52524.9817
737 579 10468.5389
738 472 15059.1438
739 501 10607.8078
740 645 27015.3621
741 566 43639.9804
742 419 3305.2118
743 410 1772.6204
744 461 24502.6250
745 418 17585.8969
746 591 39972.9510
747 340 262.9200
748 336 12500.9226
749 662 23088.5334
750 641 1565.8555
751 502 32911.7980
752 421 6697.3269
753 365 33046.1974
754 309 21034.0888
755 411 27281.0865
756 779 691.2893
757 319 5416.3875
758 536 53239.8974
759 555 20372.2436
760 500 56159.8642
761 566 8782.8591
762 216 9939.3415
763 449 47637.6681
764 558 28496.1542
765 459 30966.9037
766 338 27531.8758
767 417 1635.5782
768 368 8405.5675
769 341 17005.9371
770 372 16467.8628
771 585 12641.8184
772 418 23250.8963
773 383 189.6163
774 459 3335.2170
775 400 36143.8264
776 599 23230.5464
777 462 46116.7499
778 459 921.4213
779 666 6765.7420
780 514 2874.8028
781 387 36493.9108
782 562 39185.2881
783 379 3940.9407
784 489 18289.9224
785 464 42366.6897
786 501 28896.5785
787 346 29566.7872
788 431 43082.2943
789 630 16157.9440
790 568 40123.4178
791 382 17487.4741
792 500 41243.9579
793 457 14034.2412
794 405 14787.9410
795 603 6525.6131
796 284 1494.6870
797 709 12954.9846
798 666 17855.3266
799 587 14820.1296
800 295 7352.6681
801 472 18672.0651
802 482 35046.2359
803 621 7041.8334
804 647 2143.7124
805 218 1243.0882
806 554 47473.9388
807 595 42359.8690
808 403 3497.9328
809 638 32145.9923
810 548 35356.2890
811 484 41448.9143
812 649 18915.9700
813 440 35656.8143
814 372 22127.5458
815 448 11838.0462
816 508 11159.1150
817 509 12608.2011
818 424 16172.7040
819 449 11464.9159
820 416 40983.7987
821 372 31054.4459
822 685 8418.2578
823 463 52362.1378
824 477 47616.6917
825 534 40283.2842
826 564 4490.7880
827 554 51526.3530
828 534 37876.7828
829 497 11641.5400
830 655 17740.3551
831 261 7233.9546
832 568 2034.9922
833 450 16957.3977
834 720 5672.2303
835 476 38554.7885
836 400 17594.4028
837 526 33661.9967
838 534 55732.5829
839 334 9731.2967
840 567 45161.6952
841 408 34040.9270
842 263 10447.6498
843 404 8941.4267
844 387 8804.6766
845 567 31660.1797
846 405 11183.0717
847 293 13992.3297
848 260 7359.7186
849 352 12074.9001
850 534 44803.0175
851 395 6173.6066
852 396 13761.8577
853 540 25381.5535
854 349 1381.8505
855 726 1183.3365
856 698 22491.6303
857 555 1025.7030
858 342 19727.1618
859 643 32684.1069
860 419 36859.0478
861 336 26162.4455
862 490 38260.1343
863 404 26298.8646
864 640 32385.3064
865 314 9893.4307
866 568 4072.6989
867 518 25530.9986
868 689 10070.5211
869 749 13079.0644
870 671 21341.3248
871 580 34677.9613
872 456 50471.6501
873 434 1156.4127
874 551 45729.2969
875 641 10251.9537
876 422 33769.0941
877 526 7189.2997
878 576 39302.2939
879 587 5266.2301
880 600 40350.8217
881 305 2857.5673
882 492 44445.3722
883 323 3570.0036
884 508 1199.8304
885 461 43326.5344
886 697 18664.0876
887 491 33572.5492
888 497 29917.6628
889 476 54966.3239
890 464 38671.7263
891 544 3900.7540
892 461 37641.8574
893 486 687.1163
894 597 694.6080
895 406 16687.3098
896 569 13535.1591
897 473 14498.2860
898 689 24225.6150
899 655 15530.6712
900 632 23141.7476
901 487 23808.9694
902 736 14565.3532
903 304 2568.9986
904 277 5799.4877
905 386 12141.6080
906 745 6908.7986
907 369 9592.9988
908 447 7221.4272
909 413 20029.7366
910 391 36218.1032
911 541 27895.2783
912 343 11509.3901
913 485 53030.8247
914 487 34147.7405
915 250 5893.5070
916 771 8316.5430
917 627 13006.5014
918 567 48137.1225
919 593 28248.8495
920 574 6643.9173
921 467 522.5734
922 359 13062.2614
923 505 38193.6861
924 437 45221.1026
925 585 12105.6063
926 388 20557.5999
927 320 10083.8705
928 507 22672.4917
929 552 26982.7373
930 451 3848.1838
931 358 18217.9008
932 129 1914.2607
933 546 40410.3847
934 512 51260.9529
935 412 18846.6879
936 614 35433.5352
937 360 14075.5172
938 628 4211.5628
939 501 50788.3123
940 359 20447.0165
941 448 33472.4812
942 663 17234.8052
943 395 34006.2917
944 532 13340.0495
945 473 27260.8314
946 676 18267.3582
947 270 5615.4810
948 355 15221.2035
949 549 25025.3763
950 678 16632.7711
951 707 20838.2655
952 598 19519.4775
953 298 16326.5685
954 199 6160.7505
955 608 12568.6316
956 581 10107.7288
957 510 61203.9097
958 501 31019.9989
959 563 33423.7469
960 503 23658.2393
961 420 7776.3687
962 489 8283.0754
963 434 11930.9237
964 500 2732.6233
965 607 20141.3705
966 562 17664.9402
967 474 3203.1701
968 454 6384.1115
969 668 25262.3942
970 606 8437.2166
971 458 48576.5718
972 505 39069.8257
973 690 5755.9566
974 540 29423.9833
975 425 14550.3178
976 596 21069.0379
977 461 35925.2725
978 338 2.3648
979 567 43244.4775
980 518 18925.5851
981 504 15877.6423
982 798 7440.0292
983 706 21204.3441
984 247 8013.8055
985 520 14646.7800
986 435 45632.8899
987 508 28594.6534
988 516 40289.6507
989 529 15393.3168
990 449 25910.2581
991 432 19785.2629
992 140 11.2850
993 352 1065.1363
994 450 16836.4218
995 338 14452.0535
996 570 38554.6544
997 536 55059.9634
998 319 14588.0820
999 507 53910.3934
1000 715 8311.1710
<precedence relations>
1,18
2,20
3,21
4,23
5,24
6,17
6,19
6,26
7,22
7,31
8,25
8,29
8,32
8,33
8,484
11,483
11,707
12,376
14,27
16,28
16,30
16,206
16,613
17,34
18,36
19,35
20,37
21,44
22,38
23,39
24,41
25,40
26,42
26,66
27,45
27,48
27,49
28,157
29,47
29,572
30,43
30,820
31,538
31,778
32,279
33,46
33,47
33,50
33,229
33,280
33,417
34,51
35,53
36,54
37,55
38,56
39,58
40,61
41,59
42,60
43,52
43,533
45,57
45,66
46,63
48,65
48,67
49,62
49,373
50,64
50,437
50,464
51,77
52,68
53,70
54,69
55,71
56,74
57,75
58,76
59,72
60,73
61,82
63,78
64,501
65,83
65,617
66,79
66,80
66,81
68,85
69,86
70,87
71,84
72,88
73,89
74,91
75,90
76,91
77,97
78,95
78,98
79,94
79,96
79,99
79,437
80,520
81,98
81,101
81,443
82,92
82,100
82,441
83,93
83,102
83,373
84,103
85,104
86,106
87,107
88,112
89,108
90,109
91,105
91,114
91,987
92,110
92,116
92,664
93,115
93,119
94,421
95,111
98,118
98,919
98,937
99,117
99,978
101,113
102,497
103,122
104,121
105,124
106,126
107,127
108,128
109,129
110,130
111,120
111,123
111,125
112,132
112,140
113,138
114,131
114,134
114,338
115,136
115,552
116,137
118,135
118,139
118,486
119,133
120,141
121,142
122,143
123,144
124,145
125,146
126,148
127,153
128,149
129,151
130,152
131,147
132,150
132,358
133,154
133,157
134,156
134,857
134,897
135,155
137,158
138,152
138,159
138,417
140,377
140,442
141,167
142,168
143,169
144,170
145,161
146,171
147,162
148,163
149,164
150,165
151,166
152,160
152,175
152,176
152,181
152,259
152,282
153,173
153,178
155,172
157,174
157,180
158,177
158,179
160,182
161,189
162,185
163,187
164,183
165,184
166,191
167,188
167,506
167,737
169,192
170,595
172,186
172,598
173,634
173,857
174,193
174,194
176,840
177,359
177,596
178,190
178,483
179,192
179,298
180,443
181,380
182,202
183,196
184,197
185,204
186,200
187,199
188,195
188,205
188,207
189,203
189,557
190,198
192,206
192,209
192,210
192,306
192,356
193,201
193,437
194,208
195,213
196,215
197,211
198,218
199,220
200,216
201,212
201,217
201,219
201,222
201,223
201,225
201,229
201,420
202,224
202,231
202,558
203,214
203,234
203,440
203,961
204,617
205,221
205,228
205,232
206,226
206,230
206,233
206,431
206,726
207,522
208,227
208,256
209,235
209,236
211,237
212,238
213,251
214,239
215,240
216,242
217,243
218,244
219,245
220,252
221,246
222,248
223,249
224,241
224,247
225,616
225,921
227,250
227,278
229,255
230,854
231,254
231,258
233,257
233,529
235,259
236,253
236,256
237,261
238,269
239,264
240,262
241,263
242,270
243,267
244,272
245,265
246,268
247,266
248,268
249,273
250,260
250,275
250,280
250,296
251,278
251,282
253,271
253,274
254,277
254,281
256,283
257,487
258,915
259,276
259,279
259,724
260,284
261,286
262,287
263,288
264,289
265,297
266,291
267,293
268,285
268,292
269,301
270,669
271,290
273,303
274,294
275,295
276,302
276,516
276,766
277,296
277,300
277,381
277,420
277,766
278,304
280,298
280,299
280,400
281,513
281,737
282,306
283,305
283,574
284,309
285,308
286,315
287,318
288,310
289,311
290,312
291,313
292,314
293,318
294,316
295,317
296,307
298,320
298,322
300,323
300,854
301,324
303,343
304,725
305,319
306,321
307,325
308,326
309,327
310,338
311,339
312,330
313,328
314,329
315,333
316,335
317,331
318,340
318,343
318,755
319,332
320,334
321,336
321,341
322,337
324,342
325,345
326,344
327,349
328,346
329,347
330,348
331,350
332,351
333,356
334,352
335,355
336,353
337,354
338,360
338,362
339,899
340,363
340,925
341,357
341,359
341,361
341,395
342,725
343,358
344,365
345,366
346,367
347,372
348,368
349,369
350,370
351,374
352,371
353,372
354,372
355,364
356,373
356,376
356,378
356,382
358,375
358,727
359,377
359,380
360,379
360,738
361,381
361,383
362,461
363,384
363,614
364,385
365,389
366,386
367,387
368,388
369,396
370,390
371,393
372,391
372,394
373,392
373,395
374,402
374,466
374,741
374,779
376,400
376,403
376,574
380,398
380,404
381,401
381,405
381,645
382,397
384,399
385,414
386,407
387,411
388,412
389,408
390,415
391,409
392,410
393,416
394,413
395,406
395,587
395,754
396,856
396,992
398,856
400,419
400,420
400,534
403,417
404,421
405,418
405,916
406,422
407,424
408,425
409,423
410,426
411,427
412,428
413,433
414,430
415,431
415,437
415,441
415,444
415,686
416,435
416,555
416,557
417,429
417,436
419,434
419,438
419,443
420,440
420,442
421,432
421,439
422,457
423,445
424,448
425,446
426,451
427,452
428,453
429,454
430,447
430,455
430,456
430,554
431,449
431,461
432,450
432,465
433,458
433,464
436,462
438,466
439,537
440,460
440,541
441,459
444,463
444,541
445,471
446,467
447,468
448,475
449,469
450,470
451,476
452,475
453,475
454,472
455,473
456,474
457,485
457,486
459,477
459,483
459,487
460,489
461,482
461,488
462,673
463,478
463,484
464,480
464,490
466,479
466,481
466,1000
467,493
468,492
469,494
470,496
471,495
472,496
473,496
474,497
475,491
475,504
476,506
476,754
477,938
480,501
481,634
482,588
483,503
484,753
485,499
485,500
485,505
485,782
486,498
487,502
487,782
491,507
492,508
493,509
494,510
495,511
496,517
496,871
497,523
498,520
499,518
499,598
500,512
500,515
500,516
501,513
501,521
502,519
502,687
504,646
505,514
506,522
506,893
507,529
508,526
509,524
510,530
511,527
512,525
512,528
512,532
512,536
513,538
514,540
515,534
515,535
515,537
515,832
516,535
516,542
516,652
520,539
521,541
522,533
523,531
524,543
525,544
526,545
527,547
528,548
529,549
530,551
530,557
531,546
532,558
534,552
537,556
537,559
537,560
537,561
538,554
538,555
539,550
540,553
542,785
543,562
544,563
545,565
546,566
547,564
548,569
549,568
550,567
550,578
550,723
552,572
553,573
553,579
555,574
555,577
556,570
556,575
557,571
558,576
559,857
559,981
561,820
562,581
563,582
564,580
565,589
566,583
567,584
568,585
569,586
571,595
571,596
572,924
573,591
573,770
573,834
574,587
574,593
574,594
575,592
576,588
576,636
576,998
577,597
577,598
577,958
579,590
579,599
580,601
581,602
582,605
583,604
584,607
585,609
586,611
587,600
587,606
587,619
588,603
589,616
589,617
589,618
590,608
590,615
590,721
590,959
591,610
591,614
592,740
594,621
596,612
596,780
598,620
599,613
599,622
600,623
601,625
602,624
603,626
604,627
605,632
606,628
607,632
608,629
609,630
610,631
611,632
612,633
615,638
615,655
616,634
619,635
619,637
620,640
620,777
621,636
621,770
622,639
623,643
624,641
625,645
626,644
627,642
628,645
629,647
630,645
631,648
632,654
633,651
633,656
633,730
635,650
636,646
636,655
637,649
638,653
640,652
640,978
641,664
642,657
643,659
644,662
645,660
645,668
645,670
646,658
646,672
646,673
646,800
647,669
648,666
649,661
649,663
650,667
651,665
656,671
657,676
658,677
659,678
660,679
661,681
662,684
663,674
663,687
664,691
664,692
665,675
666,680
666,974
668,682
669,688
669,736
670,686
670,689
671,685
671,725
673,683
673,690
673,941
674,694
675,697
676,693
677,698
678,701
679,700
680,699
681,700
682,695
682,702
683,696
683,705
683,832
684,797
685,724
685,941
687,703
687,704
688,707
690,720
691,706
692,873
693,708
694,715
695,709
696,710
697,711
698,712
699,714
700,713
700,725
700,727
700,975
701,721
701,730
701,894
702,728
703,717
703,722
703,729
703,750
704,718
704,720
705,716
705,719
706,726
707,723
707,724
708,736
709,731
710,734
711,737
712,732
713,733
714,735
715,741
721,938
723,740
725,738
728,739
731,743
732,742
733,745
734,746
735,744
736,747
736,748
736,749
736,755
737,750
737,754
739,751
739,752
739,756
740,753
742,757
743,758
744,759
745,763
746,760
747,761
748,762
749,764
750,766
750,769
750,770
750,851
750,1000
751,768
752,765
755,767
756,818
757,772
758,771
759,773
760,776
761,778
762,776
763,774
764,775
765,785
767,779
767,781
768,777
768,780
768,782
770,783
770,784
771,786
772,790
773,787
774,793
775,789
776,788
776,792
776,795
777,791
777,801
779,794
779,797
781,799
784,796
785,798
785,800
786,803
787,804
788,805
789,806
790,813
791,807
792,808
793,810
794,811
795,812
796,802
797,809
797,815
797,816
797,900
798,817
798,821
799,814
799,820
800,818
800,819
800,822
800,981
802,823
803,830
804,825
805,831
806,824
807,827
808,826
809,828
810,829
811,833
812,830
813,834
813,837
813,840
815,838
817,834
817,839
819,832
821,835
821,836
822,841
823,842
824,844
825,843
826,851
827,845
828,847
829,846
830,848
830,855
831,852
831,854
832,849
833,856
834,857
835,850
837,875
838,853
838,942
842,860
843,861
844,862
845,864
846,865
847,859
848,866
849,868
850,858
850,863
850,870
850,871
850,872
850,873
850,875
851,874
852,867
852,925
853,869
853,876
854,877
858,878
859,880
860,879
861,882
862,883
863,884
864,885
865,889
866,892
867,886
868,889
869,887
870,888
871,881
871,897
871,899
872,894
872,898
874,893
875,891
875,895
875,896
875,900
877,890
877,895
878,901
879,902
880,914
881,905
882,907
883,908
884,917
885,909
886,910
887,912
888,913
889,903
889,911
889,919
890,904
890,916
890,918
891,906
891,921
891,925
892,923
895,915
896,922
898,920
900,924
901,926
902,938
903,927
904,928
905,939
906,929
907,932
908,933
909,940
910,934
911,935
912,936
913,937
915,930
915,981
916,931
917,995
919,988
924,941
925,942
925,943
926,947
927,948
928,954
929,955
930,945
931,946
932,949
933,950
934,951
935,952
936,953
937,944
937,957
937,958
937,959
937,962
939,961
940,956
943,960
944,963
945,964
946,974
947,965
948,966
949,967
950,968
951,969
952,972
953,973
954,971
955,979
955,980
956,970
957,977
958,978
959,975
959,976
959,980
962,981
962,982
962,990
963,986
964,986
965,987
966,988
967,989
968,986
969,990
970,983
971,984
972,985
973,991
975,996
976,993
976,998
978,992
979,994
980,995
980,997
982,999
982,1000
<end>