<number of tasks>
1000
<cycle time>
1000
<order strength>
0.201
<z_alpha>
1.960
<task times>
1 458 24873.9112
2 668 411.7424
3 544 42100.5402
4 531 49752.5442
5 466 2934.6086
6 552 13625.6051
7 615 23532.0320
8 552 5506.4203
9 365 30589.1948
10 342 1438.0755
11 553 21931.3668
12 408 8747.5831
13 561 16980.6668
14 395 17741.7195
15 657 14190.2338
16 443 32784.9201
17 544 3625.3399
18 405 23256.6376
19 358 20770.9213
20 539 28347.9598
21 465 33913.3055
22 715 17834.0747
23 648 9752.9237
24 447 37015.1494
25 539 2570.5953
26 359 15233.2451
27 676 14531.5182
28 491 30583.0793
29 543 3131.9148
30 458 3913.8501
31 531 32869.8817
32 759 8238.6710
33 393 36122.0458
34 483 14327.5659
35 484 31716.4613
36 342 16632.1618
37 628 13898.7856
38 331 7991.9664
39 462 3796.2311
40 397 38726.5801
41 507 33268.7835
42 325 2174.1580
43 398 11504.9573
44 319 497.8395
45 623 4165.1591
46 621 5205.0264
47 574 287.5478
48 489 28900.8783
49 438 31979.8898
50 604 25940.5883
51 426 36094.8706
52 501 61890.8837
53 480 27466.6141
54 423 41164.7158
55 383 2825.3279
56 542 11467.4486
57 607 25956.7411
58 584 25848.1580
59 630 30620.5631
60 499 58420.4178
61 348 17470.7786
62 683 13149.5756
63 503 27889.4331
64 425 23723.4438
65 812 8302.9148
66 583 17566.1634
67 520 53787.2835
68 288 14761.2424
69 701 9334.1402
70 768 15.8141
71 387 6099.0612
72 450 49661.3440
73 327 6207.5539
74 436 18156.7275
75 560 19115.6479
76 270 15325.8896
77 427 15593.7262
78 532 33969.2162
79 456 20131.8069
80 539 7611.4361
81 382 33678.3501
82 445 47425.3918
83 414 40642.9149
84 458 47171.4059
85 681 6200.6994
86 453 4010.2478
87 317 11217.7007
88 474 16663.3852
89 272 9564.3636
90 691 6195.9276
91 448 32006.4034
92 498 4030.5916
93 495 19831.9083
94 295 8489.7387
95 534 11676.7276
96 510 51089.9654
97 378 23608.1586
98 424 19655.2592
99 451 28043.8659
100 554 20122.6325
101 519 1853.1905
102 296 10227.2915
103 428 39300.5970
104 391 24239.8385
105 381 20260.6366
106 379 26419.8752
107 553 6746.9714
108 379 23382.4950
109 640 3523.5084
110 650 30115.3432
111 620 7453.8342
112 431 35575.6018
113 377 17474.0701
114 564 24013.8538
115 431 23807.9271
116 489 25814.6036
117 533 53559.7919
118 576 6315.7556
119 597 23249.9717
120 364 12174.7338
121 414 10379.3258
122 361 12685.1535
123 252 1462.4264
124 324 3738.0373
125 548 19243.8048
126 502 14053.1570
127 512 27671.3543
128 438 47844.8291
129 540 39366.6757
130 355 28071.3730
131 362 20951.8762
132 403 27075.9771
133 501 15521.5466
134 547 28932.8213
135 432 39828.6791
136 313 13916.6132
137 496 10551.7235
138 549 10685.5198
139 395 9628.7408
140 660 5615.2131
141 487 32365.2868
142 377 16729.8026
143 506 36978.5062
144 630 4637.6895
145 436 7926.7114
146 351 27002.3147
147 516 50826.4395
148 666 11585.6506
149 450 31794.5360
150 533 44807.3074
151 514 44728.5227
152 484 55717.6165
153 291 8888.7504
154 502 31076.5125
155 352 22432.3254
156 477 23744.1251
157 489 19077.2537
158 627 33460.1027
159 456 4016.2790
160 844 1043.5189
161 334 16978.8999
162 261 11633.4168
163 436 46200.0306
164 647 1679.6021
165 563 40883.8168
166 676 11028.7496
167 480 16575.3394
168 530 12621.2202
169 650 21641.1843
170 341 6947.9167
171 480 17352.2658
172 677 26654.1533
173 842 4620.4504
174 619 34787.2829
175 584 11764.5357
176 486 51512.7507
177 397 30215.8255
178 575 23358.0299
179 397 28928.3446
180 603 12303.6138
181 538 46993.7849
182 572 47668.6803
183 472 27283.5674
184 293 18223.2621
185 435 32868.2966
186 519 5942.0341
187 539 7551.8306
188 358 28745.0396
189 410 24137.7714
190 748 10963.1388
191 345 28137.4098
192 507 18816.3179
193 445 869.6285
194 567 10960.1806
195 468 25537.4839
196 466 22163.6292
197 460 17258.6539
198 637 24969.0636
199 614 6881.0122
200 723 14121.5333
201 500 32515.9453
202 537 37788.2277
203 507 32505.3549
204 507 49970.4520
205 695 13444.4110
206 676 1127.0242
207 562 24788.3455
208 366 18309.9174
209 391 27386.5414
210 492 55941.5207
211 674 27188.7840
212 544 11556.7862
213 621 17054.9763
214 496 49814.9122
215 349 19261.4680
216 643 20697.0020
217 720 8961.2756
218 542 14184.4917
219 791 10519.1250
220 559 28052.2159
221 406 31871.0582
222 272 2987.3198
223 456 51551.8441
224 258 15631.7492
225 562 15662.2773
226 762 3048.0915
227 428 3157.7025
228 515 29161.7081
229 559 44812.2136
230 346 17858.0786
231 686 10337.8225
232 474 7895.7368
233 516 12139.3093
234 442 16209.3248
235 590 29474.9826
236 117 596.8943
237 505 8480.8110
238 400 4553.1129
239 446 31285.3202
240 409 27292.6167
241 550 22874.2141
242 524 39767.6627
243 519 40057.5032
244 420 10885.7753
245 727 3603.6017
246 500 18016.4209
247 543 47313.1649
248 471 37771.6842
249 595 4244.4801
250 458 45813.0108
251 371 27477.4897
252 431 13971.4638
253 455 17061.0440
254 483 56910.2628
255 429 16033.7414
256 212 6397.8766
257 647 1399.8800
258 528 10457.2538
259 373 12081.4503
260 637 27697.9968
261 406 40885.1044
262 354 1684.6270
263 377 1712.1312
264 346 1436.9954
265 321 19792.1375
266 504 13656.2076
267 594 13851.4547
268 563 24829.1751
269 489 48451.6946
270 414 29950.9742
271 475 11219.6783
272 739 17313.4054
273 567 5515.3217
274 435 11956.9155
275 664 4890.9325
276 216 687.9454
277 711 16505.1162
278 459 14538.1332
279 650 9256.2327
280 303 17489.9235
281 495 11522.0436
282 399 26616.3977
283 587 11950.7665
284 363 31470.9201
285 446 33013.6437
286 539 43578.5089
287 545 51081.3702
288 405 2476.0132
289 513 44884.0412
290 392 14014.0250
291 488 52423.0203
292 426 26495.7683
293 601 34011.4668
294 424 6923.1986
295 526 35256.8519
296 523 17604.5180
297 238 8352.4672
298 503 14552.2956
299 545 6215.2576
300 486 16676.6175
301 237 12094.3412
302 426 14467.7244
303 549 42443.6524
304 603 13831.0921
305 606 29354.8021
306 687 16667.3284
307 354 26463.3185
308 496 59077.9457
309 446 47799.5642
310 618 10304.7541
311 294 7219.7043
312 531 48358.1168
313 450 25165.5122
314 552 20349.9975
315 505 40964.2131
316 341 27444.6690
317 370 33300.1416
318 463 41007.1385
319 743 2405.7420
320 627 29115.3114
321 708 2100.9688
322 651 16154.4138
323 271 1950.7211
324 461 10044.3576
325 651 44.5977
326 525 26665.6351
327 131 1767.3007
328 408 14617.5252
329 446 1329.3484
330 700 7912.6729
331 703 6972.7345
332 478 22321.9035
333 495 22129.1319
334 444 16098.9855
335 595 13174.5508
336 563 40639.0017
337 798 6399.4201
338 439 47467.6127
339 769 1293.2879
340 577 2321.2139
341 516 34796.4224
342 326 3472.4716
343 613 29434.2895
344 571 6087.9744
345 451 22867.6920
346 466 30275.7539
347 348 7830.5560
348 631 34810.0680
349 411 36060.9317
350 500 15962.5425
351 331 2475.7780
352 388 7012.5004
353 475 21823.2783
354 462 45024.1727
355 332 200.6966
356 655 10450.5062
357 610 1466.2299
358 377 32140.2733
359 425 43202.4716
360 594 21843.9908
361 629 22840.7648
362 360 14334.5166
363 563 1874.9318
364 532 32505.8719
365 413 12724.0766
366 723 17686.1019
367 787 8539.7186
368 785 11764.2567
369 230 3525.7034
370 640 27793.0371
371 591 41406.3317
372 341 11324.1759
373 705 11576.0279
374 478 26988.7897
375 448 37715.2459
376 532 5312.1210
377 562 36355.1514
378 394 14879.4059
379 491 42420.2666
380 433 33981.9923
381 680 24244.3515
382 677 5192.6535
383 465 7175.7522
384 798 2977.6791
385 434 19566.7677
386 413 20899.8413
387 596 22854.5486
388 445 49259.0698
389 606 36901.4169
390 458 34689.0530
391 396 20522.7114
392 589 38742.3904
393 630 1058.4573
394 458 10651.8038
395 558 15667.6647
396 396 36774.9440
397 600 4969.8959
398 464 47454.3102
399 575 3059.3777
400 422 22974.8866
401 368 24341.6327
402 416 10579.1672
403 323 7347.9152
404 556 7482.9726
405 519 30278.9934
406 378 34248.4792
407 549 28104.5367
408 588 41156.2327
409 651 14520.1455
410 523 50797.2982
411 506 29002.9417
412 522 50499.0095
413 618 26355.7775
414 660 17142.0519
415 710 4005.1164
416 502 3230.2057
417 882 3092.4676
418 573 2764.4685
419 465 35192.4111
420 507 24851.1208
421 580 11291.5918
422 405 4537.2774
423 337 17791.7371
424 419 42202.0508
425 462 40437.8184
426 420 43929.2247
427 697 9141.7482
428 416 12312.7602
429 525 23948.8775
430 492 40463.8934
431 474 56023.6604
432 687 14608.9490
433 587 6049.5617
434 505 48220.6793
435 575 17756.5248
436 381 12806.0105
437 397 1857.1263
438 638 28865.7566
439 454 16604.8545
440 520 5459.7165
441 702 12139.7167
442 450 9160.6431
443 664 22210.3483
444 525 12929.4955
445 549 6678.8888
446 855 1194.2862
447 592 30060.2180
448 380 9249.8768
449 258 13659.7697
450 471 13627.3864
451 563 1328.6178
452 453 2584.6685
453 593 3605.1584
454 506 9332.8048
455 588 35195.8773
456 632 15223.2888
457 511 15513.3104
458 500 54850.8687
459 661 21506.9852
460 554 50046.8447
461 635 16553.4417
462 446 17538.6895
463 532 54290.2041
464 621 1062.3384
465 754 8432.9971
466 520 11397.0673
467 436 3873.3965
468 665 12484.1956
469 680 15581.2194
470 408 28194.7015
471 574 3318.9057
472 488 36584.3520
473 421 30639.2307
474 414 21083.4153
475 562 29244.3282
476 463 49920.4796
477 681 21735.7068
478 756 5461.4346
479 600 27450.2457
480 292 1444.8224
481 462 1033.2557
482 341 7871.0078
483 521 18585.8609
484 369 11248.0523
485 639 12179.0942
486 574 10029.2252
487 729 7293.7616
488 500 761.3004
489 547 39936.1415
490 267 1421.4228
491 596 32235.2437
492 429 43770.7776
493 638 32914.8276
494 659 7134.5465
495 468 17985.7013
496 468 27038.8948
497 638 20096.8066
498 391 34396.7381
499 407 20951.9240
500 452 43991.3320
501 552 25224.2180
502 609 28354.8197
503 510 53861.3141
504 450 31449.6524
505 559 48864.3758
506 752 9300.5180
507 620 13458.4846
508 295 16212.1950
509 389 36799.7627
510 313 7130.5019
511 684 1147.4405
512 598 19139.0125
513 538 40384.1531
514 510 34218.3677
515 408 3066.8340
516 658 29191.8289
517 482 27947.4757
518 512 57693.1691
519 651 19551.9944
520 567 3597.7812
521 409 1416.1007
522 293 7395.9776
523 495 45453.2094
524 612 29454.4654
525 547 52380.3845
526 418 38481.8656
527 585 15867.0735
528 599 20508.9460
529 659 14980.3866
530 563 10490.9121
531 592 765.4062
532 601 15848.8151
533 455 17149.5957
534 575 35713.4341
535 408 34523.2510
536 219 6130.8091
537 436 21387.6518
538 491 29460.8461
539 419 20984.4608
540 487 16.4942
541 485 24587.4474
542 578 1616.1027
543 349 16537.9874
544 454 16053.5974
545 610 515.3649
546 340 12166.1875
547 275 3761.8695
548 722 15085.1784
549 462 13825.2182
550 471 2166.9364
551 436 23499.6393
552 660 29737.9383
553 470 25450.3601
554 570 901.3087
555 360 20431.1763
556 580 16023.2064
557 564 22813.3778
558 711 14638.8474
559 375 9885.9628
560 494 39550.6478
561 350 8062.5303
562 389 19889.4176
563 757 4796.2172
564 404 14652.7484
565 488 57902.3321
566 421 634.0350
567 483 34558.4468
568 633 21364.6058
569 580 14796.7497
570 486 22104.3747
571 539 42596.4168
572 390 20913.4537
573 640 4946.6097
574 511 25722.2718
575 513 9547.9335
576 493 45909.8908
577 477 16830.5590
578 460 37416.5943
579 509 27768.5849
580 744 13600.8528
581 216 2507.2883
582 512 8632.7909
583 540 15982.1409
584 386 19997.4082
585 502 29722.5921
586 430 31708.2344
587 476 37183.4775
588 502 34090.6235
589 512 11911.0290
590 592 3982.1840
591 378 15891.4719
592 528 23052.5410
593 661 10827.3850
594 487 44752.1172
595 692 19647.0522
596 423 13268.2412
597 266 14644.9702
598 609 6697.6403
599 480 29376.5343
600 400 37579.4402
601 467 34755.5344
602 523 44355.1025
603 516 27418.0235
604 489 3107.7257
605 603 32561.7253
606 514 16446.0005
607 499 27180.3310
608 599 4239.5519
609 623 4573.9636
610 464 50858.9894
611 429 39025.7187
612 481 23206.9174
613 582 40382.8005
614 536 13711.0826
615 305 8412.8638
616 591 6481.1272
617 685 17810.4925
618 697 1730.1044
619 554 34697.5175
620 427 1047.8609
621 467 7533.7315
622 486 1779.8752
623 632 16509.5677
624 295 860.0275
625 487 8892.5054
626 398 34115.8296
627 573 38433.8608
628 241 1060.0615
629 654 3080.7709
630 296 18700.8702
631 372 27359.7923
632 511 49652.5207
633 399 34448.2896
634 763 5955.7067
635 588 43240.2373
636 570 35118.4736
637 547 91.0168
638 471 34074.3760
639 877 867.5638
640 399 2165.3002
641 468 21143.6285
642 376 32563.2876
643 453 5714.9641
644 588 1178.3912
645 376 10014.5207
646 310 3795.4404
647 526 45494.2372
648 309 13639.6332
649 488 36309.0680
650 512 9605.8955
651 432 6325.1921
652 419 43216.9692
653 653 20488.0852
654 491 25570.5815
655 494 1428.6866
656 426 39882.4476
657 621 12326.4265
658 464 13769.5019
659 438 40133.7516
660 412 30768.5048
661 544 51859.2317
662 383 15687.2111
663 445 982.7995
664 750 5287.2297
665 395 17620.1820
666 517 47181.1062
667 492 59668.0514
668 444 45857.1750
669 575 4533.7880
670 649 15125.2572
671 213 6692.1023
672 660 13439.5802
673 366 12056.9481
674 696 18721.9260
675 451 49453.8132
676 278 6131.4968
677 292 19036.8982
678 571 16088.9904
679 368 6804.1572
680 342 7856.2718
681 523 22839.9890
682 426 37993.5808
683 447 25562.8776
684 632 26467.2509
685 399 28283.9197
686 349 25847.7872
687 460 52397.3168
688 478 41274.5272
689 573 2624.1691
690 259 7590.8323
691 444 15854.9438
692 419 31881.5324
693 346 6507.0522
694 426 2557.9177
695 365 22952.1632
696 561 38861.9700
697 315 11746.7047
698 442 18354.6087
699 378 13311.3109
700 429 19877.0342
701 610 8440.5753
702 452 44290.5068
703 631 21131.6846
704 274 12103.7496
705 365 14043.2886
706 567 11337.1636
707 616 30271.9759
708 443 11125.2000
709 494 59571.6709
710 707 5816.0687
711 439 20420.0318
712 525 47949.6104
713 527 40229.2643
714 427 28412.9665
715 372 13726.9235
716 424 5088.5371
717 327 17355.8133
718 707 17518.2364
719 611 30044.6232
720 561 8261.9952
721 355 25210.2629
722 568 18619.6584
723 424 1213.0702
724 447 25542.1506
725 486 14397.0368
726 376 14725.9893
727 503 38617.7164
728 444 32631.3343
729 696 21684.1584
730 608 26687.6364
731 451 48985.1536
732 445 11913.6152
733 250 1883.0437
734 695 11614.4862
735 288 14885.9299
736 355 9793.1385
737 493 12658.0026
738 500 13644.1867
739 363 28473.9145
740 552 51773.1897
741 452 43656.7782
742 458 153.9916
743 468 53989.8161
744 438 8693.7894
745 291 14257.3181
746 440 9718.2121
747 578 29338.9614
748 532 23902.1834
749 567 34348.8900
750 616 29853.2741
751 420 35094.1656
752 525 28822.2370
753 394 18915.8506
754 413 34473.8805
755 255 13816.2638
756 486 33219.9986
757 413 8447.7328
758 335 20973.5409
759 686 4725.6655
760 492 9410.0402
761 443 42633.3215
762 382 23005.3561
763 345 20508.5422
764 416 28879.8755
765 561 17020.4936
766 790 8295.3075
767 536 7385.4871
768 470 28761.6382
769 268 13678.4786
770 558 13822.8671
771 626 6161.4272
772 261 508.4585
773 580 16984.5873
774 352 4368.7034
775 420 29408.4348
776 510 22850.3875
777 508 50757.4765
778 540 23565.0607
779 546 32266.2826
780 521 6049.1422
781 315 18630.9124
782 525 31426.4951
783 637 1788.5716
784 618 6610.7483
785 510 20251.8187
786 424 11260.6232
787 423 33235.0585
788 671 2960.6978
789 595 26738.5646
790 449 12108.0706
791 286 10289.4638
792 548 859.1736
793 565 37035.7812
794 597 33014.4683
795 519 59986.9783
796 537 5466.9361
797 314 10554.2085
798 576 31707.7061
799 355 9492.4188
800 457 26176.8804
801 211 8722.9072
802 699 12086.7429
803 669 13504.9409
804 461 25356.1870
805 443 7365.4864
806 323 19139.2510
807 681 3228.2708
808 426 17454.0609
809 118 742.2771
810 346 19171.7526
811 416 34089.1551
812 410 9822.6827
813 369 2994.9989
814 345 2331.8273
815 158 2840.9022
816 488 24177.7006
817 468 33061.3043
818 723 14110.9696
819 623 12612.5138
820 641 13055.6594
821 386 34440.8094
822 565 33247.3344
823 499 24253.3505
824 385 33609.8394
825 505 30827.7483
826 365 23410.9657
827 411 10093.1465
828 619 4637.2594
829 423 41663.5638
830 318 24564.3287
831 452 26078.9840
832 453 25773.1361
833 631 22373.4350
834 458 32022.6288
835 585 4439.1135
836 503 44116.4094
837 426 25098.7286
838 636 28746.8920
839 584 36086.1595
840 695 14205.3628
841 494 24461.9030
842 444 26237.9146
843 584 41613.7052
844 369 12166.2409
845 573 19400.2726
846 562 33055.1586
847 423 29699.4564
848 754 7612.6166
849 576 45800.7235
850 632 14476.2015
851 604 4116.6747
852 572 38970.5920
853 588 9695.4640
854 473 46619.6591
855 577 38726.8251
856 366 23075.3230
857 388 32525.2700
858 573 1877.7057
859 435 2664.8240
860 419 35374.0283
861 630 35405.4315
862 301 6383.3713
863 607 270.8829
864 532 7461.3226
865 247 11760.4811
866 754 10481.0039
867 469 34094.1974
868 450 45070.7740
869 535 28182.2688
870 785 10368.0843
871 599 37392.2727
872 488 50814.0504
873 748 7257.8002
874 506 41745.1923
875 459 35216.9124
876 516 57960.5109
877 529 31069.7625
878 555 11060.2508
879 282 3292.3567
880 323 16573.4600
881 564 9439.3983
882 390 22279.7842
883 683 20371.8421
884 401 22838.4463
885 307 5610.4068
886 436 34465.2460
887 571 16021.0046
888 462 10822.6979
889 623 16116.4248
890 633 31878.0009
891 393 32381.2237
892 487 34710.6626
893 435 35905.7350
894 331 20243.8086
895 730 5709.3290
896 310 16929.3395
897 417 30182.2604
898 505 48766.6591
899 674 12714.1124
900 424 38528.6576
901 242 584.5117
902 437 36488.8915
903 689 12697.9936
904 674 19901.7431
905 421 3491.6575
906 527 5514.7851
907 572 37705.7191
908 516 53164.8481
909 526 56796.5477
910 390 2914.3594
911 308 5862.3873
912 364 24749.3374
913 591 30609.4090
914 400 38503.7830
915 840 5101.7732
916 394 8895.6098
917 412 20041.3535
918 324 18758.4141
919 506 52112.4937
920 576 1580.2177
921 529 44546.5736
922 526 465.4923
923 462 1295.7702
924 636 10220.3801
925 584 4400.4937
926 482 56711.6563
927 521 43679.6504
928 426 7741.1937
929 328 10775.6778
930 527 32099.8297
931 462 15491.3632
932 594 8467.4991
933 447 26385.3670
934 467 2217.6527
935 349 5431.2033
936 509 8794.5171
937 614 18900.4037
938 644 10363.5082
939 466 21019.0506
940 517 28363.1830
941 310 5606.1095
942 572 25543.4138
943 570 27939.7610
944 666 26037.1271
945 544 38478.6596
946 580 15118.6150
947 470 34636.8760
948 561 26678.6946
949 550 22863.1413
950 495 54760.8593
951 457 7535.2736
952 391 19691.8999
953 652 15945.3096
954 490 29474.5990
955 477 39426.8247
956 629 11176.0549
957 677 16583.5674
958 591 14417.5647
959 412 35010.8617
960 471 17002.6313
961 199 8323.9575
962 512 10032.1468
963 566 47654.5338
964 539 21491.7665
965 438 44767.6823
966 664 5338.1416
967 777 1658.5062
968 305 20675.4300
969 519 38390.7857
970 432 17510.6645
971 618 276.2160
972 633 5737.8453
973 441 25391.3553
974 430 25605.5703
975 581 38287.5270
976 556 10705.1126
977 592 35203.2181
978 564 8072.4885
979 489 32121.2076
980 485 56311.4681
981 614 10644.9125
982 495 38772.6250
983 581 7802.0477
984 600 15877.0014
985 625 33861.0913
986 492 29744.4195
987 501 3627.7954
988 463 45597.7196
989 493 38218.8174
990 392 22556.8319
991 374 15986.8692
992 627 31984.8784
993 417 34680.0079
994 760 10074.8769
995 436 19532.3118
996 569 17229.5644
997 577 42409.0822
998 445 40328.6324
999 645 7001.1756
1000 609 3238.8973
<precedence relations>
1,42
2,42
3,42
4,42
5,42
6,42
8,661
8,840
9,30
9,31
9,632
10,21
10,34
11,19
11,32
12,22
13,35
14,26
14,29
14,817
15,28
16,27
16,36
17,23
17,24
18,20
18,25
18,33
19,167
20,338
21,42
22,42
23,42
24,42
25,37
25,38
27,41
27,44
27,46
27,47
29,53
29,55
31,43
31,45
31,861
33,56
33,737
34,50
34,52
35,39
35,49
35,54
35,191
36,40
36,48
36,51
37,167
38,167
39,244
40,244
41,244
42,57
42,58
42,59
42,60
42,61
42,62
42,63
42,64
42,65
42,66
43,372
44,73
45,72
46,487
47,69
47,76
47,83
47,565
48,547
50,620
51,67
51,71
51,74
52,75
54,68
55,70
57,372
58,690
59,79
59,86
59,87
60,81
60,84
60,91
62,77
62,208
65,80
65,82
65,88
66,85
67,649
68,372
69,793
71,90
73,78
73,83
74,89
77,279
78,167
79,244
81,92
81,96
81,99
82,95
82,106
84,101
84,102
86,105
87,97
87,98
87,107
88,93
88,100
88,103
88,104
90,94
92,279
93,167
94,167
95,167
96,928
97,967
98,913
99,123
99,125
99,127
100,119
100,124
101,108
101,118
101,120
102,327
103,114
103,115
103,121
103,126
104,111
104,122
105,110
105,113
106,112
106,117
107,109
107,116
108,649
109,131
109,132
109,134
110,130
110,509
111,128
112,135
112,141
115,137
117,138
117,142
118,139
119,140
120,129
123,133
123,136
124,143
124,284
127,144
128,279
129,167
130,928
131,928
132,244
133,787
134,150
135,153
135,161
135,166
136,148
136,155
137,149
138,146
139,151
139,154
139,164
139,165
140,157
140,159
141,145
141,158
141,162
142,156
142,160
143,152
144,147
144,163
145,167
146,167
147,167
149,559
150,179
151,168
151,602
154,169
155,172
155,183
156,173
156,175
156,609
160,180
163,174
164,176
165,170
165,171
165,182
166,177
166,178
166,181
167,184
167,185
167,186
167,187
167,193
168,244
169,192
169,197
169,200
169,587
175,189
175,195
175,198
176,196
177,191
178,188
178,194
181,190
182,199
184,725
185,208
187,204
187,213
187,215
188,244
189,913
190,210
191,216
192,201
192,202
193,205
194,212
194,449
196,214
197,203
197,211
199,206
199,207
199,209
199,217
201,338
202,787
203,236
203,920
205,223
205,235
206,220
206,227
206,240
207,231
208,234
209,218
209,225
209,226
209,232
210,229
211,317
212,222
212,224
212,238
213,228
213,233
214,239
215,219
215,237
216,221
217,230
217,241
217,242
217,243
217,543
218,279
219,244
220,244
221,338
222,338
223,649
224,649
225,875
226,913
228,247
231,250
234,252
236,256
237,249
238,254
239,246
239,248
241,245
241,253
242,251
242,255
244,257
244,260
244,261
244,262
244,263
245,967
246,372
247,258
248,259
248,271
249,264
249,267
250,269
250,273
250,278
251,265
251,270
251,274
252,268
252,276
254,275
255,266
255,272
256,277
257,279
258,279
259,928
260,287
261,285
261,292
261,295
262,293
262,298
263,283
263,286
264,372
265,297
267,291
268,284
271,296
272,294
273,281
273,288
273,289
275,299
276,282
277,280
277,293
278,290
279,300
279,301
279,302
279,303
279,304
279,305
280,690
281,690
283,307
283,320
284,314
285,309
287,313
288,318
291,306
291,317
292,316
293,315
294,308
294,310
294,312
296,311
296,319
299,321
300,322
300,334
301,331
303,336
303,337
307,324
307,333
309,325
309,355
311,326
311,329
311,332
312,335
313,330
319,323
320,327
321,328
322,338
323,338
324,966
325,875
326,787
327,340
327,342
328,339
328,344
328,352
329,347
329,353
329,354
330,348
330,356
332,351
333,346
333,349
333,355
334,343
335,350
335,593
336,341
337,345
338,357
338,358
338,359
338,360
338,361
338,362
338,363
338,364
338,365
338,366
338,367
338,368
338,369
338,370
338,371
338,374
338,382
339,725
340,649
341,875
342,372
343,787
344,913
347,379
348,383
350,376
352,377
352,378
353,373
353,886
354,380
354,381
355,375
359,386
362,406
363,463
364,401
364,403
367,400
368,384
370,399
372,387
372,388
372,389
372,390
372,391
372,392
372,393
372,394
372,395
372,396
372,397
372,398
373,592
375,405
379,407
380,404
381,402
382,528
383,385
384,928
385,928
386,725
387,913
389,417
389,689
391,412
391,418
392,419
395,410
398,413
400,420
400,421
402,414
403,408
403,411
404,416
405,409
406,422
407,415
408,787
409,426
409,431
410,436
410,437
411,433
412,427
412,428
414,432
417,424
417,435
417,438
418,434
420,430
421,425
421,429
422,423
423,444
424,448
425,451
427,459
428,449
429,445
430,447
430,452
430,458
430,644
431,441
431,456
432,443
432,450
432,454
433,446
434,455
435,440
435,453
437,439
437,442
438,457
439,649
440,690
442,464
443,462
443,466
445,460
446,472
446,831
447,614
448,877
450,463
452,473
453,468
454,465
454,471
455,467
458,470
459,461
459,469
460,928
461,787
462,482
462,487
463,483
463,486
465,474
465,475
465,476
465,478
465,479
465,490
465,491
466,481
468,485
468,488
469,477
470,480
470,484
473,489
474,690
475,508
476,492
476,493
476,497
476,506
476,510
477,500
477,509
480,498
481,505
482,499
482,507
483,501
483,502
483,503
484,495
485,494
486,504
489,496
492,966
493,522
493,526
495,519
495,527
496,512
496,520
497,515
497,524
500,516
500,518
500,521
501,511
502,513
502,525
504,514
504,560
505,523
507,517
511,690
512,528
514,536
515,531
515,545
518,532
518,533
520,537
520,542
521,541
521,953
522,533
523,546
524,529
524,535
524,540
524,543
525,539
525,544
526,534
526,538
527,530
528,928
529,913
531,555
531,558
533,553
534,554
536,562
537,547
538,551
538,552
538,565
539,549
540,548
540,557
541,559
542,556
542,561
542,564
543,550
544,617
546,560
546,563
547,928
548,725
549,649
550,690
551,571
553,572
554,569
554,579
554,581
555,573
555,574
555,576
556,907
558,651
559,577
559,578
561,567
561,575
561,802
562,568
563,580
565,566
565,570
566,587
566,589
566,596
568,583
568,588
569,591
569,861
570,582
575,585
576,586
576,592
576,593
576,594
579,584
579,590
581,595
582,649
583,967
584,604
585,598
585,611
586,599
586,601
586,603
586,606
589,607
589,610
590,608
590,609
591,602
591,605
594,597
596,600
596,612
597,787
598,913
599,618
601,620
601,623
603,619
603,624
604,613
604,614
605,622
606,616
608,621
609,617
611,615
614,637
614,639
615,627
615,630
615,632
615,645
616,628
616,633
616,638
616,648
617,634
618,636
619,631
619,640
620,626
620,629
621,641
622,631
622,643
622,644
622,647
624,625
624,635
624,642
624,646
625,649
626,787
627,652
629,651
630,653
631,654
631,668
632,667
634,655
634,661
635,650
636,658
636,669
636,672
637,663
637,665
639,666
641,659
643,660
646,657
647,656
647,662
647,664
647,671
648,670
649,673
649,674
649,675
649,676
649,677
649,684
650,913
652,926
654,805
656,682
658,689
658,966
659,679
661,680
662,688
663,685
664,686
665,683
666,681
671,678
672,687
673,704
674,697
676,700
677,705
678,690
679,694
679,695
680,698
681,692
681,702
682,703
683,691
683,706
683,707
684,701
685,699
686,693
686,696
690,709
690,710
690,711
690,712
690,713
692,714
692,715
692,720
694,708
697,718
698,717
698,722
701,721
703,719
706,716
706,939
707,723
708,725
709,740
710,730
714,741
714,743
715,731
715,733
715,742
716,724
716,727
716,734
716,739
718,736
718,737
718,738
720,726
720,728
720,732
720,735
723,729
724,928
725,744
725,745
725,746
725,747
725,748
725,749
725,750
725,751
725,752
725,753
725,754
725,755
725,756
725,757
725,758
725,759
725,760
725,761
725,767
726,875
727,913
728,764
735,762
738,973
739,765
741,763
742,766
743,768
744,769
744,776
744,802
745,772
745,943
748,773
750,774
751,777
752,775
754,770
754,779
754,784
757,771
762,780
762,783
764,781
764,785
766,786
767,778
768,782
769,875
770,787
771,788
772,791
773,800
773,802
773,805
774,789
774,790
775,794
775,803
776,801
778,793
778,799
780,795
780,798
781,792
782,804
783,796
785,797
787,806
787,807
787,808
787,809
787,810
787,811
788,913
791,820
793,818
795,812
795,823
797,821
797,822
800,815
801,814
801,864
803,813
803,819
805,816
805,817
806,828
807,827
807,834
810,838
811,839
812,824
812,832
812,837
813,829
814,842
815,836
815,841
816,825
816,826
816,835
818,831
818,941
819,833
819,840
823,830
824,928
825,875
827,857
828,850
828,856
829,843
829,851
831,848
831,849
831,853
831,855
832,865
833,844
834,858
836,847
838,845
838,854
839,852
840,846
844,874
845,859
846,866
847,861
848,864
848,868
850,860
850,865
850,870
851,863
851,947
853,867
854,872
857,873
858,862
858,869
858,871
859,875
860,883
862,881
864,882
868,879
868,889
869,884
869,885
870,876
870,878
870,887
870,888
871,880
871,886
872,890
874,877
874,891
875,892
875,893
875,894
875,895
875,896
875,897
875,904
875,907
876,913
877,913
878,899
878,901
878,905
880,903
884,898
884,900
885,908
889,902
891,906
892,913
893,918
894,921
894,924
895,910
896,917
897,919
898,927
899,911
899,915
899,920
900,922
902,912
903,923
905,909
905,925
906,914
907,916
907,926
909,928
910,928
911,928
912,966
913,931
913,932
913,933
913,934
913,935
913,936
913,937
913,938
913,941
913,942
913,943
913,948
917,939
917,949
919,946
919,950
921,951
922,944
922,947
923,929
923,945
924,930
924,940
924,952
925,953
927,967
928,954
928,955
928,956
928,957
928,958
928,959
928,960
928,961
928,962
928,963
928,964
928,965
929,966
930,967
936,969
936,973
940,968
941,975
944,974
948,976
951,970
951,971
952,972
958,999
962,994
963,998
964,993
966,977
966,978
966,979
966,980
966,981
966,982
966,983
966,984
966,985
966,986
966,987
967,988
967,989
967,990
967,991
969,997
970,996
972,992
974,995
976,1000
<end>