<number of tasks>
100
<cycle time>
1000
<order strength>
0.204
<z_alpha>
1.280
<task times>
1 300 1273.7047
2 168 288.7215
3 130 312.3587
4 199 2045.3887
5 25 7.0109
6 157 168.3565
7 67 211.8127
8 154 1220.5780
9 70 54.4928
10 163 1563.9623
11 72 100.0119
12 181 172.6886
13 239 2528.5968
14 44 65.7956
15 95 366.6776
16 256 158.7066
17 225 2325.0763
18 47 8.0213
19 91 401.8422
20 165 1374.2718
21 117 589.8821
22 21 5.3682
23 82 348.4254
24 131 547.7834
25 215 2204.2330
26 26 20.2845
27 116 148.0572
28 144 243.2458
29 29 22.5407
30 237 834.1984
31 33 3.4022
32 127 374.8245
33 71 132.2681
34 23 18.5214
35 208 2688.7827
36 27 30.3998
37 181 366.2453
38 43 95.7519
39 252 3605.0016
40 139 628.6430
41 104 77.6923
42 161 668.1791
43 70 40.0517
44 33 33.6679
45 88 277.7423
46 157 1335.9890
47 104 293.0165
48 332 1081.3191
49 53 13.4853
50 137 605.6069
51 96 431.6841
52 108 173.7312
53 182 1740.3820
54 91 336.0101
55 99 34.8600
56 102 607.4467
57 192 1529.3432
58 99 111.9625
59 214 2685.8504
60 206 697.1502
61 191 1102.1389
62 104 323.2030
63 259 3847.7662
64 70 288.0448
65 130 1043.4795
66 133 286.4216
67 89 229.5505
68 219 541.8256
69 278 3616.2287
70 94 112.3301
71 188 1611.8751
72 164 591.1735
73 243 2487.5728
74 160 81.2774
75 142 1216.9053
76 185 152.6730
77 153 614.5287
78 192 727.9580
79 173 897.3881
80 111 220.9352
81 122 522.8239
82 253 3414.4964
83 108 149.0723
84 252 1238.7161
85 58 106.9628
86 35 67.9547
87 99 182.0818
88 88 199.4115
89 200 145.2047
90 140 737.2124
91 185 985.7061
92 105 483.0356
93 197 1690.7335
94 60 137.2896
95 64 249.9243
96 211 1214.7696
97 209 2125.3689
98 103 346.2189
99 104 304.9029
100 29 10.9848
<precedence relations>
1,8
1,10
2,11
2,13
2,81
4,9
4,100
5,7
5,12
6,40
7,18
7,21
8,16
8,91
9,14
9,15
10,17
10,20
11,14
11,22
12,19
13,16
13,96
14,29
17,25
18,23
20,26
21,27
21,30
21,60
21,73
22,24
22,28
23,81
24,31
24,36
24,83
25,30
25,35
26,32
26,39
27,37
28,33
28,38
29,34
30,41
30,45
32,40
33,42
34,44
37,91
38,84
39,43
40,50
40,51
42,82
43,47
43,48
43,52
43,65
44,46
44,51
44,55
44,86
45,46
45,49
45,53
45,54
46,59
47,58
49,57
50,56
50,61
51,60
54,62
54,78
56,63
57,65
58,67
58,69
59,66
59,70
59,80
59,93
61,64
62,68
63,76
63,77
64,72
64,73
65,70
65,71
65,74
68,93
69,75
70,78
70,82
71,79
71,81
71,85
72,87
73,80
73,84
73,90
74,89
75,83
75,88
76,86
78,99
79,95
81,94
81,98
82,92
82,95
82,97
85,91
87,93
89,100
90,96
90,100
<end>