<number of tasks>
100
<cycle time>
1000
<order strength>
0.202
<z_alpha>
1.645
<task times>
1 48 503.3147
2 141 3225.6322
3 287 13713.2482
4 193 6678.4852
5 272 12573.8388
6 148 423.7873
7 162 1307.7660
8 207 9958.8110
9 241 10092.0265
10 158 6153.4281
11 125 1356.0465
12 189 1139.5090
13 70 583.4956
14 84 1464.6523
15 117 1681.6094
16 193 2299.5572
17 103 1026.4856
18 269 165.6618
19 83 805.7553
20 26 32.8399
21 25 151.4089
22 145 142.6550
23 177 1657.5231
24 159 935.6541
25 164 4383.7735
26 175 5967.7025
27 201 8612.4880
28 148 3432.7471
29 49 157.2436
30 234 8990.7254
31 232 3354.8722
32 168 3425.6526
33 100 270.9329
34 132 750.0340
35 143 3670.7882
36 136 2529.2841
37 215 3859.8929
38 242 8311.5915
39 37 49.1140
40 94 1211.0517
41 243 14018.0093
42 143 1943.1834
43 183 2366.9944
44 56 399.0279
45 131 3568.2923
46 237 5125.5681
47 127 3317.9496
48 110 715.1789
49 58 344.7724
50 147 4188.3109
51 89 8.9850
52 32 26.5533
53 122 3087.9468
54 63 468.9345
55 160 2202.5744
56 187 6582.9083
57 31 198.2215
58 152 5107.7815
59 98 1591.0031
60 74 1193.7001
61 77 1129.8136
62 226 12037.9443
63 167 3782.1191
64 116 774.6795
65 181 6042.9527
66 72 883.0963
67 168 3357.7074
68 125 2147.9252
69 117 2786.9049
70 130 202.1191
71 190 7692.3771
72 262 6901.6640
73 166 715.0893
74 150 3716.0739
75 68 1009.8382
76 125 3084.7580
77 147 1920.4076
78 61 300.5971
79 118 2185.5748
80 33 76.2303
81 158 4108.1282
82 65 312.9810
83 87 1704.2708
84 92 894.8393
85 280 15297.9879
86 224 25.1695
87 57 810.9406
88 31 233.6505
89 179 4704.1370
90 281 4329.3785
91 177 4718.3581
92 169 3268.9597
93 84 1511.7200
94 70 730.8006
95 50 474.5021
96 78 48.4936
97 111 1846.7663
98 234 11973.7904
99 214 5612.5596
100 37 323.9058
<precedence relations>
1,14
2,14
3,14
4,14
5,14
6,16
7,17
8,15
8,19
8,21
10,39
10,80
11,20
12,18
14,24
14,25
14,26
14,27
14,28
15,29
16,22
17,22
18,23
18,30
19,32
20,31
20,33
22,74
23,74
24,37
24,40
26,53
28,41
29,36
30,34
31,35
32,39
33,38
34,47
35,44
37,42
37,43
38,45
39,48
39,69
40,46
42,74
43,52
44,51
45,49
46,50
47,53
48,54
48,55
48,56
49,58
50,60
51,61
52,57
53,59
54,62
56,63
57,74
58,68
59,67
60,69
61,70
62,64
62,71
62,73
63,65
63,66
63,72
64,74
65,74
66,74
67,75
68,80
68,81
69,76
71,77
71,78
72,79
72,82
74,83
74,84
74,85
74,86
74,87
74,88
75,91
77,90
82,89
83,92
83,96
84,94
85,95
89,93
94,98
95,97
95,99
96,100
<end>