<number of tasks>
100
<cycle time>
1000
<order strength>
0.599
<z_alpha>
1.645
<task times>
1 533 15879.9939
2 258 15345.3758
3 95 749.7252
4 26 34.5417
5 46 120.6806
6 96 573.2721
7 72 777.3600
8 273 14719.0628
9 130 1055.2462
10 222 8977.1882
11 77 888.3072
12 164 6123.6626
13 84 428.4674
14 108 2355.5194
15 199 6960.3661
16 190 5168.3659
17 63 98.6398
18 235 10078.0201
19 508 42809.1908
20 69 55.0949
21 25 48.6612
22 162 3245.8388
23 214 1566.0299
24 137 1661.4138
25 57 255.3554
26 518 25476.8031
27 88 839.9023
28 245 2723.2822
29 116 3358.5993
30 40 398.8878
31 234 2652.1267
32 490 39253.9754
33 81 538.0976
34 334 17853.6192
35 505 15627.0454
36 255 12416.4998
37 205 1581.9894
38 170 2144.0283
39 215 6217.1989
40 185 525.5147
41 247 12345.1211
42 148 3865.1251
43 174 2868.1263
44 359 14352.5020
45 149 2230.6589
46 507 1502.2407
47 238 11345.5447
48 198 5367.3543
49 127 1387.6628
50 306 19664.3043
51 109 2423.9665
52 39 96.1886
53 137 2676.4356
54 51 473.3845
55 567 21773.0401
56 493 6215.2778
57 121 425.4008
58 245 14692.0285
59 229 6253.8960
60 120 315.8944
61 88 602.7561
62 175 1464.9676
63 39 96.8326
64 272 18470.0422
65 28 96.2227
66 253 9522.1375
67 280 15494.1206
68 299 15804.0460
69 55 445.8912
70 177 3131.8822
71 194 9111.9235
72 165 2138.2105
73 154 4221.6601
74 219 7312.1310
75 289 6117.4580
76 578 28860.2217
77 160 2234.2391
78 90 447.5892
79 119 1637.1713
80 298 19165.8276
81 62 132.9982
82 39 262.6338
83 496 42203.4939
84 531 24329.9858
85 105 1985.3663
86 190 7953.1624
87 514 18158.5204
88 50 26.8385
89 29 189.3688
90 103 135.3298
91 241 1817.9059
92 54 148.5250
93 77 521.6857
94 160 638.9070
95 45 10.5893
96 171 1787.0221
97 49 407.9033
98 120 313.8822
99 125 153.2382
100 182 5540.7695
<precedence relations>
1,71
2,33
3,33
4,6
4,7
4,8
5,6
5,7
5,8
6,33
7,60
8,9
8,10
8,11
8,12
8,13
9,60
10,60
11,60
12,89
13,14
13,15
13,16
13,17
13,18
13,19
14,33
15,72
16,60
17,60
18,20
18,21
18,22
18,28
18,29
18,30
18,31
19,20
19,21
19,22
19,23
19,24
19,25
20,72
21,72
22,60
23,60
24,26
24,27
24,28
24,29
24,30
24,31
25,26
25,27
25,28
25,29
25,30
25,31
26,33
27,72
28,60
29,89
30,32
30,33
30,34
30,35
30,36
30,37
30,38
31,32
31,33
31,34
31,35
31,36
31,37
31,38
32,71
33,39
33,40
33,41
33,42
33,43
33,44
33,45
33,46
34,72
35,72
36,72
37,60
38,45
38,46
39,47
39,48
39,49
39,50
39,51
40,47
40,48
40,49
40,50
40,51
41,47
41,48
41,49
41,53
41,58
42,48
42,49
42,50
43,47
43,48
43,49
43,50
43,51
44,47
44,48
44,52
44,53
44,54
44,55
45,47
45,48
45,49
45,50
45,51
46,47
46,48
46,51
47,71
48,60
49,60
50,89
51,52
51,53
51,54
51,55
52,72
53,72
54,89
55,56
55,57
55,58
56,60
57,59
57,61
57,62
58,59
58,60
58,61
59,72
60,62
60,63
60,64
60,65
60,66
60,67
60,68
60,69
60,70
61,63
61,70
61,71
62,71
63,72
64,71
65,74
65,91
66,73
66,74
66,91
67,73
68,71
68,72
69,71
70,72
70,73
70,74
70,87
71,75
71,76
71,77
71,78
71,79
71,80
71,81
71,82
71,87
71,88
72,83
72,84
72,85
72,86
73,89
75,89
75,90
75,91
78,89
78,90
79,90
80,91
81,90
82,91
84,90
84,91
85,89
85,90
85,91
87,89
88,91
89,92
89,93
89,94
89,95
89,96
89,97
89,98
89,99
89,100
<end>