<number of tasks>
20
<cycle time>
1000
<order strength>
0.263
<z_alpha>
1.280
<task times>
1 141 34.9286
2 108 113.3851
3 46 75.2738
4 248 386.8093
5 157 439.7256
6 137 785.7429
7 243 508.3675
8 261 136.8513
9 427 5252.5724
10 89 214.6625
11 47 8.4938
12 45 111.7647
13 318 833.5254
14 222 2031.6364
15 232 2039.8491
16 69 18.0929
17 436 3948.8009
18 258 1768.3154
19 266 4007.0133
20 115 809.6330
<precedence relations>
1,6
2,6
3,6
4,6
5,7
5,8
5,9
5,10
6,11
6,12
6,13
6,14
9,15
12,18
15,16
15,17
16,19
17,20
<end>