<number of tasks>
20
<cycle time>
1000
<order strength>
0.500
<z_alpha>
1.645
<task times>
1 168 1143.6772
2 520 9370.3842
3 108 371.6462
4 136 163.1832
5 38 11.1460
6 84 75.9437
7 529 4065.7780
8 189 831.2390
9 329 3845.6324
10 22 13.1800
11 96 548.7886
12 33 15.3108
13 635 30.5488
14 101 283.5086
15 90 140.8008
16 304 5207.1548
17 327 1808.4662
18 286 1683.5839
19 359 3788.8509
20 323 4588.6159
<precedence relations>
1,9
2,7
2,10
2,11
3,5
3,10
4,5
4,6
4,7
4,8
5,9
6,9
7,9
8,10
8,11
9,12
9,13
9,14
9,15
10,16
10,19
12,17
13,17
13,19
15,19
16,17
16,18
18,20
<end>