<number of tasks>
20
<cycle time>
1000
<order strength>
0.516
<z_alpha>
1.960
<task times>
1 125 342.3506
2 97 89.7994
3 35 51.7173
4 65 44.7062
5 182 799.8262
6 190 2212.2687
7 128 1018.9365
8 90 430.7073
9 158 140.2353
10 139 466.9927
11 162 898.7606
12 121 74.4639
13 276 3832.6041
14 206 905.0163
15 96 312.5265
16 228 1744.1029
17 52 118.9018
18 220 1544.1584
19 145 865.9731
20 112 350.3240
<precedence relations>
1,8
2,8
3,6
3,15
4,5
4,7
5,8
6,8
7,9
7,10
8,11
8,12
8,13
8,14
9,15
9,17
12,18
12,19
12,20
13,17
13,18
15,16
15,20
16,18
17,19
17,20
<end>