<number of tasks>
20
<cycle time>
1000
<order strength>
0.505
<z_alpha>
1.960
<task times>
1 85 226.6969
2 262 1235.0858
3 34 30.2818
4 93 200.0670
5 40 52.7071
6 149 130.5971
7 56 2.5297
8 103 410.1155
9 53 72.4207
10 41 60.3686
11 118 344.3286
12 121 421.3113
13 124 129.9960
14 44 19.9245
15 199 650.1098
16 95 518.0334
17 27 41.8840
18 151 1137.5125
19 43 22.2767
20 95 503.4525
<precedence relations>
1,11
2,11
3,4
3,5
4,11
5,6
5,7
5,8
5,9
5,10
6,11
7,11
8,20
9,12
10,12
11,13
11,14
11,15
11,16
12,19
14,18
14,20
15,17
16,19
16,20
<end>