<number of tasks>
100
<cycle time>
1000
<order strength>
0.196
<z_alpha>
1.280
<task times>
1 211 2604.4796
2 467 13090.2658
3 270 958.2483
4 130 232.0768
5 78 268.4587
6 24 3.0658
7 139 1081.3064
8 141 10.0206
9 296 1664.5463
10 99 346.7066
11 238 395.6409
12 559 19359.5136
13 222 1328.0923
14 79 177.3484
15 349 95.0421
16 473 10989.5869
17 153 831.2990
18 253 3428.4632
19 129 138.7902
20 163 1327.8624
21 477 13959.8245
22 139 966.1072
23 55 185.2058
24 407 8618.2184
25 38 16.5126
26 95 405.3870
27 269 1923.4513
28 335 4143.6444
29 117 658.7814
30 27 29.6763
31 162 577.6016
32 112 295.0274
33 110 45.3606
34 107 68.2633
35 96 16.3950
36 299 2634.7559
37 56 75.0735
38 459 5175.6877
39 138 673.6412
40 561 16530.7482
41 58 143.9516
42 452 4611.5629
43 243 1600.8880
44 236 667.9360
45 250 3113.3373
46 95 21.4603
47 144 999.4527
48 316 3183.6921
49 171 986.6070
50 285 1723.4762
51 184 1796.1190
52 352 5842.1344
53 139 583.5123
54 142 209.6821
55 420 3620.4530
56 450 6652.5798
57 280 3957.2858
58 320 1342.0868
59 113 586.5752
60 463 6940.9278
61 197 1347.5202
62 184 1457.8538
63 353 4849.7191
64 175 1203.2185
65 28 44.5826
66 184 845.5214
67 471 7099.1290
68 111 122.4652
69 249 2145.0164
70 234 766.8503
71 138 543.8031
72 148 381.8959
73 486 7122.7325
74 150 115.6160
75 35 67.9426
76 87 185.6848
77 421 3780.8591
78 210 1298.9525
79 230 1932.5530
80 38 18.1099
81 84 349.2571
82 290 1985.2218
83 310 4307.3816
84 414 6431.3139
85 305 2435.6655
86 337 845.2070
87 304 3024.7969
88 520 2755.2583
89 211 2120.2493
90 163 205.6964
91 73 64.4469
92 373 7911.3712
93 70 304.8958
94 562 7266.5661
95 208 1645.6158
96 236 3384.9481
97 283 3610.1868
98 73 86.6041
99 266 92.4837
100 114 733.2391
<precedence relations>
2,55
2,79
3,20
3,35
3,75
3,92
4,14
4,16
4,46
4,94
5,21
5,91
6,38
7,22
7,66
9,17
9,19
10,80
11,76
12,98
13,15
13,18
13,88
14,39
15,24
16,25
16,30
17,29
19,23
19,28
21,27
22,26
23,36
24,71
24,72
26,38
27,32
27,34
27,52
28,33
28,38
28,61
29,31
29,37
29,60
30,35
31,40
31,44
33,39
34,46
35,88
36,43
37,41
37,45
37,47
37,66
38,42
41,67
41,87
42,50
42,62
43,52
43,54
44,65
45,48
45,49
45,55
46,54
47,51
47,53
47,56
47,80
47,84
49,63
50,87
51,64
51,74
52,59
52,60
53,58
53,77
54,76
55,61
55,62
56,57
56,77
59,67
59,82
60,66
61,74
61,82
62,65
62,90
63,68
64,69
65,70
65,72
65,77
67,71
67,75
68,74
68,76
68,100
69,73
69,100
70,78
70,87
71,80
71,85
72,84
73,79
73,82
73,83
74,88
76,86
77,81
77,82
77,91
80,90
80,95
82,93
82,94
83,92
85,89
87,91
90,98
91,100
92,97
95,96
95,99
<end>