<number of tasks>
50
<cycle time>
1000
<order strength>
0.198
<z_alpha>
1.280
<task times>
1 196 9546.0208
2 59 498.3022
3 187 7419.1906
4 30 72.9226
5 108 2262.3037
6 218 1519.6881
7 154 4194.7481
8 83 1482.1733
9 291 800.4995
10 160 2221.6910
11 106 68.5246
12 167 2166.6830
13 136 2552.4168
14 47 46.2443
15 45 374.5145
16 233 317.1744
17 167 3276.0722
18 75 483.9958
19 112 1650.9742
20 116 2400.8901
21 47 483.5751
22 85 1405.5238
23 25 128.7380
24 67 305.7156
25 29 79.9062
26 35 96.3969
27 95 828.9852
28 155 5829.6283
29 148 562.5146
30 179 4041.0459
31 138 3797.5728
32 39 196.1645
33 49 499.8967
34 27 97.6072
35 201 906.5612
36 134 1130.1503
37 51 576.7075
38 60 571.7500
39 75 1331.0081
40 155 5758.4640
41 42 228.1290
42 129 999.9329
43 181 2905.5806
44 102 2481.3282
45 138 2434.5880
46 74 1356.5297
47 121 2283.7934
48 176 4831.3677
49 282 17718.8096
50 67 211.7075
<precedence relations>
1,22
2,5
2,9
2,10
2,12
3,4
3,6
3,7
3,8
3,11
4,22
5,22
6,14
6,15
6,16
6,17
7,28
8,13
8,18
8,50
10,20
11,13
11,19
11,21
13,22
14,24
15,25
16,23
17,26
18,29
19,27
20,28
21,49
22,30
22,31
22,32
22,33
22,34
23,35
24,36
25,38
27,37
29,49
30,41
33,43
33,44
34,42
35,41
36,40
37,39
37,44
39,45
40,46
41,48
43,47
44,49
45,49
46,50
<end>