<number of tasks>
50
<cycle time>
1000
<order strength>
0.197
<z_alpha>
1.280
<task times>
1 439 2189.5483
2 132 635.9773
3 558 6102.3386
4 266 3692.9815
5 240 1484.7457
6 87 193.5390
7 148 240.0027
8 318 717.9250
9 196 186.6628
10 83 274.6650
11 88 27.0953
12 458 8723.3581
13 149 977.7157
14 154 292.3024
15 173 1397.4054
16 38 27.4259
17 299 5402.7712
18 482 3397.0860
19 508 10469.0559
20 512 7839.1722
21 70 110.1127
22 188 1943.2061
23 147 247.8378
24 323 6451.1257
25 439 6869.3098
26 271 2321.0823
27 464 12477.6747
28 277 4209.9854
29 318 3900.0560
30 160 127.3994
31 423 10974.5493
32 496 7967.4560
33 73 204.1206
34 278 1317.5462
35 34 2.7315
36 157 117.3272
37 530 9390.8784
38 194 614.4534
39 274 1601.4741
40 219 56.7352
41 438 9446.9989
42 149 801.7540
43 119 285.4621
44 531 7908.1826
45 98 372.8125
46 275 1778.6668
47 118 383.4834
48 149 393.2254
49 484 5047.8438
50 159 1457.2722
<precedence relations>
1,7
1,8
1,11
1,43
2,9
3,10
4,12
5,43
7,13
8,14
9,15
10,16
11,17
12,18
13,22
14,23
15,24
16,20
17,21
18,19
18,25
19,26
20,27
21,30
22,44
22,45
23,29
23,31
23,49
24,28
25,29
25,30
26,33
27,35
28,32
28,37
29,34
30,36
31,44
31,45
32,39
33,42
34,40
35,41
36,38
36,44
37,43
37,45
38,46
39,47
40,48
41,49
45,50
<end>