<number of tasks>
1000
<cycle time>
1000
<order strength>
0.196
<z_alpha>
1.645
<task times>
1 277 276.2661
2 166 4271.2365
3 42 312.1552
4 202 6679.2760
5 100 1887.4197
6 29 204.6567
7 82 1204.6391
8 292 11441.2637
9 149 1271.8745
10 121 1870.2554
11 80 1254.9217
12 66 537.5162
13 37 152.3603
14 198 1639.0437
15 92 349.7987
16 105 2574.5087
17 59 444.7872
18 148 3217.0486
19 92 2021.0693
20 149 297.6795
21 72 406.7716
22 118 2080.3416
23 84 1412.4368
24 171 5001.7893
25 157 2373.8595
26 351 10131.5442
27 386 25308.2376
28 168 5049.1801
29 180 6367.4148
30 209 9922.4826
31 148 3068.5693
32 199 4264.0761
33 95 1305.0933
34 124 2311.2594
35 351 6565.0925
36 143 2052.9366
37 45 180.2001
38 138 3707.3777
39 185 4330.3725
40 253 11675.0122
41 225 4823.6981
42 103 680.7791
43 147 2018.7948
44 73 107.1114
45 128 37.0556
46 260 5980.4467
47 121 3076.3775
48 50 570.1843
49 121 884.5971
50 168 155.2595
51 112 558.5515
52 207 7023.3842
53 87 1793.4970
54 276 8050.9307
55 181 1941.0906
56 174 6305.2033
57 78 1142.4265
58 159 494.5490
59 38 9.0318
60 155 252.4982
61 119 1587.1360
62 139 2775.7299
63 24 131.8012
64 80 513.5719
65 133 3699.6283
66 225 2722.7246
67 260 8324.6948
68 209 5985.4087
69 168 3567.3556
70 158 1843.8839
71 56 43.4179
72 167 6742.2182
73 369 30825.5141
74 116 894.2433
75 41 418.9930
76 143 4706.8193
77 90 375.4548
78 114 3128.7242
79 81 267.4509
80 234 5471.6310
81 320 23479.7203
82 57 599.5701
83 157 5228.6764
84 121 3636.7168
85 28 36.5358
86 178 2850.0030
87 172 5240.5860
88 140 1518.7635
89 335 5569.3303
90 133 508.8900
91 81 79.4803
92 209 9659.9890
93 216 3678.9172
94 173 5644.8037
95 80 1119.3610
96 166 3527.2162
97 53 76.5732
98 137 3263.8188
99 180 2093.3415
100 107 1704.7819
101 101 171.6867
102 118 3070.0120
103 172 6451.0726
104 178 2382.7609
105 50 404.7330
106 163 2714.2158
107 153 4097.2154
108 28 79.4132
109 250 14894.3350
110 106 2346.9352
111 234 9792.3215
112 87 1323.5027
113 49 283.3641
114 198 4067.1499
115 183 6584.5552
116 156 1019.2226
117 136 2964.7325
118 72 306.0506
119 218 9698.2503
120 177 3189.7423
121 145 4211.2472
122 187 7554.1348
123 32 203.9461
124 166 2821.7790
125 265 3923.8170
126 80 1349.5428
127 215 9350.5688
128 324 23614.2574
129 44 116.5337
130 68 735.3176
131 169 3459.6891
132 21 26.4948
133 171 4440.5415
134 117 2861.0503
135 160 3894.4316
136 135 3712.9447
137 195 8670.7382
138 182 365.8497
139 76 457.0426
140 46 377.8468
141 165 5122.5077
142 54 129.5933
143 64 78.3806
144 169 1733.7255
145 70 339.8376
146 141 3895.0902
147 186 5938.4108
148 122 3669.9334
149 156 5791.8818
150 212 8454.9240
151 162 610.7962
152 72 659.9668
153 37 31.0921
154 88 1222.3258
155 236 11462.9727
156 140 4890.0131
157 236 4994.1130
158 50 438.0327
159 167 3860.6359
160 156 3779.1638
161 101 2254.4939
162 124 3290.5398
163 200 4233.8802
164 24 120.6058
165 149 1909.2520
166 101 1410.5642
167 140 4145.6745
168 60 102.6591
169 101 1652.1071
170 36 102.7263
171 87 149.2786
172 76 1139.4824
173 93 1691.4774
174 115 524.0286
175 131 2414.9306
176 85 206.7178
177 62 392.5602
178 73 719.3974
179 90 1342.9347
180 173 7308.5152
181 67 1103.7834
182 95 1142.1057
183 109 2729.8747
184 51 370.3526
185 64 940.6217
186 222 4869.4826
187 93 126.0078
188 56 603.3529
189 60 402.7755
190 91 1977.9405
191 118 2136.7632
192 95 577.8625
193 140 3471.0184
194 230 4149.1067
195 162 5761.5484
196 285 6347.8246
197 147 178.5113
198 118 1397.1496
199 184 7594.9842
200 43 415.2861
201 43 212.3433
202 133 2686.4138
203 312 12182.8408
204 70 186.6594
205 224 10431.7871
206 216 4075.9328
207 165 671.2967
208 132 2922.6170
209 128 1938.0329
210 98 1243.0167
211 181 5505.7008
212 48 11.6204
213 234 12810.8387
214 93 974.7413
215 163 1786.5852
216 192 2720.1331
217 28 177.3381
218 55 243.4558
219 172 1560.5011
220 238 12231.1993
221 58 607.2660
222 173 7381.9719
223 82 676.6602
224 263 13435.6914
225 123 8.2698
226 148 2142.8798
227 176 1511.3898
228 76 302.0686
229 181 5755.2113
230 275 3378.2603
231 47 519.8785
232 78 1472.1628
233 135 2858.4519
234 158 699.1891
235 228 3488.2071
236 64 712.8831
237 127 2078.7114
238 300 6320.3426
239 32 211.2013
240 251 11445.0822
241 68 864.8140
242 189 806.2949
243 113 1129.3251
244 143 4081.4139
245 45 224.8251
246 114 1742.7519
247 154 5923.0320
248 27 24.6473
249 106 2776.9966
250 224 8136.5190
251 164 1705.9079
252 39 191.9969
253 48 236.0496
254 307 19658.4944
255 102 1817.7511
256 82 1520.1803
257 234 10055.7463
258 49 243.0929
259 146 5163.2574
260 136 2275.6109
261 118 429.6415
262 159 3917.0881
263 138 2106.6026
264 37 3.6274
265 224 10927.0259
266 126 3932.0230
267 207 297.7374
268 158 5266.0189
269 52 240.4547
270 77 1406.3363
271 111 2895.3023
272 81 762.4480
273 70 1165.4940
274 77 428.6273
275 91 1711.1868
276 99 333.4028
277 58 807.8885
278 189 977.4434
279 191 4569.5335
280 57 583.8996
281 34 25.9039
282 23 64.5007
283 96 2221.9177
284 47 148.9691
285 80 725.6998
286 44 328.9867
287 52 449.9253
288 96 2274.8679
289 138 3138.1633
290 209 3636.6347
291 113 1626.6658
292 299 3402.3556
293 178 7137.2214
294 155 3243.8311
295 157 5419.1076
296 198 842.4223
297 187 4329.3586
298 83 1527.8208
299 406 15393.1558
300 37 200.2089
301 324 19514.5305
302 38 277.3369
303 114 1901.3340
304 147 5309.3441
305 176 3062.2800
306 162 3614.2564
307 101 1470.7503
308 105 987.5700
309 98 1812.3450
310 287 1591.0921
311 284 18071.1941
312 70 1064.0151
313 134 4202.3502
314 205 9427.5065
315 213 4561.2854
316 24 97.3926
317 169 6694.5447
318 54 698.8904
319 67 645.8781
320 71 683.9988
321 52 530.8268
322 68 927.2710
323 71 239.1223
324 214 7174.3862
325 81 503.2183
326 256 10823.9018
327 76 411.2976
328 151 2628.7537
329 143 2148.2727
330 30 102.7381
331 390 23925.6183
332 191 5622.0849
333 154 5303.5987
334 292 19336.0243
335 184 210.6131
336 48 194.9320
337 311 18630.2267
338 39 89.5763
339 111 1798.1009
340 70 581.8497
341 291 10100.3907
342 105 2606.1338
343 82 79.2248
344 283 6429.9193
345 203 661.1898
346 194 6289.0464
347 155 3110.4272
348 151 2547.0033
349 34 9.1511
350 46 504.7558
351 81 70.3455
352 68 302.2213
353 166 2531.2843
354 267 8473.8334
355 27 163.8750
356 133 4410.0298
357 224 11893.6604
358 69 845.1990
359 149 809.3184
360 169 5056.7408
361 213 6024.8405
362 95 1976.6592
363 128 3084.5448
364 188 4497.8401
365 162 5695.8250
366 31 26.0162
367 90 1166.0000
368 238 6795.3878
369 24 143.6228
370 98 809.2030
371 126 695.8535
372 81 583.8912
373 53 96.3641
374 87 1214.4148
375 29 145.8631
376 56 409.7410
377 26 14.5401
378 135 4258.2674
379 110 1300.4446
380 174 3252.8505
381 188 4316.0833
382 79 842.1484
383 69 62.4541
384 59 24.5111
385 32 69.4570
386 109 2794.0618
387 290 13521.7250
388 187 6531.6230
389 208 6966.9899
390 37 191.8097
391 157 487.6603
392 125 1712.3987
393 199 6136.3943
394 97 84.7992
395 209 4667.2599
396 181 7938.1144
397 42 28.9786
398 161 1520.5243
399 78 1084.2462
400 205 4098.3717
401 322 25859.9840
402 146 710.4783
403 160 2838.3496
404 150 3643.0985
405 100 786.9425
406 159 4025.0978
407 163 3265.4944
408 237 2620.5134
409 67 831.7077
410 68 1031.3421
411 156 1058.7122
412 101 578.4326
413 198 651.1592
414 143 4735.4600
415 157 2052.2056
416 131 251.7178
417 135 3003.7815
418 135 2015.1353
419 147 5114.5766
420 123 1638.4927
421 121 1079.5650
422 65 565.3373
423 266 14066.2812
424 111 2584.0128
425 28 32.9675
426 227 10132.5887
427 66 62.1387
428 86 1736.1630
429 238 6713.1189
430 164 8.1546
431 112 2198.0620
432 204 9171.8665
433 142 3264.9161
434 66 914.9593
435 112 563.9363
436 148 2768.6436
437 90 775.5602
438 24 135.6788
439 201 9382.4610
440 249 3228.8041
441 250 12824.5501
442 92 1046.0261
443 70 1002.6897
444 173 104.5914
445 60 715.1464
446 203 1097.8729
447 58 213.0919
448 46 417.5646
449 122 566.4771
450 123 3226.2043
451 75 1279.6363
452 206 10183.5275
453 180 7822.8427
454 124 2163.0921
455 140 590.2139
456 240 6625.1266
457 115 683.0901
458 69 707.4207
459 198 6156.9097
460 100 735.3554
461 172 5094.9578
462 184 3479.0110
463 165 6086.4499
464 124 195.6572
465 185 2836.7990
466 196 6499.6228
467 55 366.5671
468 152 5109.1600
469 109 2886.3996
470 117 1429.5550
471 143 2187.5391
472 170 3615.8590
473 166 2877.4398
474 220 10192.3493
475 114 2908.1888
476 78 154.1358
477 141 2591.6796
478 114 757.6717
479 58 399.6250
480 68 93.9056
481 117 2022.3757
482 129 2923.5246
483 120 115.8365
484 131 3029.5206
485 162 1159.0673
486 316 19617.9362
487 126 2446.3795
488 90 145.6647
489 35 97.2424
490 37 269.2140
491 61 405.4088
492 30 30.4671
493 107 2507.1974
494 49 160.5529
495 156 2828.9367
496 91 1362.7454
497 198 1992.5233
498 342 17963.4762
499 56 693.1290
500 83 595.4730
501 184 4442.0484
502 376 3834.9102
503 156 4049.0981
504 84 680.9551
505 61 332.3301
506 208 2246.5003
507 139 2976.6582
508 41 391.9661
509 90 1011.3460
510 154 2477.4436
511 71 1035.9855
512 121 3041.3281
513 132 1137.0571
514 69 165.6623
515 55 686.7573
516 88 596.9605
517 99 1175.9633
518 146 2694.0039
519 36 209.8420
520 57 284.1634
521 101 1965.5728
522 117 2753.2368
523 40 219.2247
524 123 165.3023
525 128 2128.8592
526 80 1191.8566
527 111 1348.0532
528 168 1527.4076
529 136 2906.4910
530 81 262.4330
531 134 3314.5359
532 239 105.6883
533 99 1070.6717
534 97 1909.4219
535 188 3398.6420
536 94 1006.6974
537 161 5819.9827
538 199 763.6785
539 104 1063.3834
540 145 234.2346
541 85 1182.8657
542 25 90.8053
543 121 1650.0484
544 208 5135.6674
545 78 1281.0444
546 178 366.3663
547 186 2313.9225
548 159 4635.6893
549 24 36.5897
550 155 1807.9294
551 330 5266.2114
552 156 2724.9601
553 95 203.1452
554 126 3399.4104
555 45 387.6190
556 81 252.1804
557 113 1014.3614
558 130 2924.1897
559 155 4443.8117
560 40 281.3993
561 95 1258.1925
562 40 33.4511
563 85 473.7658
564 77 667.3405
565 75 1388.1103
566 212 6031.1782
567 76 402.7256
568 246 10990.9194
569 90 565.6332
570 323 9396.2528
571 104 853.1951
572 90 1109.2965
573 60 228.6433
574 99 577.6659
575 232 1494.9636
576 252 12593.6628
577 34 212.9623
578 80 1032.5435
579 95 1601.7382
580 117 1244.1809
581 63 572.6923
582 72 525.4146
583 221 10234.8066
584 124 2959.7138
585 175 3353.9564
586 106 1416.0356
587 195 5631.4834
588 77 1133.0260
589 139 1674.8116
590 128 2527.0384
591 37 253.3710
592 128 2554.0373
593 143 4905.7527
594 99 2140.2525
595 42 286.8724
596 134 1997.4936
597 102 2478.9540
598 167 5157.8744
599 63 170.6696
600 166 1956.1087
601 116 2414.4741
602 137 2931.4528
603 200 5552.4408
604 116 3341.3946
605 215 975.3274
606 30 80.2829
607 63 707.5260
608 87 250.1369
609 117 1548.0043
610 46 52.0761
611 88 1157.6392
612 157 949.7327
613 43 363.4984
614 66 1053.7757
615 38 75.5038
616 128 1447.7464
617 287 10966.4951
618 62 368.5403
619 219 10917.0274
620 142 4171.0100
621 192 3881.3007
622 25 130.3981
623 88 607.3390
624 55 667.4178
625 69 155.4371
626 186 8428.7479
627 80 819.8463
628 210 8311.4423
629 352 12418.6786
630 258 8512.7136
631 102 2542.9581
632 96 1459.9284
633 141 4690.4531
634 136 4062.2050
635 183 6852.5362
636 162 3738.4532
637 97 2276.6264
638 86 1152.7031
639 24 92.4073
640 201 328.2109
641 108 1652.6184
642 179 5587.9609
643 52 254.0198
644 343 26438.8190
645 159 2779.5890
646 76 46.1900
647 117 30.5783
648 225 10774.8830
649 112 975.1584
650 255 10995.2729
651 181 6512.6984
652 193 8897.2633
653 71 720.7361
654 40 11.5711
655 46 273.3558
656 75 25.9598
657 95 1651.7821
658 77 289.8976
659 124 2192.0616
660 50 507.5436
661 31 136.3535
662 238 2012.4197
663 37 265.1145
664 20 1.2414
665 89 102.0233
666 93 1325.0036
667 198 5054.9116
668 223 6816.3698
669 185 8261.1407
670 119 637.9158
671 124 1263.3293
672 67 704.4602
673 125 1814.2152
674 224 10873.4545
675 110 232.0976
676 207 5495.2560
677 105 2302.4762
678 79 491.8399
679 297 6955.2895
680 45 265.4302
681 91 1659.3694
682 168 7037.7171
683 110 1893.7614
684 78 387.3056
685 68 896.8893
686 143 4156.7453
687 73 447.4767
688 56 42.7754
689 67 344.2440
690 194 4322.4083
691 113 2225.0417
692 249 8171.9479
693 79 1265.7659
694 67 581.7136
695 266 16313.5820
696 261 12106.3058
697 65 427.0775
698 235 7117.8755
699 182 2416.7341
700 103 1087.1008
701 100 1400.2016
702 345 18369.5939
703 123 3375.1367
704 131 3540.2245
705 95 592.2879
706 194 8297.1781
707 251 3213.5962
708 306 8562.4030
709 51 213.9660
710 192 1353.9783
711 132 563.5653
712 168 6342.8208
713 36 289.6032
714 44 195.9559
715 115 536.2680
716 93 1041.2648
717 120 708.7714
718 33 221.9326
719 44 156.4188
720 39 169.3954
721 80 302.8702
722 65 818.9406
723 152 3358.7089
724 318 12777.2163
725 114 2019.9604
726 48 510.8966
727 137 1162.1785
728 79 122.5034
729 62 404.0570
730 92 1114.7807
731 39 355.5117
732 194 2189.2725
733 145 731.5816
734 262 5478.5265
735 76 450.2080
736 177 7453.0832
737 52 651.5033
738 69 123.1963
739 131 1168.7311
740 196 1492.5377
741 58 359.1970
742 244 9456.7620
743 57 443.9949
744 47 532.4808
745 129 2812.3133
746 179 31.5321
747 99 327.6131
748 195 2259.6819
749 156 4937.5679
750 156 2908.0875
751 97 548.0560
752 89 923.4097
753 41 193.2588
754 112 1920.2234
755 149 2952.1325
756 291 9658.9754
757 29 134.7861
758 129 2426.0931
759 195 6847.6331
760 185 3984.9004
761 159 6212.5399
762 97 921.7614
763 269 14228.0732
764 146 3496.4686
765 48 425.8945
766 128 3797.5262
767 188 3412.6312
768 99 2450.1724
769 89 1968.9410
770 103 2555.3447
771 101 621.9367
772 149 1167.0313
773 86 38.7893
774 245 11132.2708
775 91 934.0964
776 55 117.5554
777 277 14167.8026
778 87 578.7670
779 68 92.5848
780 112 1442.2397
781 126 2452.9493
782 190 5130.0701
783 338 6065.7707
784 98 1016.8707
785 157 1798.4212
786 28 96.5243
787 127 1593.4014
788 105 2026.7083
789 28 194.7679
790 31 72.5334
791 57 623.5965
792 201 2781.9950
793 203 9249.4837
794 129 2115.0188
795 72 1242.2497
796 149 3167.9133
797 222 8275.0066
798 37 257.1674
799 42 359.4600
800 125 1115.8785
801 78 1137.9034
802 51 97.0769
803 98 930.8809
804 21 51.0624
805 25 63.7578
806 119 2023.9724
807 200 5013.7190
808 124 181.6581
809 47 495.2637
810 164 3099.6121
811 195 6832.3538
812 215 3725.8069
813 93 525.9461
814 335 23774.7591
815 161 754.3798
816 340 14429.8175
817 262 15948.9114
818 178 683.0976
819 57 130.1707
820 178 1902.4714
821 215 2147.9903
822 114 1913.8371
823 64 872.4963
824 99 855.6564
825 121 1859.9995
826 44 468.3697
827 114 549.9022
828 102 647.1986
829 203 2265.6917
830 46 159.4759
831 182 2508.2447
832 271 3082.1189
833 147 2084.3535
834 38 329.3467
835 36 63.2482
836 83 943.1021
837 151 5431.2867
838 214 1591.1547
839 180 1714.7170
840 218 6707.8715
841 125 979.3832
842 49 375.0851
843 159 5444.0715
844 99 1891.7854
845 163 1000.5961
846 27 119.8488
847 49 177.4469
848 77 1231.3977
849 205 3436.7934
850 94 1575.1707
851 113 438.9932
852 214 10802.9760
853 77 1062.7493
854 24 78.3895
855 156 2357.2895
856 83 771.2985
857 37 51.6200
858 237 9061.2496
859 140 4274.0122
860 332 15295.4579
861 77 867.4108
862 233 6543.7357
863 188 3623.4706
864 85 16.6929
865 162 2511.6750
866 92 1389.8207
867 180 2338.0279
868 195 2084.8296
869 258 5797.7915
870 139 4273.3581
871 215 3263.9029
872 84 14.3432
873 107 2859.1850
874 103 1524.4418
875 162 682.1589
876 121 3031.4488
877 126 1310.7648
878 177 3764.9889
879 60 589.4355
880 26 84.1066
881 77 290.4724
882 68 581.1787
883 297 3647.6042
884 56 111.8725
885 105 1781.5176
886 172 2200.1201
887 289 9419.0046
888 80 1211.1850
889 135 692.0497
890 59 808.7904
891 57 287.7911
892 74 409.9069
893 286 255.3325
894 89 1075.6019
895 188 1750.3772
896 58 590.1978
897 163 579.0329
898 72 65.2693
899 224 8146.9116
900 100 331.6482
901 137 622.3982
902 388 2027.5445
903 86 361.7627
904 46 16.3090
905 176 3625.8729
906 69 133.0267
907 187 2618.9706
908 221 6034.1374
909 179 3328.8638
910 71 144.9858
911 25 77.0668
912 149 2851.1428
913 435 7797.5112
914 157 2447.7928
915 103 1488.8073
916 25 18.9157
917 195 4383.9022
918 190 2189.0116
919 155 4481.1931
920 192 5827.7524
921 149 170.2351
922 68 850.7925
923 96 2138.1621
924 38 114.3936
925 191 1335.9272
926 70 882.4103
927 63 500.9893
928 184 1863.8624
929 82 389.2964
930 72 904.8580
931 154 1688.2331
932 135 3808.4119
933 148 444.0601
934 158 3517.4062
935 244 8426.7923
936 183 826.3055
937 106 2720.7020
938 114 2511.1285
939 87 16.6405
940 115 3123.1495
941 68 191.4772
942 74 1181.6449
943 92 1769.6502
944 215 7226.0602
945 121 590.9756
946 77 340.3160
947 103 7.2000
948 243 8655.6345
949 166 3001.8014
950 48 268.2944
951 117 1549.4712
952 222 1350.7216
953 372 33841.3142
954 246 13031.2039
955 227 7505.6609
956 77 894.9976
957 187 6291.0219
958 147 297.9201
959 93 1801.4802
960 83 852.0941
961 89 253.1913
962 83 172.8720
963 182 5348.9618
964 24 123.6871
965 137 3728.9639
966 51 95.8824
967 175 2771.4402
968 23 74.3017
969 330 3907.6932
970 29 164.2412
971 73 1055.3336
972 262 11441.2623
973 222 12038.1788
974 144 595.0271
975 149 1473.7975
976 140 645.4983
977 176 3499.8056
978 146 3509.1889
979 111 968.7776
980 86 483.6272
981 264 8907.9970
982 252 8434.0750
983 47 130.2963
984 260 10347.1695
985 132 340.2115
986 163 4771.5885
987 100 573.0480
988 162 6535.5688
989 194 6101.1527
990 53 693.4184
991 90 1102.4622
992 396 20901.4368
993 120 2290.3414
994 160 5316.7179
995 207 3491.0187
996 187 4644.5364
997 82 1181.8596
998 89 146.0919
999 173 3273.3511
1000 269 3504.7229
<precedence relations>
1,633
2,35
4,32
4,202
4,505
7,983
8,26
8,316
10,31
11,906
12,266
12,476
13,273
14,30
14,33
14,503
15,500
16,24
16,29
16,226
17,28
17,36
18,25
19,34
20,23
20,27
21,22
21,978
22,797
22,980
23,298
25,40
25,785
26,121
26,249
27,39
27,52
28,43
28,175
29,41
29,51
30,42
30,47
30,49
31,651
32,44
33,48
34,46
34,784
35,38
35,45
35,50
36,37
36,233
37,56
37,68
38,57
38,64
38,67
38,69
39,886
40,54
40,55
40,313
41,66
41,935
42,59
42,65
42,372
45,53
45,128
46,112
47,116
48,58
48,61
48,62
49,351
50,959
51,63
51,447
51,765
52,60
53,70
53,77
53,82
53,211
53,373
54,993
56,450
56,493
56,635
56,637
57,437
57,763
58,75
58,79
59,71
60,80
60,81
60,309
61,70
61,83
61,509
62,75
62,85
64,78
65,76
66,72
66,347
66,358
67,73
67,74
68,70
68,86
69,84
69,100
69,396
69,477
70,91
70,510
71,88
71,90
71,96
71,99
71,445
71,545
72,436
73,105
74,464
75,111
76,90
77,102
77,109
77,392
78,87
78,89
78,93
78,758
79,391
79,731
80,97
81,87
81,106
82,95
82,107
82,758
82,933
83,92
83,104
85,94
85,100
85,141
86,98
86,101
86,103
86,108
86,110
87,134
88,116
88,315
88,778
89,123
89,583
90,259
91,500
92,130
93,114
93,553
94,129
94,541
95,112
96,117
96,127
96,391
97,119
97,120
97,121
97,131
98,112
98,172
99,367
99,973
100,126
100,910
101,124
101,125
102,115
102,122
103,569
104,429
104,607
104,763
105,128
106,132
107,522
109,113
109,234
110,118
111,133
111,876
112,153
113,139
115,140
118,143
118,620
119,469
119,535
119,733
120,174
121,136
122,361
123,853
123,987
124,299
125,145
125,151
126,147
126,150
127,138
128,141
128,149
128,704
128,945
129,135
129,148
130,137
130,142
132,144
133,135
133,152
134,146
134,364
134,719
135,641
136,162
136,165
136,168
136,171
136,259
136,324
137,201
137,373
138,164
138,578
139,167
140,156
140,492
141,307
142,170
143,193
143,564
143,858
144,154
144,155
144,158
145,157
146,172
146,628
147,456
149,160
149,161
149,166
149,343
150,169
150,469
150,822
152,163
153,159
153,256
154,177
154,183
154,194
154,551
155,176
155,179
155,543
155,592
156,186
156,289
157,184
158,994
159,393
159,799
160,175
160,190
163,193
163,869
164,187
164,657
165,178
166,189
166,657
167,180
167,586
168,181
168,182
168,188
168,191
169,808
170,192
170,479
170,797
171,174
171,185
171,741
171,771
172,173
173,205
174,195
174,210
174,251
174,258
174,417
175,197
175,200
175,905
177,206
178,924
179,204
179,209
180,587
180,845
181,203
181,394
181,409
182,671
182,714
183,612
184,201
185,202
185,208
186,201
186,207
187,195
189,652
192,199
193,198
193,531
194,196
194,276
195,212
195,463
195,889
196,216
196,225
196,250
197,213
198,214
198,221
199,219
200,446
201,218
201,223
201,228
202,501
203,217
203,220
204,849
205,211
206,226
206,483
207,222
207,227
207,229
207,350
208,215
208,224
208,939
210,391
211,247
211,291
211,693
212,238
212,618
212,626
212,652
213,242
213,601
214,249
215,232
215,779
215,797
216,233
216,248
216,468
217,231
217,241
217,314
217,720
218,234
218,240
219,239
219,400
222,230
222,246
222,420
222,605
223,235
223,597
224,245
224,425
224,689
225,236
225,237
226,904
227,243
227,452
227,906
228,806
228,973
229,244
230,251
231,264
232,257
232,262
232,600
234,695
235,258
236,450
237,252
237,256
237,267
238,806
240,259
240,263
241,255
241,260
241,261
241,266
243,328
244,820
245,265
245,854
246,250
246,254
248,253
248,318
249,431
251,275
251,276
251,497
252,283
252,285
253,268
253,274
254,273
254,278
254,463
254,737
255,279
256,270
256,481
256,572
257,282
257,327
258,281
259,268
259,286
259,287
260,269
261,478
262,510
262,583
262,673
263,271
264,280
264,284
264,654
264,807
265,277
265,966
266,272
266,566
267,602
268,288
268,302
268,731
268,862
269,301
269,775
269,832
270,357
270,953
270,978
271,307
272,296
273,299
273,684
274,785
274,938
275,295
275,300
275,424
276,298
276,559
277,293
277,774
278,304
279,294
279,303
279,470
281,529
282,305
282,948
283,291
284,292
284,737
285,289
285,290
285,497
286,297
287,306
289,346
289,636
291,316
292,868
292,925
293,319
293,883
293,967
294,311
294,315
294,322
295,318
296,310
297,313
298,308
298,314
298,796
300,320
300,606
301,661
302,312
302,588
303,321
306,317
307,309
307,518
308,340
309,691
311,332
311,333
311,523
311,701
312,326
313,339
314,602
315,329
315,331
315,335
316,324
316,562
317,330
317,334
317,336
317,451
318,323
318,325
319,327
319,543
320,719
321,337
321,554
322,328
322,338
323,347
323,619
325,356
326,928
327,348
328,345
328,357
328,663
328,903
329,561
331,355
332,342
332,709
333,341
333,344
333,829
334,878
336,346
336,353
336,510
337,349
337,352
337,354
337,356
338,341
338,343
339,350
339,351
339,436
341,367
341,372
341,961
342,359
342,373
343,929
344,542
345,374
345,553
346,360
348,361
350,363
350,366
351,358
351,364
351,370
351,725
352,362
353,368
353,371
356,365
356,369
358,388
359,381
360,393
361,379
362,529
363,376
363,385
363,386
364,377
364,378
364,661
365,391
366,789
367,621
368,382
368,472
368,794
368,990
369,384
369,387
370,375
370,919
371,389
372,390
372,392
372,919
373,380
373,383
373,825
375,397
375,578
376,396
376,965
377,398
377,412
378,409
378,411
379,394
379,404
380,882
381,402
382,395
383,407
383,413
383,474
384,406
385,403
387,866
388,396
388,408
388,607
389,405
389,410
390,909
391,399
391,400
391,414
393,401
394,968
396,424
396,426
396,896
397,757
400,956
401,417
401,418
401,422
402,577
403,416
403,425
403,429
404,863
405,427
405,430
405,630
406,415
406,421
407,419
407,431
408,499
408,608
410,428
410,432
412,420
414,423
414,469
415,438
415,445
415,642
416,434
416,444
417,433
417,436
417,635
417,647
420,437
420,440
420,945
421,446
421,882
422,442
423,443
425,478
426,572
427,439
427,447
428,648
429,449
430,441
431,448
431,619
431,945
432,435
433,786
435,466
436,450
436,454
437,457
437,674
438,458
438,461
439,465
439,517
440,460
440,995
441,464
442,452
442,459
443,451
443,455
443,836
444,467
445,453
445,463
445,464
447,462
448,456
450,484
451,476
451,550
453,475
453,488
454,471
454,480
455,485
455,878
456,473
456,487
457,472
458,474
458,477
458,478
458,479
459,468
459,704
460,867
462,475
462,490
463,730
464,481
464,673
465,489
465,861
465,965
466,469
466,470
466,482
466,483
467,486
468,496
468,504
469,618
470,498
471,495
471,506
471,508
472,501
473,492
473,916
474,775
475,493
476,555
477,500
477,503
478,504
479,502
479,552
480,505
483,507
485,499
486,491
486,494
486,535
486,713
487,510
488,509
488,581
488,709
489,497
491,789
493,519
493,549
494,517
495,734
496,723
497,525
497,527
498,522
498,526
498,737
501,511
501,514
502,515
502,516
502,518
502,714
502,807
504,523
504,976
505,521
505,767
505,897
507,512
507,513
507,520
507,528
509,528
509,557
510,524
510,984
512,531
512,536
512,538
512,546
514,529
515,534
515,540
515,542
516,765
516,992
517,541
517,551
518,545
520,905
522,549
522,841
523,533
523,754
523,782
523,906
525,535
525,544
526,539
526,543
526,548
526,550
527,530
527,537
528,532
528,547
531,554
531,901
532,552
532,562
532,753
533,561
533,564
534,566
534,568
535,569
535,993
536,565
536,823
538,556
540,859
541,570
542,558
542,567
542,695
542,855
542,870
543,553
544,553
544,559
546,555
546,563
546,569
546,764
546,965
547,899
548,560
549,557
549,884
550,769
552,586
554,571
554,579
554,588
555,587
556,585
556,626
556,887
558,603
559,575
559,581
559,582
560,583
560,584
562,577
563,589
563,899
564,602
565,671
566,578
567,573
567,580
567,590
568,572
568,576
569,578
570,574
574,598
574,600
575,593
575,601
576,592
576,652
576,784
577,596
577,881
578,749
579,595
579,605
579,629
579,998
580,597
580,967
581,599
581,961
582,604
583,748
584,591
584,610
584,750
585,608
586,606
587,602
588,594
588,603
589,609
589,904
589,996
590,607
591,640
592,617
593,623
593,629
595,616
595,912
596,611
596,612
596,640
598,620
598,689
599,622
601,619
601,840
602,658
602,811
603,626
604,624
605,618
605,625
606,615
606,621
608,628
610,613
610,614
610,627
611,632
611,636
611,897
612,634
612,826
613,641
614,644
614,676
616,679
617,631
618,642
618,671
620,635
620,640
623,633
624,639
624,643
624,645
625,638
627,630
628,802
629,637
629,865
629,894
630,657
630,660
630,860
631,744
631,924
632,647
633,650
633,656
633,862
634,653
634,956
635,648
635,659
637,646
637,893
637,995
638,787
638,848
639,651
639,652
639,654
640,649
640,661
642,766
643,655
643,868
645,658
646,663
646,672
647,673
647,678
647,756
648,669
649,668
649,681
649,738
650,662
651,675
652,665
652,680
652,936
654,664
654,705
655,671
655,885
655,955
655,972
656,670
656,677
659,666
659,667
659,674
660,679
661,676
662,691
663,688
663,692
664,686
664,699
664,987
665,891
667,700
668,683
668,690
670,687
671,689
671,968
672,695
672,698
674,693
675,684
676,834
676,986
677,685
678,696
679,701
680,682
681,694
681,697
682,703
683,706
683,711
683,763
686,709
687,705
687,712
688,702
688,713
689,756
690,834
690,868
692,734
693,704
693,718
696,707
696,714
697,708
698,710
698,715
699,717
700,711
700,719
700,948
701,716
701,933
703,930
705,721
705,733
705,846
706,723
707,726
707,962
708,727
708,731
709,736
713,724
713,725
713,728
713,734
714,776
714,836
715,722
715,735
716,732
716,878
717,729
717,730
718,720
719,904
719,919
720,751
721,744
721,757
722,980
723,745
725,747
726,748
726,749
726,755
727,739
727,752
728,740
728,750
729,737
729,927
731,742
731,754
732,741
732,743
732,746
732,753
732,756
733,738
735,751
737,757
737,766
737,770
738,769
740,761
740,765
740,777
741,758
742,764
742,770
744,783
746,771
746,891
747,762
748,759
748,768
750,983
752,763
752,772
752,779
754,760
754,767
754,948
757,779
757,783
757,930
757,997
758,793
758,794
759,776
759,780
759,786
760,774
762,789
762,790
762,946
763,787
763,899
764,975
766,778
766,785
766,963
767,775
767,848
769,782
769,795
770,773
770,874
771,788
771,791
771,792
772,777
772,781
772,784
773,817
774,813
775,814
776,796
776,811
777,809
778,806
778,812
778,815
779,804
779,816
780,807
781,801
781,810
782,805
784,798
784,803
784,808
786,803
787,797
788,799
794,800
794,807
795,802
797,820
797,824
798,826
799,929
801,834
801,974
802,825
803,822
804,828
804,830
804,831
806,827
806,829
808,821
809,819
810,823
810,832
812,933
813,818
814,833
819,855
820,838
820,844
820,845
821,836
821,839
821,851
821,856
821,857
822,852
824,846
824,979
825,837
826,841
826,850
826,880
826,882
827,848
827,853
827,854
827,888
828,971
829,842
830,843
830,849
831,835
834,840
834,847
836,862
839,860
839,864
840,872
841,868
841,904
842,870
844,871
845,867
848,859
849,953
851,866
851,869
852,860
852,861
854,865
856,858
856,863
858,884
858,886
858,887
858,891
859,882
860,896
861,879
862,876
862,966
863,874
863,880
863,894
863,997
864,875
864,883
865,881
867,889
867,892
867,897
868,895
869,877
869,878
869,888
869,926
870,873
871,885
871,893
872,890
875,898
875,911
875,915
876,919
878,903
879,899
879,984
883,912
883,945
884,902
885,907
885,918
886,915
888,905
889,904
889,917
890,900
891,906
894,909
895,901
895,913
895,967
895,969
896,908
896,914
897,910
897,916
897,990
897,993
898,920
899,925
899,930
900,921
902,927
904,922
904,928
907,923
908,931
910,932
911,924
911,926
913,987
919,929
920,933
920,947
921,942
923,938
923,943
923,945
926,936
926,946
927,939
928,941
928,944
929,935
930,934
932,937
932,940
933,949
933,964
933,967
934,952
934,966
936,951
936,962
938,954
938,959
939,955
939,958
940,968
941,950
941,963
942,961
943,948
945,953
945,956
945,992
947,957
947,960
947,965
947,985
950,972
950,977
951,974
951,975
951,976
952,969
952,981
960,973
961,978
962,971
964,970
965,980
966,979
971,988
974,982
974,994
974,995
975,990
975,996
975,997
976,984
976,993
977,989
977,991
977,994
977,999
978,987
978,1000
979,986
981,983
981,985
981,992
981,998
<end>