<number of tasks>
20
<cycle time>
1000
<order strength>
0.263
<z_alpha>
1.960
<task times>
1 156 850.8840
2 84 415.0718
3 180 1603.5512
4 204 2326.5505
5 79 328.9173
6 54 110.8580
7 279 2342.4475
8 128 333.9531
9 127 548.7701
10 111 223.4911
11 290 3436.3011
12 239 2501.8584
13 179 1434.2363
14 161 1322.7641
15 46 32.2206
16 124 171.1437
17 159 153.5857
18 107 286.2386
19 64 195.5901
20 193 464.3297
<precedence relations>
1,3
1,4
2,5
2,6
3,7
4,8
5,9
5,10
7,12
8,14
9,11
9,13
10,15
11,16
12,18
13,17
14,18
15,19
15,20
<end>