<number of tasks>
20
<cycle time>
1000
<order strength>
0.521
<z_alpha>
1.645
<task times>
1 217 1959.2606
2 60 148.5279
3 29 40.8553
4 304 1006.5193
5 446 11925.9348
6 110 463.4598
7 236 2988.2796
8 188 2116.4518
9 188 439.5127
10 250 154.4358
11 314 682.7886
12 475 12589.2243
13 125 498.1222
14 62 137.8685
15 311 2888.3340
16 454 8220.2145
17 363 6656.5893
18 540 4268.0850
19 113 127.9466
20 115 494.4096
<precedence relations>
1,4
1,5
2,4
2,5
3,4
3,5
4,6
4,7
4,8
4,9
4,10
5,8
5,9
5,10
5,17
6,11
7,12
8,13
9,13
9,14
11,15
12,17
13,16
14,20
15,18
16,19
17,20
<end>