<number of tasks>
20
<cycle time>
1000
<order strength>
0.500
<z_alpha>
1.280
<task times>
1 555 3492.0235
2 540 55016.2093
3 558 31231.1728
4 275 401.5068
5 512 28585.0691
6 684 12208.9342
7 669 4718.3723
8 472 8813.5114
9 529 41228.6395
10 512 55423.3005
11 367 26971.1395
12 473 39582.5500
13 430 29596.1852
14 460 3709.8585
15 442 46702.2008
16 688 3849.1220
17 725 11987.5936
18 370 1734.0177
19 488 33497.5621
20 653 13754.1242
<precedence relations>
1,4
2,5
2,6
3,5
3,6
4,7
5,8
5,9
5,10
6,9
6,10
7,11
8,12
9,13
9,17
9,18
10,14
11,17
12,15
13,16
14,17
14,18
15,19
16,19
17,19
17,20
18,19
18,20
<end>