<number of tasks>
20
<cycle time>
1000
<order strength>
0.511
<z_alpha>
1.645
<task times>
1 216 2745.4454
2 146 1078.3019
3 110 468.3900
4 489 5924.9197
5 21 26.7401
6 206 311.9686
7 219 2985.5801
8 463 4984.0006
9 230 358.4850
10 30 20.1900
11 541 11284.3075
12 145 225.6297
13 36 58.3730
14 96 51.0506
15 547 5520.8480
16 304 4594.6193
17 39 2.5272
18 434 10329.7114
19 381 3839.3566
20 297 801.5914
<precedence relations>
1,3
1,5
2,4
2,5
3,9
4,6
4,8
4,10
4,14
5,7
5,10
5,14
6,11
7,12
8,13
9,14
10,17
10,18
11,15
12,15
13,15
14,16
15,18
15,19
15,20
16,17
16,20
<end>