<number of tasks>
20
<cycle time>
1000
<order strength>
0.505
<z_alpha>
1.960
<task times>
1 730 16358.7012
2 589 2478.4066
3 474 35212.2895
4 390 7872.3363
5 462 32406.8627
6 496 28088.3620
7 480 7312.6454
8 425 26418.3490
9 545 15917.9485
10 562 40243.8462
11 438 34276.2688
12 702 21656.1752
13 439 6982.2437
14 285 2601.5134
15 511 26315.5041
16 483 51330.7535
17 468 48297.9963
18 654 16973.0297
19 534 9927.1025
20 552 43086.9294
<precedence relations>
1,13
2,3
2,4
2,5
2,6
3,13
4,13
5,7
5,8
6,9
6,14
7,13
8,9
8,10
8,11
8,12
9,13
10,20
11,13
11,14
11,15
12,13
13,16
13,17
13,18
13,19
14,20
<end>