<number of tasks>
100
<cycle time>
1000
<order strength>
0.195
<z_alpha>
1.960
<task times>
1 307 2608.4594
2 51 72.1470
3 368 6329.9406
4 147 41.6423
5 326 911.2282
6 224 950.8563
7 48 32.0132
8 523 12782.0770
9 553 17573.8546
10 228 3120.2482
11 88 428.4501
12 359 2375.9042
13 48 4.5674
14 233 3253.0166
15 82 170.8889
16 223 461.5388
17 190 1220.2561
18 215 1130.7666
19 276 1598.6944
20 85 379.1207
21 24 7.3066
22 302 2815.5366
23 484 6680.4306
24 438 8135.4758
25 143 1137.6786
26 170 1189.7787
27 305 2808.6333
28 340 2126.4823
29 133 998.2976
30 173 666.8006
31 53 122.0236
32 229 975.4397
33 157 154.4366
34 365 6064.9148
35 316 1818.6368
36 266 1065.5883
37 76 25.3469
38 290 1190.6793
39 131 142.5547
40 483 9240.8055
41 224 480.4886
42 68 252.8610
43 184 1445.6769
44 530 2090.1196
45 164 1155.2580
46 520 16593.6751
47 565 11213.5105
48 181 1371.2428
49 207 192.7044
50 118 781.7840
51 91 282.3807
52 242 938.4263
53 142 637.0362
54 478 8684.1679
55 350 4678.8162
56 64 200.6846
57 338 4778.4419
58 282 3544.6302
59 465 9940.6014
60 85 194.4210
61 510 10671.0079
62 430 4542.2684
63 178 1376.9935
64 63 201.8807
65 86 333.3018
66 368 2776.9352
67 38 9.3688
68 233 1443.2739
69 97 88.2891
70 123 827.1072
71 232 2793.3753
72 21 16.1739
73 500 6508.1360
74 32 28.3390
75 222 2529.6847
76 335 1833.1604
77 184 1333.3364
78 477 3093.1062
79 129 158.6858
80 112 62.8170
81 74 156.7467
82 70 225.5181
83 95 537.8625
84 119 72.9449
85 248 1140.3176
86 200 731.9426
87 143 778.7134
88 148 540.8507
89 463 10221.8656
90 63 118.5377
91 507 10623.4596
92 22 7.3695
93 449 7195.1976
94 261 3600.6672
95 106 128.2966
96 96 200.1063
97 126 833.1180
98 164 63.5557
99 429 8688.7358
100 145 658.0887
<precedence relations>
1,64
2,13
3,10
3,71
4,95
5,11
5,12
5,51
7,14
10,15
10,20
12,17
12,19
12,20
13,16
13,18
14,62
15,26
15,29
15,31
16,28
16,32
17,27
19,21
19,22
19,24
19,25
20,23
20,29
20,30
20,33
21,38
22,35
22,43
23,37
23,40
23,97
25,34
26,36
26,99
27,35
27,39
27,42
28,45
30,41
34,45
34,47
34,50
36,47
36,51
37,48
38,62
38,77
40,44
42,46
42,49
45,52
46,68
47,55
47,57
47,59
48,58
49,53
49,54
49,56
50,57
52,62
52,64
53,70
55,63
55,65
56,66
57,61
59,60
59,65
59,67
61,74
62,69
62,71
62,73
62,75
62,78
63,70
63,72
63,77
64,68
64,76
65,91
66,79
69,84
69,85
71,83
73,80
74,81
74,82
75,79
78,97
79,86
79,89
80,88
80,90
80,91
80,96
82,92
83,87
83,96
86,94
86,96
87,97
89,98
90,93
90,99
91,95
92,100
<end>