<number of tasks>
100
<cycle time>
1000
<order strength>
0.599
<z_alpha>
1.960
<task times>
1 559 35365.4662
2 143 1509.0392
3 114 2615.8149
4 130 510.6225
5 487 46664.4612
6 208 656.8683
7 282 8481.8520
8 172 5488.6288
9 166 4495.7309
10 125 1131.0604
11 252 4190.3063
12 490 45039.4624
13 274 15634.5234
14 526 40370.4581
15 526 39676.5046
16 156 2003.3445
17 338 4265.4470
18 192 8160.5852
19 65 467.8148
20 115 262.5166
21 260 10853.6006
22 468 42286.2699
23 105 565.8547
24 164 3248.1494
25 73 1152.7859
26 113 3048.8390
27 20 68.8377
28 508 45477.3800
29 72 67.3030
30 236 490.2645
31 74 1344.1183
32 484 29591.0877
33 227 95.1485
34 523 47713.0003
35 138 3241.2116
36 189 5769.6458
37 401 11244.5187
38 204 3564.9694
39 113 2265.1327
40 320 19502.4655
41 519 57092.6498
42 185 7777.4370
43 569 32337.7036
44 142 3370.1208
45 300 16444.8594
46 523 14180.4340
47 160 3343.5090
48 198 2714.4229
49 203 6262.1567
50 203 9427.2460
51 504 43763.9729
52 448 22705.0815
53 97 2044.7745
54 506 49668.9821
55 169 3582.7524
56 349 1264.8888
57 137 3992.0342
58 106 166.9120
59 162 5807.1408
60 57 108.8782
61 58 75.6025
62 126 3039.1310
63 215 11058.4745
64 391 31615.9382
65 65 499.9962
66 126 3705.4733
67 219 3118.0235
68 154 4780.4580
69 251 916.7506
70 252 5399.5098
71 145 4117.9678
72 341 17350.2124
73 121 2771.3624
74 249 2559.6209
75 178 5083.3224
76 571 22706.3690
77 23 84.3387
78 78 61.1573
79 246 4601.9368
80 319 16159.7757
81 39 252.9330
82 445 47741.9738
83 41 73.4115
84 146 3565.8144
85 311 7308.9477
86 387 26957.1388
87 507 31635.8324
88 78 1234.0257
89 192 1179.6067
90 172 6780.0406
91 227 6737.7262
92 175 6417.1943
93 345 7987.4132
94 556 22851.6437
95 233 8572.2149
96 478 22224.1581
97 137 177.5353
98 233 861.5172
99 187 913.9564
100 32 178.2292
<precedence relations>
1,15
2,15
3,15
4,33
5,33
6,33
7,44
8,9
8,10
8,11
8,12
8,13
8,14
9,15
10,15
11,15
12,44
13,44
14,16
14,17
14,18
14,19
14,20
14,21
14,32
15,22
15,23
15,24
15,25
15,26
15,27
15,28
15,29
15,31
15,32
16,33
17,33
18,44
19,44
20,57
21,30
21,34
21,35
21,36
21,37
22,33
23,34
23,37
23,55
24,33
24,39
25,35
26,38
27,54
28,74
28,77
28,79
29,36
29,79
30,33
31,44
32,36
32,57
32,59
33,40
33,41
33,42
33,43
34,44
35,44
36,81
37,57
38,57
39,45
40,52
40,53
41,77
41,93
41,95
42,54
42,55
43,53
43,59
44,46
44,47
44,48
44,49
44,50
44,51
46,57
47,56
47,78
48,56
49,58
49,60
49,75
50,95
51,56
51,58
51,59
51,75
51,77
51,79
51,83
52,57
53,57
54,57
55,61
55,78
55,83
56,81
57,62
57,63
57,64
57,65
57,66
57,67
57,68
57,69
59,70
59,78
60,61
60,70
60,71
60,72
60,77
61,81
62,72
62,73
62,74
62,76
63,83
64,77
65,80
66,74
66,75
67,71
68,71
68,80
69,77
70,73
71,81
72,81
73,81
74,81
75,81
76,78
76,79
76,80
78,81
79,82
79,97
80,83
81,84
81,85
81,86
81,87
81,88
81,89
81,90
81,91
82,99
83,99
83,100
85,96
86,93
86,95
87,92
87,93
88,94
89,97
90,96
91,93
91,95
93,96
94,97
95,97
95,98
96,98
98,99
98,100
<end>