<number of tasks>
20
<cycle time>
1000
<order strength>
0.500
<z_alpha>
1.645
<task times>
1 126 995.3718
2 511 40059.8960
3 109 1922.0923
4 140 2167.5320
5 323 1195.1671
6 50 40.7973
7 98 1522.5907
8 147 3323.1665
9 76 21.8073
10 100 1783.7351
11 38 307.5921
12 256 9080.9620
13 271 18097.6056
14 504 53747.0610
15 485 19959.6383
16 66 673.4369
17 180 1635.5561
18 192 6364.2750
19 60 293.2944
20 74 738.3958
<precedence relations>
1,4
2,4
2,5
2,6
3,5
3,17
4,7
5,15
6,8
7,8
7,9
7,10
7,11
7,12
8,15
9,14
10,13
12,13
12,15
13,17
14,16
14,19
15,18
15,19
15,20
<end>