<number of tasks>
20
<cycle time>
1000
<order strength>
0.532
<z_alpha>
1.645
<task times>
1 329 9084.6573
2 235 3216.4780
3 57 667.1982
4 58 515.7687
5 143 239.6060
6 196 1434.7933
7 473 40935.9281
8 446 22974.5467
9 222 11941.6017
10 73 1255.4243
11 514 7929.2291
12 88 1246.1357
13 78 573.0303
14 279 5567.9925
15 495 30342.8691
16 328 8441.3196
17 157 3220.4976
18 45 284.3019
19 337 1175.4245
20 265 13706.5690
<precedence relations>
1,9
2,9
3,6
4,5
4,7
4,8
5,9
6,9
7,9
8,10
9,11
9,12
9,13
9,14
11,16
11,18
12,15
13,17
15,19
16,20
<end>