<number of tasks>
100
<cycle time>
1000
<order strength>
0.598
<z_alpha>
1.280
<task times>
1 244 1222.3657
2 181 761.6865
3 108 312.5323
4 185 898.4805
5 161 401.5838
6 73 54.8908
7 27 13.6273
8 143 237.1251
9 179 811.3959
10 90 416.3394
11 37 46.7955
12 146 182.9928
13 171 115.2939
14 226 3080.6705
15 143 1104.4531
16 136 177.8958
17 140 1060.4800
18 219 1733.9832
19 228 340.9043
20 150 1023.2440
21 39 36.3004
22 66 211.7057
23 191 110.2878
24 130 1029.1178
25 120 279.2265
26 118 853.1649
27 245 1376.9594
28 157 269.0061
29 142 1105.9130
30 219 791.3936
31 40 68.1401
32 90 312.0168
33 161 619.4702
34 51 154.2960
35 84 355.5450
36 133 649.4903
37 187 1906.5234
38 209 2279.2175
39 194 1486.1021
40 90 110.2620
41 117 74.8721
42 211 1669.9539
43 249 1830.9200
44 150 350.6746
45 157 302.0891
46 112 122.1293
47 116 774.9107
48 204 2066.1897
49 234 3098.1253
50 210 588.4908
51 140 419.6038
52 59 20.1137
53 105 615.2332
54 231 2557.6147
55 154 1040.7287
56 140 939.3157
57 117 570.8071
58 162 819.7802
59 120 33.4173
60 224 497.3004
61 109 95.3749
62 71 115.4476
63 232 2542.1393
64 143 647.8568
65 257 3649.1216
66 112 513.4360
67 182 1078.9858
68 111 246.9773
69 36 75.5712
70 116 818.0391
71 72 68.7652
72 226 119.7483
73 322 177.1500
74 27 25.2866
75 208 104.6269
76 192 917.8758
77 160 527.2514
78 30 38.6798
79 52 96.5436
80 200 1430.3292
81 141 1036.1837
82 87 345.0657
83 161 397.5228
84 127 738.8118
85 221 2019.8466
86 191 382.4819
87 52 67.7635
88 100 590.0681
89 202 253.1335
90 147 280.5045
91 161 617.7122
92 69 14.6809
93 162 544.4709
94 184 1397.2606
95 55 14.2456
96 121 183.0812
97 135 354.2590
98 65 11.7475
99 357 5070.4391
100 145 109.3668
<precedence relations>
1,8
1,9
2,9
2,22
2,44
2,53
2,54
3,10
3,12
4,11
4,13
4,30
5,8
5,9
5,10
5,11
5,13
6,8
7,68
7,100
8,17
8,18
9,16
9,20
10,14
10,15
10,30
10,51
11,14
11,15
11,16
12,18
12,21
12,54
13,14
13,16
14,19
14,25
14,39
14,62
15,21
15,22
15,69
16,21
16,24
16,25
16,51
17,19
17,20
17,23
17,24
18,19
18,20
19,36
19,38
19,57
20,26
21,50
22,59
22,64
23,27
24,49
24,55
24,66
25,52
25,55
25,59
25,77
26,30
26,32
26,34
26,56
26,58
27,28
27,29
27,30
27,31
27,33
27,36
27,40
28,35
29,45
29,55
29,68
30,41
30,42
31,38
31,39
31,48
32,36
32,38
33,35
34,37
34,40
34,55
35,43
35,44
35,45
35,46
35,47
35,48
36,47
36,77
38,94
39,45
40,43
40,46
40,60
41,47
42,47
42,65
42,72
43,49
43,52
44,49
44,59
45,52
45,54
45,58
46,50
46,51
46,57
46,69
47,55
48,51
48,53
48,56
48,59
48,61
49,61
49,62
50,62
50,73
51,92
52,66
52,89
53,78
53,91
54,60
54,61
55,60
56,95
57,59
58,74
59,66
59,75
60,71
60,73
61,63
61,76
62,64
62,65
63,69
63,71
65,67
65,68
65,71
66,70
66,73
67,76
67,80
68,76
69,72
69,73
70,100
71,74
71,75
71,97
71,98
72,78
72,81
73,80
75,78
75,79
75,81
75,82
76,77
76,94
76,96
77,91
79,90
80,83
80,86
80,90
82,84
82,85
83,88
83,91
84,89
84,92
84,93
85,90
86,87
86,88
86,93
87,97
88,94
88,95
91,98
93,96
93,99
93,100
<end>