<number of tasks>
100
<cycle time>
1000
<order strength>
0.897
<z_alpha>
1.280
<task times>
1 42 378.2338
2 261 15173.3300
3 43 430.6636
4 235 10965.0119
5 76 1108.5349
6 37 75.6368
7 499 43700.4925
8 83 1513.4939
9 76 70.2332
10 191 4008.9223
11 74 520.6510
12 121 3237.4696
13 468 40338.0492
14 132 2449.0089
15 245 8888.6744
16 209 1227.9070
17 87 1545.7577
18 310 18964.4211
19 530 1559.4137
20 131 946.0105
21 226 2717.3280
22 234 7352.1725
23 56 423.4916
24 65 1021.7340
25 239 7811.1498
26 28 39.5426
27 467 47958.0808
28 496 45834.6193
29 59 64.4635
30 122 529.5212
31 470 42633.7233
32 543 40333.9444
33 206 86.9093
34 173 1234.0247
35 499 21079.2315
36 453 4171.6844
37 233 12114.2247
38 267 3182.4649
39 339 140.4463
40 82 1666.6399
41 198 4784.2637
42 198 4410.6983
43 44 342.3013
44 459 35828.3693
45 470 31768.6742
46 184 7377.6622
47 553 13554.4609
48 201 192.8212
49 289 9131.1252
50 302 13264.1653
51 57 780.0943
52 152 634.2526
53 557 14379.9993
54 115 125.6233
55 136 1821.0954
56 278 10955.9195
57 123 3405.3430
58 122 2565.1280
59 485 48862.0473
60 133 644.9242
61 368 30514.8070
62 131 2143.3218
63 530 42592.4345
64 317 8234.7357
65 254 15665.9295
66 305 10853.8532
67 140 352.4578
68 45 201.5652
69 115 3090.4823
70 249 13378.4500
71 41 287.5117
72 254 13956.3926
73 181 3682.9631
74 175 969.5584
75 121 3337.4525
76 111 1574.6713
77 189 8613.0343
78 536 2720.5585
79 418 34233.7842
80 165 6597.7118
81 62 865.8510
82 477 8367.0194
83 106 558.0974
84 281 17046.3306
85 56 604.6043
86 214 8395.0861
87 52 535.2494
88 46 470.3514
89 61 407.8744
90 223 383.9147
91 432 1668.7195
92 29 206.9072
93 305 4495.7885
94 60 662.2960
95 177 2313.1281
96 598 8218.8919
97 179 7616.8272
98 401 2955.0828
99 85 1012.4815
100 530 48327.3978
<precedence relations>
1,3
1,4
1,5
1,6
2,3
2,4
2,5
2,6
3,7
4,7
5,7
6,7
7,8
7,9
7,10
8,11
8,12
8,13
8,14
8,15
9,11
9,12
9,13
9,14
9,15
10,11
10,12
10,13
10,14
10,15
11,16
11,17
11,18
11,19
11,20
12,16
12,17
12,18
12,19
12,20
13,16
13,17
13,18
13,19
13,20
14,16
14,17
14,18
14,19
14,20
15,16
15,17
15,18
15,19
15,20
16,21
16,22
16,23
17,21
17,22
17,23
18,21
18,22
18,23
19,21
19,22
19,23
20,21
20,22
20,23
21,24
21,25
22,24
22,25
23,24
23,25
24,26
24,27
24,28
24,29
25,26
25,27
25,28
25,29
26,30
26,31
26,32
26,33
26,34
27,30
27,31
27,32
27,33
27,34
28,30
28,31
28,32
28,33
28,34
29,30
29,31
29,32
29,33
29,34
30,35
30,36
30,37
30,38
31,35
32,35
32,41
33,35
34,38
34,42
35,39
35,40
36,39
36,40
36,41
37,39
37,40
37,41
38,46
39,44
39,49
40,42
40,43
40,44
41,52
41,53
41,54
42,45
42,46
42,48
43,47
43,49
44,45
45,50
46,50
47,59
48,51
49,50
49,51
50,52
50,53
50,54
51,52
52,55
52,56
52,57
52,68
53,57
53,60
54,55
54,57
54,58
54,59
55,99
55,100
56,71
57,61
57,67
58,88
58,91
59,61
59,63
60,62
60,63
60,64
61,65
61,66
62,65
62,66
62,67
62,68
63,65
63,66
63,68
64,73
64,75
64,85
65,69
65,70
66,71
67,70
68,70
69,75
69,84
70,72
70,75
71,73
71,74
72,76
74,75
74,77
74,80
75,79
76,78
76,80
76,81
77,88
77,92
78,82
78,83
78,84
79,82
79,86
79,90
80,84
81,82
81,84
82,87
83,85
83,86
84,85
84,91
85,88
85,89
85,90
86,91
87,88
88,93
88,95
90,92
90,93
90,94
91,92
91,94
92,97
92,98
93,96
94,96
94,99
95,97
97,100
98,99
<end>