<number of tasks>
50
<cycle time>
1000
<order strength>
0.198
<z_alpha>
1.280
<task times>
1 47 53.7088
2 501 4822.6143
3 212 1265.0410
4 136 366.7945
5 40 96.9055
6 74 77.7371
7 382 8818.5387
8 223 3069.7369
9 68 203.2541
10 209 1116.6536
11 109 578.8124
12 111 159.2158
13 91 403.1712
14 368 6220.4091
15 164 927.8251
16 376 8780.2403
17 308 1700.7777
18 388 220.5629
19 574 11731.6323
20 455 8973.9308
21 20 7.2155
22 323 412.3022
23 99 240.5238
24 167 592.5176
25 123 857.7087
26 116 644.6070
27 60 57.2173
28 420 1965.1245
29 519 14530.5576
30 23 25.4770
31 112 150.3797
32 200 688.7552
33 85 423.7979
34 144 1171.1789
35 219 1783.6008
36 204 945.1312
37 189 1120.5967
38 145 17.0866
39 27 43.3964
40 132 654.2038
41 186 1885.0770
42 205 2052.3378
43 74 274.4430
44 145 14.9216
45 90 42.9945
46 61 154.8921
47 161 1420.5766
48 33 23.7383
49 40 22.3914
50 37 10.3779
<precedence relations>
2,10
2,11
3,15
6,37
6,38
6,39
7,9
7,12
9,18
10,14
10,15
10,33
11,16
11,17
12,13
12,15
13,21
13,25
14,22
14,23
15,43
15,49
16,19
16,24
16,30
17,38
18,20
18,21
20,27
20,29
20,31
21,26
21,28
23,48
24,32
25,30
27,33
29,36
29,37
29,38
29,39
29,44
30,34
32,35
32,37
33,39
34,41
35,42
36,40
37,43
39,46
39,48
40,47
41,44
41,50
42,45
42,49
<end>