<number of tasks>
100
<cycle time>
1000
<order strength>
0.203
<z_alpha>
1.645
<task times>
1 359 6577.7701
2 285 2388.7747
3 48 262.0747
4 23 86.3610
5 183 1208.3363
6 107 1401.4912
7 253 9548.4943
8 185 599.5640
9 47 7.8171
10 284 6940.7339
11 71 595.3921
12 108 2560.0897
13 426 37509.9129
14 360 21342.2688
15 51 487.5304
16 442 44646.0912
17 185 4553.1332
18 190 3837.1133
19 468 51204.1413
20 517 55162.1601
21 94 1979.1871
22 407 31266.9557
23 60 292.5606
24 516 27244.3345
25 127 1928.1260
26 521 10313.7016
27 221 6300.9679
28 263 385.2685
29 197 2828.1098
30 94 65.8854
31 172 5309.4411
32 136 1474.2259
33 95 1339.4939
34 27 153.3962
35 211 8292.1016
36 229 7929.8620
37 107 2478.8171
38 139 1547.8790
39 209 3952.1094
40 534 4801.2454
41 243 1036.6197
42 321 12423.9613
43 285 8667.4217
44 259 14397.9914
45 249 10317.6828
46 83 1631.9786
47 512 6736.4345
48 232 3231.8177
49 289 19373.3488
50 168 3697.2615
51 25 18.0021
52 143 1078.0206
53 139 3183.7011
54 475 950.4231
55 65 573.9935
56 50 238.2961
57 436 37126.2384
58 127 3255.8402
59 149 4799.9331
60 404 25714.1870
61 161 2538.7371
62 457 29402.8784
63 28 150.6407
64 147 1412.6917
65 573 3560.3865
66 195 2018.4815
67 402 21167.0233
68 270 12556.0641
69 289 14638.7602
70 228 8049.5298
71 90 2012.3028
72 170 770.2765
73 55 624.0224
74 375 23837.4775
75 66 854.8279
76 30 155.0564
77 150 1101.5386
78 620 26580.7452
79 194 3897.3053
80 84 1628.1058
81 84 1606.2091
82 133 917.3481
83 127 2720.1463
84 41 412.8101
85 566 14958.2265
86 89 1673.7508
87 41 295.2785
88 133 1624.3468
89 121 3156.6390
90 95 2222.1941
91 176 4872.2575
92 215 3344.0273
93 53 430.7418
94 76 695.2976
95 223 329.2559
96 34 184.1187
97 186 6979.3947
98 107 1627.8328
99 87 533.4638
100 192 2037.4678
<precedence relations>
1,14
2,14
3,14
4,14
5,14
6,14
7,81
8,81
9,15
10,16
11,32
12,18
12,19
13,17
13,76
13,94
14,20
14,21
14,22
14,23
14,24
14,25
14,26
14,27
14,28
14,31
15,30
16,29
17,33
18,32
19,50
20,34
20,37
21,40
22,81
25,41
28,42
28,72
29,35
30,38
30,43
31,36
32,39
34,44
35,48
36,45
37,47
38,46
38,55
39,52
41,51
42,49
42,50
43,95
43,97
44,53
45,55
46,54
47,56
52,57
52,73
53,58
54,62
55,59
55,60
55,65
56,64
57,61
57,63
58,81
59,67
60,68
61,66
61,72
63,69
63,94
64,70
64,71
66,74
67,75
68,73
70,77
70,93
71,76
71,79
72,78
72,80
73,81
74,82
76,83
76,87
77,86
78,83
78,84
78,85
81,88
81,89
81,90
81,91
82,92
86,94
86,95
87,93
87,96
94,97
94,98
96,99
96,100
<end>