<number of tasks>
50
<cycle time>
1000
<order strength>
0.198
<z_alpha>
1.645
<task times>
1 689 3169.1565
2 417 4685.7493
3 381 8621.5615
4 387 516.3569
5 485 7653.5970
6 566 7507.6368
7 593 4091.6690
8 431 7361.9317
9 490 3128.0833
10 406 3736.1717
11 503 7044.2255
12 587 10839.1591
13 574 6715.4411
14 695 21622.7656
15 520 6665.8615
16 497 4080.2556
17 274 187.8394
18 643 5038.6031
19 605 10478.6641
20 506 4978.3749
21 496 9743.8204
22 527 12406.1574
23 363 7578.1837
24 276 2986.5736
25 303 600.9431
26 448 11829.9006
27 535 7893.8088
28 474 7039.5829
29 379 422.8428
30 655 23715.2462
31 247 1262.2727
32 633 14185.4545
33 536 13634.8154
34 416 3822.1239
35 600 3034.7808
36 330 2608.2157
37 404 9750.4067
38 266 3555.4871
39 569 2532.8928
40 415 2418.6192
41 489 4107.6628
42 586 16312.0687
43 510 11677.9070
44 407 9664.8533
45 553 5788.8538
46 403 5170.2842
47 555 18118.7903
48 421 3331.3520
49 577 17018.8929
50 539 11380.9516
<precedence relations>
1,8
2,10
2,17
3,11
4,9
4,10
6,17
7,12
7,16
8,12
9,14
10,15
10,16
11,13
11,17
12,18
13,19
13,23
13,38
14,20
15,21
15,22
15,25
17,24
17,25
17,46
18,26
19,30
20,31
21,27
21,28
22,29
22,32
26,36
27,33
28,34
29,35
30,37
31,36
32,38
32,39
33,40
34,41
35,42
36,43
36,47
38,47
39,44
39,45
39,46
40,48
41,49
42,50
<end>