<number of tasks>
100
<cycle time>
1000
<order strength>
0.197
<z_alpha>
1.645
<task times>
1 512 707.0446
2 272 15484.1045
3 57 580.6455
4 102 829.6841
5 100 978.0474
6 145 2034.4899
7 584 39555.0886
8 27 173.0351
9 206 8542.2086
10 537 14087.3634
11 537 12971.0432
12 37 141.6531
13 256 7859.1545
14 200 8679.6445
15 542 25308.3920
16 62 932.0153
17 115 2865.1703
18 236 8177.1577
19 195 22.0791
20 94 233.7002
21 400 1679.3056
22 89 1379.5747
23 302 22073.5700
24 91 1214.8364
25 485 48215.8484
26 179 4715.3815
27 292 7867.6474
28 30 103.5952
29 231 3922.8306
30 366 17609.4334
31 442 41430.4766
32 113 1441.4960
33 391 28523.9065
34 195 5769.4758
35 133 976.2804
36 549 16454.8738
37 84 662.3770
38 299 13214.6837
39 133 198.0814
40 141 95.7360
41 584 32137.8733
42 424 11934.4567
43 319 21217.1011
44 427 12865.3045
45 456 15269.1292
46 167 4286.1760
47 163 2253.2498
48 184 6840.9158
49 268 4841.1569
50 498 61335.9020
51 355 23938.1554
52 175 1799.6482
53 70 1220.7608
54 27 123.7522
55 209 4877.4509
56 172 3639.3184
57 401 7231.4318
58 184 7036.4563
59 155 2626.2448
60 208 6209.8549
61 163 3182.4617
62 355 19255.2074
63 84 128.2960
64 620 33858.9955
65 231 8235.9706
66 356 13005.6983
67 39 231.3258
68 30 199.0926
69 96 197.3499
70 52 1.7968
71 632 5802.3206
72 117 2665.9989
73 162 672.6731
74 93 1536.4691
75 228 12961.3562
76 225 1098.7999
77 116 526.6797
78 533 23216.4858
79 64 18.3295
80 181 5108.8123
81 196 1602.1803
82 298 11378.1995
83 637 9931.2735
84 333 10652.4547
85 176 1568.6261
86 180 3402.1652
87 573 46222.0830
88 391 26974.9244
89 207 7277.5112
90 69 246.9998
91 254 9991.8959
92 58 390.5680
93 71 372.6444
94 159 6091.9436
95 21 104.7748
96 224 6400.7734
97 67 960.6949
98 271 12004.5567
99 58 138.7277
100 196 285.5352
<precedence relations>
1,5
2,6
2,10
2,11
3,8
3,14
4,7
4,9
4,18
5,13
6,12
7,17
8,62
9,15
9,47
10,70
11,14
11,16
11,18
12,19
13,23
14,20
14,22
14,25
15,21
15,24
16,25
16,99
17,26
17,87
18,27
19,28
20,30
21,31
22,34
23,33
24,29
24,35
24,36
25,32
25,37
27,37
27,38
28,43
29,39
30,44
31,42
32,40
33,41
34,43
35,48
35,49
36,46
37,45
38,47
39,50
40,51
41,54
42,55
43,56
43,62
44,59
44,95
45,52
45,60
45,63
46,53
47,58
48,57
49,61
50,69
51,66
52,67
53,68
54,65
55,69
56,64
56,90
57,85
60,69
60,70
61,69
64,71
65,73
66,74
67,72
68,75
69,76
69,77
69,78
70,79
70,80
71,82
72,81
73,83
74,84
75,86
75,90
76,88
76,89
76,94
78,86
78,87
79,85
80,95
81,92
82,91
85,93
85,94
87,95
89,96
91,99
92,97
93,98
96,100
<end>