<number of tasks>
20
<cycle time>
1000
<order strength>
0.500
<z_alpha>
1.280
<task times>
1 52 399.7124
2 162 5270.9168
3 128 3796.4337
4 123 3148.5120
5 93 1028.4595
6 132 645.5850
7 273 7246.1751
8 255 3798.4558
9 88 1435.9515
10 113 283.7072
11 109 2462.1473
12 37 141.6322
13 182 3108.5999
14 164 848.2684
15 113 2106.2908
16 318 8940.8166
17 203 4097.7910
18 31 189.8198
19 43 266.5102
20 197 7647.0404
<precedence relations>
1,2
1,3
1,4
1,5
1,6
2,7
3,8
4,9
5,10
6,10
7,13
8,11
9,12
10,13
11,14
12,15
13,15
13,16
14,17
15,17
15,18
15,19
16,17
16,18
16,19
16,20
<end>