<number of tasks>
100
<cycle time>
1000
<order strength>
0.899
<z_alpha>
1.645
<task times>
1 149 1042.2824
2 50 48.7240
3 81 207.2367
4 79 57.8387
5 145 1194.6596
6 249 3447.1232
7 117 343.6998
8 219 1756.9896
9 265 3346.0825
10 135 333.0356
11 216 2592.7942
12 95 107.1649
13 228 2287.5664
14 228 388.6259
15 191 1047.9314
16 45 5.5091
17 154 271.6110
18 114 558.8542
19 105 373.2625
20 37 71.4432
21 155 215.6382
22 112 402.3796
23 118 157.6103
24 194 2121.9343
25 220 704.5829
26 256 1847.0633
27 284 2816.8222
28 221 1483.4465
29 258 3787.0166
30 90 162.1163
31 73 259.1247
32 92 427.1005
33 33 56.0098
34 160 280.7631
35 140 496.1620
36 175 1646.6322
37 151 84.7299
38 86 202.5663
39 33 42.9614
40 57 44.2911
41 94 115.6015
42 243 514.3786
43 137 311.4749
44 159 593.8965
45 26 36.5511
46 187 800.3950
47 26 18.1655
48 75 99.6075
49 179 908.7275
50 54 141.6085
51 30 49.8705
52 58 199.9401
53 151 1013.9546
54 143 871.2242
55 177 1338.0168
56 62 142.9753
57 227 715.4668
58 59 199.9691
59 106 208.0725
60 183 387.4030
61 172 699.5292
62 147 848.1925
63 81 399.2758
64 102 70.5478
65 208 1965.0027
66 244 3533.1992
67 159 844.9834
68 45 77.7369
69 171 1676.2785
70 30 19.4844
71 25 3.1084
72 182 1407.8241
73 79 385.3392
74 104 542.1004
75 99 189.6695
76 180 699.2103
77 292 284.0689
78 73 252.3176
79 182 1138.0839
80 113 272.6926
81 54 39.5349
82 241 3315.3962
83 54 15.1230
84 137 888.4474
85 33 57.7477
86 93 41.1277
87 209 2595.6843
88 243 3567.5858
89 74 196.6989
90 58 45.4406
91 181 1144.0974
92 131 412.9461
93 68 211.7222
94 252 2466.5823
95 169 948.2941
96 89 79.1340
97 76 179.7557
98 188 7.7134
99 42 80.3996
100 139 25.6157
<precedence relations>
1,5
2,10
2,11
3,5
3,6
3,7
4,5
4,6
4,7
5,8
5,9
5,10
5,11
6,8
6,9
6,10
6,11
7,8
7,9
7,10
7,11
8,12
8,13
8,14
8,15
8,16
9,12
10,12
10,13
10,14
10,15
10,16
11,12
11,13
11,14
11,15
11,16
12,17
12,18
12,20
12,21
12,22
13,17
13,18
13,22
14,17
14,20
14,21
14,22
15,17
15,18
15,19
16,17
16,27
17,24
17,28
18,23
18,24
18,25
19,23
19,24
19,25
20,23
20,24
20,25
21,36
21,38
22,39
22,46
22,47
22,48
23,26
23,27
23,28
24,29
25,26
25,27
25,28
26,40
27,29
27,30
28,29
28,30
29,31
29,32
29,34
29,35
30,31
30,32
30,33
30,35
31,36
32,38
32,41
32,42
33,36
34,36
35,36
35,37
35,38
36,39
36,40
37,51
38,39
38,44
38,52
39,54
40,41
40,42
41,43
41,44
41,45
42,43
43,46
43,47
44,47
44,55
45,46
45,47
45,48
46,49
46,50
47,53
48,49
49,51
49,52
49,53
49,54
50,52
50,53
51,62
52,58
53,56
53,57
53,58
54,55
54,56
54,57
54,58
55,62
55,63
56,59
56,60
56,61
56,62
56,63
57,59
57,60
57,61
57,62
57,63
58,59
58,60
58,61
58,62
58,63
59,64
60,64
61,64
62,64
63,64
64,65
65,66
65,67
65,68
65,69
66,70
66,71
66,72
67,70
67,71
67,72
68,70
68,71
68,72
69,70
69,71
69,72
70,73
70,74
70,75
70,76
71,73
71,75
72,73
73,81
73,84
74,78
74,80
75,88
75,90
76,77
76,79
77,86
77,94
77,99
78,86
78,87
79,84
80,92
80,100
81,82
81,83
81,88
81,96
82,86
82,98
83,85
84,85
84,87
84,88
85,92
85,93
85,95
87,89
87,90
87,91
87,94
88,92
88,93
90,97
91,95
91,96
93,94
94,98
94,100
95,99
95,100
<end>