<number of tasks>
50
<cycle time>
1000
<order strength>
0.197
<z_alpha>
1.280
<task times>
1 529 7644.6594
2 787 9008.2454
3 531 15225.7106
4 665 20305.4760
5 806 3326.1781
6 423 10275.1895
7 455 2407.4685
8 531 10490.2382
9 403 9768.4979
10 319 1681.1888
11 466 1977.4251
12 489 11641.1668
13 565 1171.2785
14 240 3259.2374
15 358 4771.2291
16 511 9580.0497
17 466 8942.3176
18 537 10444.2477
19 434 11430.4541
20 566 7576.5946
21 460 6866.8847
22 684 4621.1035
23 556 19176.6043
24 468 489.5957
25 615 21674.1625
26 509 1414.1736
27 493 8402.6628
28 597 17202.4749
29 529 9760.9252
30 440 7587.1168
31 462 1649.9085
32 423 5505.8258
33 592 6652.1094
34 525 2879.4836
35 466 4293.9074
36 625 13592.0543
37 354 2023.3109
38 676 1679.7213
39 374 226.7429
40 634 22144.1374
41 267 1391.0792
42 578 17683.0343
43 654 17359.2995
44 377 5743.6628
45 489 3218.4411
46 623 16661.8165
47 528 8191.3724
48 599 21367.1028
49 542 3780.0006
50 457 3144.9841
<precedence relations>
1,6
1,10
1,11
4,9
4,12
5,7
5,8
6,19
7,19
8,19
9,13
9,14
9,15
9,16
12,17
12,18
13,19
14,19
15,20
16,22
16,25
17,21
17,24
18,23
19,26
19,27
19,28
19,29
19,30
20,32
21,31
21,33
21,34
22,35
26,41
26,42
28,40
30,40
31,36
32,39
33,37
34,38
36,44
37,43
38,45
40,47
42,46
43,48
45,49
47,50
<end>