<number of tasks>
20
<cycle time>
1000
<order strength>
0.211
<z_alpha>
1.280
<task times>
1 225 746.7162
2 57 13.8180
3 60 147.6350
4 143 633.5962
5 72 111.9142
6 153 768.5730
7 165 1465.6072
8 262 2357.5381
9 347 6599.2585
10 51 95.3166
11 72 282.3535
12 213 1962.0603
13 79 281.6734
14 73 278.3135
15 97 94.0481
16 25 29.2395
17 201 706.0796
18 255 2672.4723
19 130 400.9335
20 179 1198.1932
<precedence relations>
1,5
3,6
4,7
4,8
5,9
7,11
8,10
8,12
9,13
10,14
12,15
12,16
13,17
14,18
15,20
16,19
<end>