<number of tasks>
20
<cycle time>
1000
<order strength>
0.268
<z_alpha>
1.645
<task times>
1 628 21952.0901
2 422 7419.0590
3 458 5170.2737
4 412 3807.8040
5 749 12428.3303
6 539 8782.2864
7 527 11493.5563
8 356 4282.2862
9 207 1678.3569
10 457 8318.2641
11 522 2494.0063
12 457 11587.5838
13 572 13624.8072
14 120 872.9065
15 419 6867.1598
16 496 4114.2482
17 325 1900.7006
18 416 2174.7101
19 570 16312.3010
20 427 8709.1396
<precedence relations>
1,15
2,8
3,7
7,9
7,10
7,11
7,12
7,13
7,14
9,15
10,15
11,15
13,16
15,17
15,18
15,19
15,20
<end>