<number of tasks>
20
<cycle time>
1000
<order strength>
0.200
<z_alpha>
1.960
<task times>
1 40 66.6063
2 139 738.3647
3 419 7469.1945
4 360 7018.6420
5 23 25.1355
6 316 5351.3320
7 350 7207.1923
8 78 87.3702
9 457 2469.8023
10 208 2189.8595
11 299 5277.4859
12 150 1108.0119
13 87 33.9747
14 25 30.7114
15 480 13407.7281
16 445 8509.5763
17 178 81.9256
18 265 2943.4102
19 147 1089.3968
20 260 4056.9425
<precedence relations>
2,6
2,7
3,8
3,9
6,12
7,10
7,11
10,14
10,15
11,16
12,13
15,19
16,17
16,18
16,20
<end>