<number of tasks>
20
<cycle time>
1000
<order strength>
0.505
<z_alpha>
1.280
<task times>
1 241 1549.7135
2 197 1542.6824
3 133 826.8691
4 91 85.0157
5 83 156.2140
6 173 1402.2522
7 57 18.2386
8 187 2005.8015
9 59 196.6740
10 310 4360.0445
11 108 495.1264
12 84 15.4212
13 177 1340.0589
14 108 581.5541
15 258 2528.6872
16 190 596.6520
17 71 292.1154
18 141 666.6035
19 239 2812.7199
20 59 104.5197
<precedence relations>
1,6
2,20
3,7
3,10
3,12
4,5
4,8
5,9
6,9
6,11
7,11
7,13
8,10
8,11
8,20
9,12
9,13
9,17
9,18
10,13
10,18
11,14
12,16
14,15
15,17
15,18
15,19
16,20
<end>