<number of tasks>
50
<cycle time>
1000
<order strength>
0.197
<z_alpha>
1.280
<task times>
1 298 15929.0424
2 579 40497.8817
3 399 9893.4958
4 432 19470.6428
5 295 21517.0162
6 694 7208.5420
7 697 4422.3501
8 419 6743.2667
9 496 42721.0237
10 505 37562.1582
11 563 16486.3925
12 539 29377.8774
13 489 14082.3379
14 392 19705.3626
15 612 16130.8062
16 551 52017.3424
17 395 35806.1603
18 601 6733.9892
19 522 39848.6544
20 587 22727.4775
21 454 28802.8368
22 148 5475.4559
23 241 9802.1854
24 400 14867.8739
25 474 27940.5008
26 525 41227.4862
27 612 11971.1834
28 711 1030.1829
29 553 37101.3573
30 571 41712.7023
31 532 53501.4140
32 668 13895.7467
33 537 42724.4171
34 259 13247.2015
35 507 41974.3585
36 275 11906.3035
37 670 10698.9815
38 337 21636.5301
39 740 9442.1629
40 525 37767.9684
41 530 38855.8600
42 339 27259.9526
43 379 960.2300
44 514 28677.5386
45 480 41613.7779
46 427 39974.7529
47 607 39744.4216
48 337 20531.0488
49 505 49409.1124
50 688 24617.7974
<precedence relations>
1,31
2,5
2,6
3,4
3,7
3,8
4,31
5,10
6,11
7,12
7,13
7,14
8,9
8,15
9,31
10,16
11,17
12,20
13,21
13,23
14,18
14,19
14,22
16,26
18,24
20,31
21,27
21,28
21,30
22,25
22,29
24,31
25,31
26,32
28,34
28,35
28,36
29,33
30,37
30,38
31,39
31,40
31,41
31,42
32,45
33,43
34,44
37,46
38,45
39,49
43,47
44,48
46,50
<end>