<number of tasks>
100
<cycle time>
1000
<order strength>
0.596
<z_alpha>
1.960
<task times>
1 214 10898.2246
2 115 886.8318
3 277 17824.2904
4 523 57246.7685
5 284 11410.3957
6 497 31952.5289
7 36 255.5798
8 266 13960.9614
9 123 2157.2237
10 134 525.1751
11 186 3769.4837
12 234 4506.4046
13 390 10612.6698
14 67 832.3767
15 275 13572.5319
16 251 3689.5660
17 129 1410.4208
18 170 3110.5745
19 79 1475.0599
20 72 322.9105
21 496 13983.7131
22 418 20709.0209
23 159 5956.2730
24 107 944.0876
25 220 9680.2576
26 500 46545.9316
27 123 3589.6348
28 195 7965.6514
29 174 2097.2628
30 101 2275.9835
31 481 29752.4007
32 369 24875.4751
33 529 9137.8198
34 62 105.8858
35 191 8018.9521
36 423 30347.9529
37 152 997.5469
38 197 2811.8683
39 183 3182.5019
40 159 2788.2341
41 366 15559.5789
42 202 8420.2208
43 72 932.9453
44 335 17065.3980
45 558 23345.6746
46 220 10106.1233
47 198 3625.5114
48 191 5006.3516
49 531 21245.1472
50 180 5286.0186
51 50 593.5725
52 148 1965.1309
53 290 5889.4663
54 42 153.6004
55 555 16925.4027
56 425 21120.7684
57 177 3198.4073
58 98 445.2809
59 180 146.1429
60 129 682.7741
61 300 18715.0247
62 93 1897.0768
63 531 20468.4509
64 311 6876.3795
65 43 353.8494
66 220 385.0804
67 192 2040.1113
68 187 8715.0725
69 150 2346.0026
70 310 12839.1708
71 65 623.4138
72 567 10914.2596
73 218 40.8459
74 61 458.1946
75 188 2284.5851
76 32 4.3549
77 72 1149.6833
78 161 5948.1643
79 87 260.1772
80 409 11844.5846
81 78 957.4199
82 540 53037.9193
83 56 228.3191
84 65 185.4166
85 198 1938.2961
86 38 172.5548
87 177 2029.1851
88 153 3941.4728
89 41 328.9457
90 53 10.2239
91 171 3589.7354
92 106 1935.4579
93 147 2173.6354
94 72 639.9943
95 436 33536.1593
96 57 196.1785
97 444 16591.1449
98 184 949.8573
99 422 39032.2567
100 323 8605.6018
<precedence relations>
1,6
2,5
2,7
2,9
2,21
3,8
3,9
4,39
5,11
6,12
7,13
8,10
8,14
8,15
9,16
10,17
11,20
12,21
13,18
14,19
14,24
15,22
15,23
16,18
16,19
16,22
16,23
17,27
18,25
18,27
18,51
19,26
19,27
19,28
19,29
19,49
20,33
20,49
21,27
21,28
21,49
22,30
22,37
22,50
22,55
23,27
23,28
23,29
23,49
24,27
24,28
25,31
26,32
27,34
28,33
28,34
28,37
29,39
29,50
30,62
30,65
31,35
32,37
33,36
33,39
34,38
34,50
35,41
36,42
37,40
37,43
37,44
38,45
39,43
39,44
39,45
39,55
40,47
41,49
42,50
43,46
43,51
44,48
44,66
44,98
45,56
45,57
46,53
47,52
48,54
49,55
49,65
49,66
50,65
51,56
51,57
52,58
53,59
54,60
55,72
55,73
55,78
55,84
56,59
56,60
57,61
57,62
57,63
57,65
58,65
59,97
60,84
60,85
61,64
61,66
61,73
62,97
63,97
64,70
65,67
65,68
65,71
65,73
66,69
66,72
66,84
67,74
68,75
69,76
70,78
71,77
72,97
73,79
74,80
75,82
76,83
77,84
78,81
79,85
79,86
80,89
81,87
82,88
83,90
85,91
86,92
86,96
87,95
88,93
89,94
90,96
91,95
91,97
91,99
91,100
92,97
92,98
<end>