<number of tasks>
1000
<cycle time>
1000
<order strength>
0.895
<z_alpha>
1.960
<task times>
1 362 9103.7700
2 585 4020.3576
3 516 50023.5304
4 676 11481.8658
5 351 330.6300
6 501 59683.4161
7 626 16962.6573
8 245 204.8411
9 666 24380.4499
10 464 43059.4528
11 496 8096.0018
12 501 5019.5330
13 540 29975.2601
14 572 24248.0497
15 394 17557.9436
16 573 10953.2585
17 675 7113.8183
18 439 22815.6481
19 324 15132.8818
20 420 20244.5324
21 286 3814.3953
22 516 12374.0251
23 519 9100.8263
24 695 14464.2644
25 533 47255.0569
26 430 43834.3067
27 361 15559.6307
28 173 4463.3161
29 712 3763.6251
30 389 8537.9874
31 533 2844.9220
32 601 31295.0997
33 263 5039.0066
34 442 7054.3401
35 416 12232.0788
36 555 11869.5380
37 729 2011.7108
38 618 33507.1915
39 374 16895.6018
40 570 12552.9945
41 506 15282.3227
42 526 39792.8226
43 518 6222.8050
44 710 12203.0728
45 391 20344.5536
46 163 3434.6346
47 905 969.2138
48 522 34044.6040
49 608 37022.0123
50 545 31345.9992
51 558 19439.7445
52 518 50921.5114
53 528 43723.4907
54 728 15953.8264
55 501 18281.1423
56 684 25813.4100
57 490 633.5461
58 622 12893.6543
59 464 42884.1069
60 477 44851.2676
61 595 39632.4928
62 538 47921.4428
63 385 1688.5657
64 744 3262.7906
65 726 17569.9204
66 563 41665.5803
67 531 49750.1146
68 553 32812.3741
69 408 1548.7154
70 492 50082.1950
71 419 21863.9093
72 583 39655.2769
73 508 2483.2782
74 451 38383.6293
75 347 27754.0664
76 495 46882.4487
77 563 9517.3932
78 539 40483.7660
79 522 38613.7274
80 506 31410.7553
81 313 10598.1043
82 466 8736.7755
83 594 10384.2332
84 649 20054.3260
85 821 2613.7892
86 538 31106.5505
87 403 13173.0357
88 301 1930.0506
89 592 20323.0666
90 608 15032.6010
91 449 48922.0037
92 354 25260.1262
93 659 13441.8090
94 463 12598.1918
95 477 38575.3793
96 504 19389.6652
97 594 476.7160
98 647 28098.1176
99 281 3329.1166
100 555 34376.5802
101 761 12248.0126
102 351 26944.8370
103 640 1918.6630
104 485 26778.3783
105 405 26101.0297
106 464 9629.4164
107 548 47414.7337
108 512 60605.3305
109 697 19286.3723
110 368 30661.0644
111 485 6047.9780
112 315 12910.2237
113 426 20681.7343
114 410 4298.5330
115 433 45244.3091
116 510 43465.3945
117 648 27478.0322
118 362 19863.9318
119 478 39446.5240
120 374 2627.4500
121 602 10327.4374
122 420 14804.0763
123 397 22775.8042
124 508 17964.1054
125 429 18281.0938
126 405 26449.6292
127 446 26378.1292
128 487 22220.2495
129 466 31084.6333
130 574 9359.7453
131 523 39515.3913
132 440 31005.4620
133 494 10548.3445
134 568 14309.3330
135 527 48946.8613
136 525 22067.5004
137 375 4851.6936
138 496 13764.8016
139 479 53154.5589
140 615 22432.8649
141 556 40008.3923
142 550 11707.1254
143 341 6990.6075
144 728 7039.3083
145 657 25590.5401
146 527 34860.2617
147 607 20558.2961
148 575 34988.2262
149 420 30641.6696
150 599 3465.3490
151 350 17769.9727
152 274 2785.5703
153 321 13135.6029
154 523 27645.9231
155 379 11660.0490
156 354 11972.0546
157 548 31446.5525
158 569 43136.3211
159 520 21619.9828
160 515 20521.5978
161 495 6366.8102
162 579 16645.6419
163 688 21828.4985
164 557 6778.7380
165 689 15823.6370
166 280 17426.5900
167 563 28642.0336
168 375 12134.8724
169 494 23089.5139
170 406 25031.3790
171 540 47230.6185
172 590 7987.9322
173 653 26109.8952
174 496 18454.8856
175 369 33385.1203
176 582 14522.0530
177 486 57552.2570
178 554 38096.8894
179 421 24402.9294
180 589 8037.5603
181 550 45804.6026
182 347 21903.5075
183 521 43229.3099
184 559 17340.7121
185 519 56625.2633
186 502 21968.2521
187 602 4185.7394
188 446 2804.6897
189 642 26298.4975
190 413 18383.5416
191 443 5723.1571
192 317 18495.5181
193 430 39210.9132
194 513 59751.6594
195 524 30374.0543
196 459 24734.8545
197 612 18971.5899
198 504 30059.7265
199 652 31399.9124
200 511 30169.2275
201 562 34827.8130
202 581 20625.9090
203 588 10037.4212
204 445 13537.7798
205 210 7891.5612
206 336 546.5468
207 612 34414.1493
208 449 42853.3024
209 505 54476.8207
210 591 43370.4921
211 465 28204.6606
212 545 48960.0746
213 608 35170.7442
214 298 15410.6537
215 511 41011.1430
216 722 1083.1145
217 503 25277.3754
218 378 22095.5704
219 477 48806.5838
220 382 21903.0356
221 627 27548.6590
222 605 34711.6033
223 883 541.3584
224 438 19943.8895
225 478 5330.7115
226 649 22994.7791
227 782 8878.1596
228 679 2106.8236
229 711 17263.4464
230 429 13.8950
231 514 55803.9643
232 505 14449.9512
233 436 38618.4504
234 579 32053.2543
235 541 51722.9840
236 666 12547.8286
237 554 15422.7255
238 379 10655.3780
239 483 12718.4179
240 879 762.8698
241 498 9713.5165
242 630 24158.9684
243 519 14162.7497
244 489 14815.7591
245 522 19060.8898
246 338 3377.6532
247 355 15337.3145
248 476 43746.3752
249 515 21876.0005
250 615 31103.2994
251 607 2471.2907
252 401 11421.6970
253 456 3393.2157
254 614 32830.6391
255 529 31160.8250
256 459 44462.2185
257 442 41924.1773
258 714 2362.4757
259 698 13507.2395
260 164 4031.2365
261 462 46537.8262
262 471 28974.4121
263 627 1521.6585
264 472 29728.6659
265 512 1389.9570
266 442 46563.1287
267 793 1265.1050
268 571 42471.9405
269 350 30285.7213
270 527 5734.8456
271 275 4949.7461
272 589 33279.0652
273 397 4336.3258
274 403 26439.6789
275 521 27364.3706
276 537 45623.6955
277 531 54116.3048
278 542 16002.4096
279 650 7679.9185
280 519 13537.9452
281 560 3695.1898
282 519 7693.3075
283 710 15020.8834
284 453 19629.8281
285 468 41946.0140
286 583 3264.2536
287 507 16469.9698
288 586 20608.5088
289 328 22079.9139
290 359 31977.6289
291 760 5900.2506
292 478 31689.7883
293 545 26473.2819
294 407 549.2893
295 738 10925.4728
296 454 33393.4053
297 657 12904.5586
298 516 22992.3214
299 779 921.2483
300 261 4059.9311
301 621 12068.5172
302 518 11111.0472
303 584 19904.0021
304 400 17643.1133
305 610 23365.4655
306 502 5627.7843
307 598 1541.2162
308 501 24979.6266
309 344 2307.0418
310 280 8776.5736
311 541 44407.5874
312 456 28680.1250
313 656 6753.9464
314 473 26408.9105
315 454 43257.7068
316 629 19723.8585
317 382 3733.6280
318 576 29029.7473
319 468 34831.7414
320 553 39350.5580
321 500 49696.8862
322 678 21160.0178
323 665 5597.8774
324 501 12462.3381
325 521 32582.1591
326 372 7486.4897
327 648 9167.6827
328 714 12311.1530
329 434 34538.3552
330 367 21941.0081
331 548 16006.2689
332 466 21209.5439
333 582 28361.6643
334 451 21343.3209
335 407 22109.3308
336 643 4095.4737
337 548 38031.1063
338 447 48300.6685
339 678 6892.2607
340 368 33792.2446
341 526 37862.9923
342 643 31942.8658
343 263 17089.9857
344 483 36795.7887
345 348 20125.0134
346 311 10651.7295
347 393 11815.9697
348 483 36069.5015
349 425 12734.1619
350 542 40445.9482
351 542 20346.1754
352 545 52780.5353
353 479 24345.5075
354 438 31812.6209
355 524 16214.6161
356 696 13771.0797
357 455 47379.3284
358 510 49264.2618
359 828 6774.8245
360 684 3889.7028
361 564 4582.4675
362 706 4479.3475
363 463 19980.4306
364 483 33144.9150
365 420 36716.9497
366 713 13217.9800
367 464 10838.8917
368 592 40310.3775
369 438 38854.3734
370 559 36272.4998
371 736 10510.7286
372 494 25151.6311
373 561 49070.9290
374 509 55083.9298
375 536 35297.4902
376 501 47343.5530
377 459 39603.4514
378 553 44519.4684
379 537 21708.2328
380 391 36524.8788
381 342 18871.0510
382 615 19724.4039
383 655 30173.0699
384 378 28149.4124
385 439 41274.9142
386 653 5246.3637
387 540 17079.0250
388 482 41739.7656
389 615 10653.9611
390 531 35369.5663
391 551 24281.4341
392 218 8822.3566
393 602 7222.4261
394 515 20927.8070
395 487 1400.6788
396 597 14237.8711
397 408 39031.2984
398 560 49259.4893
399 663 27101.4228
400 606 36631.2461
401 581 41532.9824
402 433 46059.6294
403 308 9677.7730
404 541 8892.0215
405 539 21699.0484
406 578 27576.4545
407 632 10076.1763
408 641 26908.4966
409 571 17962.3575
410 363 32041.9749
411 593 28045.6099
412 487 41185.4913
413 334 7319.8263
414 547 564.8112
415 776 1981.0374
416 542 34426.6300
417 554 13395.1377
418 368 22086.7173
419 678 3136.6584
420 572 34795.5747
421 772 9988.3325
422 599 31979.0383
423 556 39105.8228
424 706 9803.3361
425 420 30417.7396
426 329 1755.2063
427 624 27871.8294
428 592 12992.0603
429 586 24479.8729
430 391 28147.6254
431 536 31916.8024
432 385 10963.5472
433 574 10138.9431
434 374 13275.0370
435 592 40800.5352
436 572 30442.6019
437 278 1350.9128
438 558 15164.9841
439 455 3822.0091
440 418 30094.5879
441 361 18127.5470
442 623 23569.8014
443 357 1624.6751
444 239 13690.3521
445 539 4128.1066
446 559 1689.9781
447 467 27770.3049
448 411 18067.5577
449 591 421.4466
450 552 21623.4887
451 599 29898.6944
452 383 15176.2824
453 312 4755.9374
454 586 20102.3812
455 564 21115.8163
456 403 40570.9152
457 266 10918.3211
458 679 13388.0549
459 486 19489.1545
460 679 24257.0238
461 564 48612.2591
462 484 14270.7954
463 798 9391.8870
464 744 2336.7628
465 711 16758.4405
466 408 16785.0468
467 607 17468.8692
468 291 17356.0466
469 579 13170.4484
470 608 37581.2220
471 503 58400.8904
472 595 9535.2573
473 680 25461.3154
474 697 2411.8502
475 306 16088.1497
476 630 6564.3677
477 579 11770.3816
478 681 25237.2578
479 388 18738.3878
480 597 4436.7841
481 459 43593.3336
482 449 30603.8838
483 541 21351.0722
484 407 39541.3769
485 517 45636.2723
486 489 2340.0953
487 647 31663.6074
488 556 16110.8530
489 484 19469.9775
490 583 31873.7267
491 565 38559.2650
492 362 3091.8420
493 277 13627.9629
494 540 41356.0537
495 404 7389.9568
496 645 31770.3913
497 547 7931.6219
498 700 5933.6625
499 318 24695.4019
500 592 9692.2787
501 656 6375.3748
502 481 22732.2761
503 562 33377.9071
504 731 10303.0920
505 443 2138.7920
506 459 8748.8146
507 263 13114.9546
508 454 50221.5500
509 477 35673.2793
510 498 28894.4292
511 512 56730.4771
512 340 5028.1062
513 348 20860.0019
514 764 14112.4670
515 631 26273.6207
516 631 30621.9110
517 410 33318.3142
518 455 41558.2150
519 532 21903.8133
520 566 40351.9850
521 468 25960.2441
522 690 10689.4444
523 626 1598.5636
524 431 39223.5187
525 523 18161.0106
526 530 28196.6356
527 346 8620.0859
528 466 27169.9405
529 380 10579.6507
530 438 27165.9595
531 470 46596.7820
532 576 28302.4106
533 503 9054.4649
534 402 11957.0141
535 444 3962.1399
536 512 50471.8267
537 416 17045.6399
538 456 47103.4806
539 722 2150.7089
540 387 2027.6162
541 683 22026.4217
542 457 1000.7682
543 524 40554.1428
544 447 40180.3122
545 430 34555.0694
546 500 32063.9891
547 399 36788.0399
548 712 9540.4793
549 468 18402.9485
550 358 21941.7319
551 703 11443.4765
552 462 46805.3978
553 590 11192.7691
554 216 2805.0688
555 492 1139.0434
556 570 11134.6655
557 467 31542.9738
558 497 7957.2316
559 709 9882.3206
560 447 23233.0967
561 534 43896.1545
562 512 50929.6096
563 529 32806.1246
564 434 546.8289
565 453 21284.7291
566 507 25734.4427
567 514 43487.6546
568 304 18845.7046
569 726 740.2205
570 520 23122.3972
571 520 46790.0715
572 603 19883.1541
573 625 30559.1244
574 401 11559.9244
575 269 13044.6714
576 583 12009.9054
577 375 31726.6175
578 654 3809.3241
579 529 31538.0486
580 461 29662.4584
581 504 20007.9822
582 519 6943.4401
583 392 13940.6453
584 669 6098.4733
585 425 40128.5067
586 437 37210.1720
587 590 4393.4489
588 289 17143.8773
589 532 7500.7156
590 461 20039.6380
591 557 41192.7899
592 510 44604.1958
593 424 40562.3086
594 444 26338.4620
595 656 8425.5970
596 442 15870.1223
597 450 32327.8319
598 269 4288.7210
599 490 54024.3860
600 375 18405.0985
601 425 17639.4641
602 449 17550.8818
603 477 47188.6137
604 451 28626.2525
605 517 40052.5218
606 396 36683.9026
607 352 7333.5691
608 732 3126.8679
609 652 29104.1544
610 372 3975.8817
611 422 4788.6471
612 445 5115.9922
613 445 28245.3432
614 603 4630.2922
615 599 31925.4343
616 325 7669.4864
617 411 4633.6655
618 428 37922.2039
619 622 2712.6412
620 484 37178.1912
621 340 10073.4479
622 610 32299.2711
623 648 25361.6314
624 242 9117.1409
625 650 122.0332
626 637 17782.4937
627 500 26476.8871
628 523 52744.6630
629 474 11605.0143
630 564 34377.2730
631 602 17512.8842
632 491 41206.5990
633 486 38921.3857
634 476 44368.5970
635 436 44401.7198
636 386 3622.0935
637 640 10812.3903
638 504 27906.2364
639 270 17735.9563
640 557 50467.1467
641 563 44072.0241
642 509 39951.1568
643 585 29461.1986
644 420 43028.0630
645 621 13917.2581
646 606 33693.5365
647 449 5294.4094
648 330 762.0009
649 495 32136.8886
650 243 14508.7690
651 593 2088.6098
652 484 38657.2699
653 466 46165.3582
654 343 6313.1821
655 323 1618.9792
656 334 26218.8262
657 341 12101.7285
658 446 41237.9570
659 625 6762.7935
660 525 31437.3391
661 568 47498.7731
662 395 8428.1321
663 458 51989.7007
664 464 37989.2609
665 185 3441.0562
666 514 18644.1009
667 563 2819.4003
668 578 12443.0510
669 610 10805.5586
670 377 34992.0703
671 540 38587.2629
672 473 28868.9637
673 602 22701.1263
674 688 17126.7382
675 407 14698.2956
676 487 22352.9054
677 394 26671.4163
678 516 54657.3270
679 311 22872.4489
680 587 19212.9083
681 518 31218.4981
682 493 55783.4249
683 579 28518.9822
684 546 29238.1861
685 356 2719.1081
686 589 20950.6342
687 745 11552.2340
688 576 6657.3725
689 678 19592.1023
690 572 5458.8137
691 478 53819.4636
692 767 10584.1644
693 442 46436.6864
694 321 23669.4826
695 577 19487.2179
696 371 16895.3123
697 704 515.4189
698 553 8115.3870
699 456 46853.6816
700 614 36261.0173
701 557 17114.9195
702 724 10020.0808
703 637 32180.7769
704 518 1972.0226
705 547 38239.6244
706 766 7281.2475
707 409 36112.1860
708 503 21826.5670
709 584 40857.9516
710 606 23299.8348
711 525 43261.4487
712 487 58086.2820
713 565 19931.7124
714 520 32706.3675
715 570 11669.4721
716 322 7401.9374
717 469 3912.1310
718 791 10752.6275
719 607 22455.5077
720 637 349.9365
721 411 41001.7365
722 620 17502.4543
723 458 38625.0843
724 412 35556.6425
725 385 2525.6961
726 608 23815.8565
727 477 28810.9927
728 437 29587.0853
729 686 12095.5554
730 480 16293.7035
731 567 2828.2246
732 566 25849.6398
733 265 17515.4691
734 549 52741.9381
735 439 9601.1887
736 434 15209.0932
737 554 9186.3955
738 624 29919.3067
739 626 2638.7844
740 446 32290.4290
741 560 12087.8685
742 526 44284.2044
743 409 10511.3337
744 251 13848.9563
745 636 11386.6850
746 599 1619.1835
747 526 44426.9822
748 705 15668.2327
749 319 6593.5545
750 631 2656.0579
751 463 39878.2095
752 556 41801.8358
753 505 15959.5812
754 497 14276.2318
755 410 10883.6611
756 434 8044.2530
757 422 37099.1982
758 667 22849.4104
759 551 47109.8775
760 495 52437.4518
761 542 11087.1507
762 513 20146.7227
763 503 38792.3499
764 465 23248.0658
765 646 28348.2202
766 559 480.2117
767 630 27713.9996
768 365 15936.8729
769 543 28888.1625
770 515 29119.6590
771 426 29896.8181
772 632 31059.5185
773 489 20073.8976
774 614 6728.5500
775 437 34339.1893
776 422 42910.3757
777 527 29647.3022
778 481 18019.4266
779 505 49661.4219
780 417 17133.6076
781 377 31289.1984
782 580 15873.7093
783 371 9242.2933
784 566 26553.6528
785 559 12809.5331
786 878 2157.2431
787 444 32961.6550
788 568 45489.8133
789 448 46001.3299
790 527 34239.9972
791 475 24448.5314
792 392 25796.5327
793 471 13077.5504
794 485 23546.3859
795 383 15535.7427
796 550 9983.0495
797 172 1570.5850
798 664 662.9868
799 605 14077.5877
800 670 5496.6669
801 438 3332.6542
802 377 13326.3588
803 527 8374.2417
804 764 5405.3340
805 408 27657.8650
806 331 9961.4207
807 463 24328.1376
808 442 45655.5601
809 394 23270.0451
810 513 47713.6973
811 402 29648.9236
812 575 266.6164
813 544 19782.2741
814 492 51247.7582
815 704 14472.0853
816 464 8653.3873
817 565 35158.8648
818 584 9531.4450
819 515 27760.5496
820 607 30346.1253
821 571 46227.4000
822 722 13480.0833
823 683 3992.8761
824 441 43117.0583
825 424 20554.3004
826 507 45633.7597
827 433 15767.1780
828 738 4081.4167
829 311 17331.7741
830 660 1360.9091
831 410 23224.8375
832 645 16563.8450
833 433 16057.6053
834 466 36774.0662
835 447 3263.2632
836 501 3702.6704
837 453 10629.2950
838 505 19124.3208
839 359 19682.6197
840 651 20512.7214
841 604 20097.5662
842 480 55312.9035
843 381 24060.8155
844 398 10521.7447
845 371 2285.3646
846 317 15364.0754
847 415 9369.6390
848 328 2595.3436
849 571 19759.7407
850 669 11575.9973
851 452 37938.2381
852 589 6844.4414
853 724 11817.5055
854 377 23716.0172
855 376 24181.4711
856 382 12690.5427
857 526 37025.1084
858 514 42247.4372
859 550 31907.9246
860 635 12930.7422
861 519 31691.7048
862 359 25343.1505
863 540 9490.0279
864 585 25054.5478
865 431 45457.3769
866 578 21130.0320
867 601 9421.7905
868 474 17911.0147
869 336 23297.1693
870 654 12205.6350
871 454 32609.5072
872 495 58574.4772
873 391 37387.0423
874 367 27330.7847
875 627 34587.7242
876 655 5114.2439
877 501 62205.3755
878 542 54569.4441
879 722 11464.8631
880 144 3532.7736
881 697 4848.4263
882 541 40144.7867
883 610 21756.4726
884 480 55497.6152
885 370 24963.4385
886 478 55974.3338
887 520 35062.8489
888 577 13311.1713
889 544 44088.4691
890 466 39014.9238
891 512 36377.6838
892 574 29205.2195
893 460 29602.9805
894 428 16272.3755
895 297 2611.5804
896 458 24744.8847
897 352 4741.6061
898 474 3757.7316
899 440 10377.0965
900 543 10118.9991
901 514 47490.5659
902 720 162.2235
903 405 10959.2538
904 435 7755.5209
905 575 12252.8998
906 366 5516.6805
907 378 33931.3040
908 658 15801.3490
909 502 10981.1412
910 424 39860.9532
911 558 46775.6810
912 342 28437.6963
913 361 30149.0291
914 564 40161.9903
915 502 55749.9527
916 616 29135.6088
917 568 16387.3321
918 584 3834.7269
919 595 6140.1919
920 493 41285.7348
921 642 4095.4185
922 587 15368.7910
923 354 2220.1831
924 415 29204.9852
925 218 2607.0965
926 676 13291.8194
927 654 7523.6532
928 287 2126.4483
929 477 5424.0251
930 501 16969.8243
931 266 4872.5901
932 394 6084.7857
933 553 7497.7265
934 687 15068.7949
935 445 44226.4685
936 556 34949.6177
937 448 43498.7385
938 475 11945.4325
939 475 52612.4357
940 498 29527.1948
941 617 32754.9073
942 476 39590.3747
943 827 5055.3570
944 537 26260.8135
945 675 25431.7152
946 415 15065.3158
947 449 23213.5555
948 587 31118.0365
949 616 30378.9834
950 572 1097.2230
951 685 9015.8527
952 329 19458.8846
953 473 5502.9822
954 322 15622.1390
955 456 17886.5027
956 557 24297.9066
957 605 7663.7387
958 506 34521.9899
959 426 25319.8484
960 389 3271.8713
961 652 26924.3191
962 435 35705.5606
963 583 43174.7731
964 353 25515.2787
965 302 21770.0978
966 706 16505.7499
967 449 30297.2665
968 323 6941.7251
969 493 55977.4589
970 428 36781.2009
971 502 44321.1431
972 615 24455.9757
973 575 7576.0660
974 393 34982.4169
975 473 6827.6734
976 464 34639.7989
977 581 15898.0672
978 439 34097.1986
979 470 15724.0683
980 411 23969.8615
981 557 43240.7932
982 318 14683.5338
983 586 25707.2721
984 353 30991.2153
985 513 50735.1344
986 544 45563.1013
987 549 11924.8931
988 641 21537.2027
989 466 16798.2191
990 553 43184.8950
991 615 32190.8121
992 574 41489.7257
993 431 32910.7340
994 544 34984.8276
995 544 30660.4065
996 548 38398.2685
997 333 10094.5817
998 476 9917.9285
999 556 32918.5142
1000 574 6317.6139
<precedence relations>
1,381
2,8
2,9
2,10
2,11
2,12
2,13
2,14
2,15
3,8
3,9
3,10
3,11
3,12
3,13
3,14
3,15
4,8
4,9
4,10
4,11
5,8
5,9
5,10
5,11
6,14
6,20
7,8
7,21
8,16
8,17
8,18
8,19
8,20
9,16
9,17
9,18
9,19
9,20
10,246
11,17
11,21
11,22
12,16
12,17
12,18
12,19
12,20
12,21
12,22
13,16
13,17
13,18
13,19
13,20
13,21
13,22
14,16
14,17
14,18
14,21
14,22
15,16
16,23
16,24
16,25
16,27
16,28
17,23
17,24
17,25
17,26
17,27
17,28
18,23
18,24
18,25
18,26
18,27
18,28
19,168
20,23
20,25
20,27
20,28
21,23
21,24
21,25
21,26
21,27
21,28
22,23
22,24
22,25
22,26
22,27
22,28
23,29
23,30
23,31
23,32
23,33
24,29
24,30
24,31
24,32
24,33
25,29
25,30
25,31
25,32
25,33
26,29
26,30
26,31
26,32
26,33
27,29
27,30
27,31
27,32
27,33
28,29
28,30
28,31
28,33
29,34
29,35
29,36
29,38
29,40
30,34
30,35
30,36
30,37
30,39
31,37
31,40
31,43
32,34
32,35
32,36
32,37
32,38
32,40
33,34
33,35
34,41
34,42
34,43
35,132
35,147
36,41
36,42
37,41
37,42
38,41
38,42
38,43
39,41
39,42
39,43
40,41
40,42
41,44
41,45
41,46
41,47
41,48
41,49
41,50
42,44
42,45
42,50
43,44
43,45
43,48
44,57
45,51
45,52
45,53
45,54
45,56
45,59
46,52
47,51
47,52
47,59
48,51
48,52
48,53
48,54
48,55
48,56
48,57
48,58
48,59
49,51
49,52
49,53
49,54
49,55
49,56
49,57
49,58
50,51
50,52
50,53
50,54
50,59
51,60
51,61
51,62
51,63
51,64
51,65
51,66
52,60
52,61
52,62
52,63
52,64
52,65
52,66
53,60
53,61
53,62
53,63
53,64
53,65
53,66
54,60
54,61
54,64
54,72
55,60
55,61
56,60
56,61
56,72
57,60
57,91
58,60
58,61
58,72
59,60
59,61
59,62
59,63
59,64
59,65
60,87
60,92
61,67
61,75
62,67
62,69
63,67
63,68
63,75
64,173
64,185
65,67
65,68
66,68
67,70
67,71
67,73
67,74
68,80
68,91
68,92
69,70
69,71
69,72
69,73
69,74
69,75
70,76
70,77
70,78
70,79
70,80
70,81
70,82
71,76
71,77
71,81
71,82
72,76
73,76
73,77
73,80
73,81
73,82
74,241
74,242
74,243
75,76
75,79
75,90
76,83
76,84
76,87
76,91
76,92
77,83
77,84
77,85
77,86
77,87
77,88
77,89
77,90
77,91
77,92
78,83
78,84
78,85
78,86
78,88
78,91
78,92
79,83
79,84
79,85
79,86
79,91
79,92
80,83
80,84
80,85
80,86
80,87
81,83
81,84
81,85
81,86
82,83
82,84
82,85
82,86
82,87
82,88
82,89
82,90
82,91
83,235
83,242
84,93
84,94
84,95
84,96
84,97
84,98
84,99
85,93
85,94
86,93
86,96
86,97
86,98
86,99
87,93
87,94
87,95
87,96
87,97
87,98
87,99
88,93
88,94
88,95
88,96
88,97
88,98
88,99
89,93
89,94
89,95
90,197
90,211
91,93
92,93
92,94
92,95
92,96
92,98
92,99
93,100
93,102
94,263
94,273
94,274
94,275
94,278
94,280
95,100
95,101
95,102
96,100
96,101
96,102
97,100
97,101
97,102
98,100
98,101
98,102
99,100
99,101
99,102
100,103
100,104
100,105
100,106
100,107
100,108
100,109
101,103
101,104
101,105
101,106
101,107
101,108
102,103
102,104
102,105
102,108
103,251
104,110
105,110
105,111
105,113
105,116
106,110
106,111
106,114
107,110
107,111
107,112
107,115
107,116
108,110
108,111
108,112
108,113
108,114
108,115
109,118
109,119
109,120
109,121
109,122
109,123
110,117
110,118
110,119
110,120
110,121
110,122
110,123
111,117
111,118
111,119
111,120
111,123
112,117
112,118
112,119
112,122
113,119
114,117
114,118
114,119
114,120
114,122
114,123
115,496
116,319
116,399
116,427
116,428
116,436
117,124
117,125
117,126
117,127
118,124
118,125
118,126
118,127
119,124
119,125
119,126
119,127
120,124
120,125
120,126
120,127
121,124
121,125
121,126
121,127
122,124
122,125
122,126
122,127
123,124
123,125
123,126
124,128
124,129
124,130
124,131
124,132
124,133
125,128
125,129
125,130
125,131
125,133
125,134
126,128
126,129
126,130
126,131
126,132
126,133
127,134
128,135
128,136
128,137
128,138
128,139
128,140
128,141
129,135
129,136
129,137
129,138
129,139
129,140
129,141
130,135
130,136
130,137
130,141
131,135
131,136
131,137
131,138
131,139
131,141
132,135
132,136
132,137
132,138
132,139
133,135
133,136
133,137
133,138
133,147
134,140
135,160
136,142
136,143
136,144
136,146
137,229
138,143
138,145
139,183
139,185
140,142
140,143
140,144
140,145
140,146
140,147
141,142
141,143
141,145
141,146
141,147
142,148
142,149
142,150
142,151
143,148
143,149
143,150
143,151
144,148
144,149
144,150
144,151
145,148
145,149
145,150
145,151
146,148
146,149
146,150
146,151
147,148
147,150
147,151
148,152
148,153
148,154
148,155
148,156
148,157
148,158
148,159
149,152
149,153
149,154
149,155
149,158
149,165
150,152
150,153
150,154
150,155
150,156
151,152
151,153
151,154
151,155
151,156
151,157
151,159
152,216
152,237
153,160
153,163
153,164
154,160
154,161
154,162
154,163
154,164
155,421
156,160
156,161
156,162
156,163
156,164
156,165
157,160
157,161
157,162
157,165
157,170
158,160
158,170
159,160
159,161
159,162
159,163
159,164
159,165
160,169
160,171
160,172
161,219
161,232
161,237
162,349
163,166
163,167
163,168
163,169
163,170
163,171
163,172
164,166
164,167
165,166
165,167
166,174
166,175
166,193
167,173
168,173
168,174
168,175
168,184
168,185
169,173
169,174
169,175
169,176
169,177
169,178
169,179
169,180
170,173
170,174
170,175
170,176
170,177
170,178
170,179
170,180
171,173
171,174
171,175
171,176
171,177
171,178
171,179
172,237
173,181
173,182
173,183
173,186
174,182
175,181
175,182
176,181
176,182
176,183
177,184
178,181
178,182
178,183
179,181
179,182
179,183
179,185
180,181
180,182
181,187
181,188
181,189
182,187
182,188
182,192
182,201
183,187
183,188
183,190
183,202
183,203
183,207
184,187
184,188
184,189
184,190
184,191
184,192
184,193
185,187
185,188
185,189
185,191
186,187
186,189
186,191
186,193
187,199
188,196
189,194
189,197
189,203
190,194
190,195
190,196
190,197
191,194
191,201
192,194
192,195
192,196
192,197
192,198
192,202
192,203
193,194
193,195
193,196
193,197
193,198
193,199
193,200
193,202
194,310
195,208
195,209
195,210
196,205
196,206
196,211
196,216
196,217
197,204
197,205
197,206
197,216
198,204
198,205
198,206
198,207
198,211
198,216
199,204
199,205
199,218
200,463
200,488
200,492
201,204
201,205
201,206
201,207
202,204
202,216
202,218
203,204
203,205
204,212
204,213
204,214
204,217
204,219
205,212
205,213
205,215
205,219
206,212
206,213
206,214
206,215
206,218
207,346
208,213
208,216
209,219
209,233
209,237
210,212
210,213
210,214
210,215
210,219
211,212
211,214
211,233
212,220
212,222
213,220
213,221
213,222
213,223
213,224
213,225
214,309
215,234
215,235
215,241
216,220
216,224
217,220
218,236
218,248
219,220
220,226
220,227
221,226
222,227
222,230
222,243
223,226
223,227
223,228
223,229
223,230
224,226
224,227
225,226
225,229
226,234
226,235
227,231
227,236
228,231
228,243
229,231
229,232
229,233
230,231
230,232
230,237
231,238
231,239
231,240
231,241
231,242
232,238
232,239
233,238
233,239
233,241
233,242
233,243
234,238
234,239
234,240
234,242
234,243
235,238
235,239
235,243
236,238
236,255
237,238
237,240
237,241
238,244
238,245
238,246
238,247
239,248
239,262
240,244
240,245
240,246
240,247
240,248
241,244
241,245
241,246
241,247
241,248
242,244
242,245
242,246
242,247
242,248
243,244
243,245
243,246
243,247
243,248
244,249
244,250
244,251
244,252
244,253
245,249
245,253
245,254
246,251
247,249
247,250
247,252
247,261
248,249
248,250
248,251
248,255
249,256
249,278
250,256
250,257
250,258
251,256
251,257
251,261
252,256
252,257
252,262
253,256
253,259
254,256
254,257
254,258
254,260
255,258
256,263
256,264
256,265
256,268
256,269
257,622
258,347
258,356
259,263
259,264
259,265
259,278
259,280
260,263
261,266
261,267
261,268
261,269
262,263
262,264
262,265
262,266
262,267
262,269
263,270
263,271
264,358
264,418
264,423
265,274
265,275
266,270
266,271
266,280
267,270
267,271
267,272
267,273
267,274
267,275
268,270
268,271
269,270
269,271
269,280
270,276
270,277
270,279
271,281
271,294
272,276
272,277
272,278
272,279
272,280
272,281
273,276
274,370
274,415
275,276
275,284
276,282
276,315
277,282
277,283
278,283
278,285
279,282
279,283
279,284
279,285
280,282
280,283
280,284
281,282
282,286
282,287
282,291
282,322
282,325
283,286
283,287
283,288
283,289
283,290
283,291
284,286
284,287
284,288
284,289
284,298
284,303
285,286
285,288
285,290
286,352
287,292
288,292
288,293
288,294
288,295
288,304
289,293
289,323
290,292
290,293
290,294
290,295
290,296
290,298
291,297
291,323
292,299
292,300
292,301
293,301
293,305
293,325
294,302
295,299
296,299
296,300
296,325
297,299
297,300
297,301
297,303
297,304
298,299
299,306
299,307
300,574
301,428
302,306
302,307
302,308
302,309
303,394
304,306
304,307
305,306
305,307
305,309
306,311
307,313
307,316
307,317
307,333
308,310
308,311
308,312
308,314
308,315
309,310
309,312
309,317
310,318
311,318
311,319
311,320
311,339
311,340
312,318
312,319
312,321
313,318
313,319
313,320
313,321
313,324
313,327
313,328
314,318
314,325
315,320
315,322
315,323
315,340
316,318
316,319
316,326
317,318
317,319
317,320
317,321
317,339
318,329
318,330
319,480
320,329
320,330
321,329
321,330
321,340
322,662
323,329
323,331
323,346
324,329
325,329
325,330
325,333
326,455
326,513
326,514
327,329
327,330
327,331
327,332
328,516
328,524
329,338
329,341
330,334
330,335
330,336
330,337
330,338
330,342
331,335
331,337
332,340
332,341
333,336
333,339
334,373
334,374
335,378
336,343
336,344
336,350
337,343
338,345
338,356
339,343
339,344
339,345
339,346
340,343
340,344
341,343
341,344
341,349
341,350
342,343
342,344
342,345
342,346
343,347
343,348
343,351
343,356
344,347
344,352
345,347
345,348
345,350
346,347
346,348
346,349
347,353
347,354
347,357
347,358
348,353
349,353
350,353
350,354
351,357
351,361
351,370
352,353
352,355
352,356
352,358
353,359
354,359
354,360
354,361
354,362
354,363
354,364
355,359
355,360
355,361
356,359
356,364
357,360
357,363
358,422
358,440
358,447
358,448
359,365
359,368
359,370
359,408
360,365
360,366
360,367
361,365
361,371
361,372
362,365
363,365
363,366
363,367
363,368
363,369
363,372
364,365
364,366
364,367
364,372
364,415
365,380
365,381
366,379
367,373
367,376
367,377
368,374
368,382
369,373
369,376
370,373
370,374
370,375
371,378
373,386
373,390
374,383
374,391
375,384
375,424
376,383
376,385
377,383
377,384
377,416
378,383
378,416
379,383
379,384
379,388
380,392
381,383
381,384
381,387
382,389
382,441
382,443
383,393
383,394
383,395
384,393
384,394
385,393
385,623
386,393
386,505
387,394
388,393
388,394
388,395
388,396
388,397
388,398
388,399
388,400
389,401
390,393
390,396
391,393
392,400
393,566
394,404
395,402
395,403
395,418
396,402
396,403
396,404
396,405
397,402
397,403
397,404
397,406
398,885
399,405
399,408
399,425
400,402
400,407
401,409
401,410
402,411
402,412
402,419
402,420
402,428
402,429
403,411
403,412
403,413
403,417
404,411
404,414
404,443
405,411
405,412
405,416
406,411
406,412
406,413
407,465
408,411
408,418
409,411
410,411
410,415
411,426
412,421
413,421
413,422
413,428
414,423
415,421
415,446
416,421
416,422
417,421
417,422
417,436
417,446
418,421
418,422
418,424
418,429
418,441
419,421
419,422
419,423
419,424
420,421
420,425
420,427
420,435
421,430
421,434
421,447
422,430
422,431
422,433
423,436
423,447
424,430
424,431
424,432
424,433
425,430
425,432
426,430
426,435
427,430
428,473
429,430
430,437
431,439
431,442
432,437
432,443
433,437
433,439
434,440
434,442
434,448
435,437
435,438
435,439
436,441
437,444
437,445
438,444
438,446
438,447
438,448
439,444
440,797
440,822
440,851
441,444
441,445
441,448
442,444
442,445
443,444
443,445
443,446
443,447
443,448
444,449
444,450
444,451
444,452
445,471
446,449
446,450
447,449
447,452
448,595
449,453
449,454
449,457
450,453
450,549
450,560
451,453
451,455
451,456
451,485
451,488
452,453
452,611
452,614
453,458
453,579
454,461
455,458
455,464
456,458
456,459
456,462
456,465
457,458
457,459
457,460
457,463
457,471
458,470
458,582
458,613
458,625
459,466
460,469
461,467
461,471
461,477
462,790
463,466
464,468
465,466
465,497
466,477
467,473
467,476
468,472
468,474
469,472
469,473
469,474
469,503
469,505
470,567
471,472
471,475
472,478
472,614
473,481
474,478
474,494
474,519
474,523
475,478
475,479
475,480
475,482
475,483
475,484
476,478
476,485
477,479
477,491
478,492
478,570
479,486
479,487
479,489
479,490
480,488
480,491
480,505
481,487
482,771
482,775
482,823
483,619
484,569
485,486
485,503
486,496
486,499
486,527
487,493
487,494
487,495
487,514
488,493
488,497
489,523
489,581
489,588
490,493
490,501
490,502
491,494
491,498
491,500
491,513
492,567
492,609
492,649
493,616
494,504
494,506
495,655
496,562
496,567
497,503
497,522
498,503
499,514
499,529
500,503
500,504
501,503
501,504
501,505
501,506
502,660
502,748
503,508
503,510
503,514
503,527
504,628
505,507
505,513
506,507
506,508
506,509
506,510
506,511
506,512
507,516
507,520
507,521
507,522
508,515
508,516
508,517
509,515
510,551
510,573
511,515
511,517
512,515
512,516
512,517
513,518
513,522
513,529
514,515
514,516
514,519
514,523
515,524
515,526
516,525
516,528
516,535
517,524
517,529
518,524
518,525
519,800
519,807
519,846
520,524
520,655
520,731
521,524
521,527
521,581
522,524
522,525
522,526
522,527
522,528
523,524
523,535
524,781
525,532
525,533
526,530
526,531
526,532
526,533
526,534
526,535
527,534
527,535
527,588
528,530
528,531
529,531
530,536
530,537
530,538
530,539
530,540
530,541
531,537
531,540
531,556
531,593
531,599
532,536
532,537
532,538
533,718
534,725
534,765
534,768
535,564
536,542
536,543
536,545
536,549
537,543
538,544
539,542
539,547
539,550
539,559
540,546
540,638
541,548
542,553
542,572
543,551
543,560
543,598
543,649
544,554
544,638
545,551
546,551
546,552
546,561
546,565
546,621
547,552
547,558
548,556
549,551
549,552
549,559
550,551
550,555
550,557
550,606
551,562
551,567
551,596
552,576
553,562
553,564
554,562
554,566
554,610
555,562
555,566
555,625
556,562
556,563
556,565
557,590
557,610
557,621
558,562
558,563
558,564
558,565
559,703
559,728
560,562
561,613
562,568
563,694
563,719
564,568
564,571
564,573
565,570
565,720
566,569
566,572
567,568
567,569
568,574
568,576
569,574
569,575
570,574
571,574
571,576
572,574
572,578
573,577
573,579
574,583
574,634
575,581
576,580
577,580
577,582
577,584
577,586
577,639
577,649
578,580
578,581
578,582
578,583
578,584
578,588
578,639
578,649
579,585
579,587
580,589
581,589
582,589
582,590
582,630
583,648
583,672
584,590
584,592
585,589
585,591
586,593
586,594
587,589
588,726
588,750
588,840
589,595
590,748
590,749
590,807
591,601
591,602
592,599
592,601
593,595
593,596
593,598
594,595
594,596
594,597
594,598
594,600
595,603
595,604
596,604
596,607
596,610
597,603
598,605
599,858
599,904
600,603
601,603
601,624
602,603
602,606
603,608
603,615
603,657
604,608
605,609
605,686
606,610
606,612
607,611
607,613
607,614
608,616
609,616
610,661
610,702
610,717
610,721
611,616
612,617
612,618
612,619
612,621
613,620
614,792
615,661
615,793
616,626
617,625
618,622
618,681
619,622
619,624
619,668
620,655
620,667
621,623
621,657
622,627
622,628
622,693
623,627
623,628
623,693
624,627
624,630
625,629
625,631
626,627
626,628
627,632
627,637
627,640
628,633
628,634
628,694
628,720
629,635
629,662
629,667
630,632
630,636
631,632
631,633
631,638
631,639
631,700
632,641
632,642
632,643
632,644
632,645
633,861
633,862
633,936
634,643
634,647
635,642
635,645
635,649
635,671
636,641
636,642
636,643
636,687
637,646
637,647
638,641
638,667
639,641
639,674
639,720
639,721
640,644
640,645
640,648
641,658
641,734
642,650
642,651
642,655
643,654
643,663
643,701
643,721
644,650
644,746
645,655
645,656
646,650
646,651
646,653
647,739
647,861
648,652
648,679
649,655
649,657
650,783
650,862
651,659
651,665
652,660
652,665
652,783
653,661
653,662
653,677
654,743
654,788
655,659
655,663
656,675
657,664
657,675
658,659
658,660
659,666
659,670
659,805
659,811
660,666
660,868
661,667
661,800
662,671
663,702
663,734
664,668
664,669
665,744
665,776
666,675
666,856
667,734
667,777
668,672
668,673
668,674
669,672
669,673
669,676
669,677
669,682
670,781
671,673
672,681
673,680
674,679
674,682
675,918
676,771
676,795
676,814
677,678
678,683
678,684
679,684
680,685
680,687
680,697
681,683
682,683
682,686
682,688
683,689
683,769
684,689
684,692
684,696
684,697
685,689
685,690
686,693
687,690
687,691
687,694
687,695
689,702
690,699
690,806
691,698
691,700
692,701
693,904
694,698
695,701
696,698
697,716
697,771
698,706
698,709
699,707
699,750
699,765
699,798
700,711
700,712
700,747
701,703
701,704
701,705
701,707
701,708
701,710
702,703
702,705
702,771
703,975
703,987
704,717
705,713
705,715
706,716
707,752
707,945
707,991
709,723
710,713
710,801
710,839
711,729
712,713
712,714
713,782
714,720
714,721
715,718
715,722
716,718
717,719
717,723
718,724
718,727
719,725
720,730
721,757
722,726
722,783
722,840
723,724
723,728
724,730
724,733
725,734
725,793
726,830
726,859
726,919
727,732
728,729
728,731
729,735
729,736
729,740
729,742
730,741
731,739
732,735
732,736
732,737
732,745
733,738
733,749
733,774
734,750
734,821
735,743
735,744
735,749
735,750
735,754
736,748
736,751
737,743
738,745
738,747
738,881
738,926
739,860
740,859
741,744
742,746
742,752
742,753
743,758
743,762
744,755
744,756
744,757
744,759
745,900
746,756
746,763
746,905
748,755
748,757
749,764
750,761
750,846
751,805
752,958
753,760
753,907
754,761
754,767
755,765
755,770
755,867
756,963
757,767
757,811
758,948
759,765
759,811
759,813
760,771
760,887
761,770
761,772
762,765
762,766
762,767
762,811
763,765
763,769
763,796
764,768
765,947
765,965
765,986
766,774
766,775
766,859
767,773
768,773
769,941
770,868
772,776
772,814
772,838
773,780
773,781
773,782
774,777
774,786
775,779
776,778
777,783
777,784
777,878
778,788
779,846
779,851
779,902
780,784
780,789
780,818
781,785
781,787
782,786
784,960
784,999
785,910
785,975
786,791
787,792
787,793
788,790
788,794
788,795
789,790
790,890
790,934
791,798
791,800
791,862
791,864
791,866
792,796
792,829
792,868
793,799
794,797
794,866
795,801
795,887
797,805
797,807
797,820
797,841
797,862
798,803
798,808
798,825
798,827
799,806
799,809
800,802
800,896
801,804
801,871
801,923
803,840
803,841
804,811
805,885
805,893
806,810
806,812
806,813
807,884
808,842
809,881
810,824
812,814
812,821
813,814
813,815
814,818
814,819
815,816
815,817
815,818
815,820
816,821
817,866
817,938
818,824
818,826
818,829
819,822
819,828
820,823
820,825
820,827
820,830
821,832
822,968
823,888
823,892
824,835
824,963
825,833
826,831
827,948
828,834
829,831
829,836
830,880
831,837
831,847
832,838
832,839
832,840
833,842
834,841
835,935
837,848
837,870
838,843
838,849
839,890
839,905
840,846
841,879
841,883
842,844
842,845
842,847
842,902
843,852
844,850
844,853
844,856
844,904
845,854
845,901
845,933
845,953
846,935
847,863
847,968
847,996
848,855
849,851
849,855
850,857
852,859
852,861
852,890
853,958
854,934
855,858
855,862
856,860
857,863
857,867
857,868
857,919
858,864
858,866
859,863
859,896
860,863
860,870
860,873
862,863
862,865
862,869
863,989
864,873
865,872
867,961
868,918
869,871
869,937
871,876
871,879
872,875
872,880
872,916
873,874
873,877
873,878
874,886
874,887
875,881
876,889
877,882
878,884
878,896
880,883
880,885
880,943
881,891
881,912
881,948
882,892
882,894
883,915
884,889
885,895
886,890
886,893
886,907
887,888
887,896
887,900
888,914
888,915
889,903
890,926
891,902
892,901
893,898
893,900
894,899
894,948
895,904
896,897
896,935
897,906
897,911
897,955
898,909
899,907
899,910
899,973
900,905
901,912
903,908
905,917
906,914
906,916
908,913
908,915
908,919
909,918
910,963
914,921
914,923
914,924
914,925
914,954
915,920
915,921
915,926
915,927
916,922
917,920
918,952
920,934
920,935
922,931
922,932
923,928
924,936
925,929
925,930
927,933
929,937
930,939
932,966
933,941
934,938
934,940
934,942
935,939
937,943
938,947
938,948
940,949
940,952
941,944
941,945
941,986
942,945
942,946
942,950
943,952
943,953
948,955
949,951
949,954
951,956
952,957
952,961
953,959
953,960
953,982
954,987
955,958
956,965
957,962
957,963
957,966
958,964
958,967
958,968
962,982
963,969
963,971
964,984
966,973
967,970
967,972
969,974
969,976
969,979
970,994
971,977
972,975
973,978
974,980
974,981
974,982
974,984
975,985
976,986
978,983
978,987
981,991
981,992
982,988
982,989
984,990
986,991
988,997
989,994
989,998
990,993
991,996
992,995
992,999
992,1000
<end>