<number of tasks>
20
<cycle time>
1000
<order strength>
0.800
<z_alpha>
1.280
<task times>
1 219 9118.9625
2 117 2834.3937
3 134 2346.6760
4 496 21704.0903
5 466 1563.1372
6 483 36036.1173
7 145 287.4958
8 325 10451.0785
9 311 12141.7522
10 142 1711.8474
11 550 30137.7021
12 192 7071.8903
13 198 7489.4033
14 237 8606.6073
15 136 1779.7726
16 428 39630.0091
17 252 7877.0439
18 273 6204.6602
19 170 3313.3545
20 22 63.4474
<precedence relations>
1,3
1,4
2,6
3,6
4,5
4,6
4,7
5,8
5,9
6,8
6,10
7,8
8,11
9,10
9,13
10,12
11,12
11,13
12,14
12,15
13,15
13,20
14,16
14,17
15,19
16,18
16,20
17,19
<end>