<number of tasks>
50
<cycle time>
1000
<order strength>
0.198
<z_alpha>
1.645
<task times>
1 409 6145.1111
2 548 13211.1458
3 363 2771.2403
4 354 425.6287
5 575 13371.8026
6 551 18751.2810
7 339 5224.1233
8 539 8979.9750
9 490 7200.5282
10 589 18124.6797
11 603 11643.9100
12 698 17605.7792
13 527 531.6141
14 419 3411.8582
15 537 8791.8982
16 478 11208.0201
17 493 14425.5021
18 659 16974.2660
19 721 4630.7682
20 451 1540.6045
21 567 2498.7094
22 412 1352.2287
23 225 1461.0459
24 520 15882.4708
25 701 11358.7906
26 659 140.5757
27 345 1865.9670
28 471 4966.1315
29 560 12047.5958
30 466 13438.5636
31 538 4927.3098
32 462 5147.3898
33 494 60.9313
34 372 1527.2903
35 562 4958.2162
36 456 11300.2439
37 507 6032.3089
38 496 2188.0743
39 373 5301.4522
40 679 17947.1934
41 325 1655.7133
42 375 7193.2600
43 420 10107.5470
44 441 11481.6940
45 734 15107.7813
46 405 3518.2146
47 630 13998.4263
48 472 7542.9470
49 417 1874.2901
50 614 9955.4053
<precedence relations>
1,6
2,4
2,7
2,8
2,9
3,5
3,10
4,11
5,12
6,14
7,13
8,15
8,16
9,28
11,17
12,18
13,18
14,19
14,21
14,22
16,20
17,25
18,23
18,26
18,27
19,24
19,29
21,28
22,30
23,31
24,32
25,36
26,35
27,33
27,37
27,38
28,34
29,39
31,42
32,43
33,40
34,41
35,42
36,44
36,45
37,46
40,47
41,48
45,48
45,50
46,49
<end>