<number of tasks>
20
<cycle time>
1000
<order strength>
0.189
<z_alpha>
1.645
<task times>
1 96 290.0882
2 84 141.6815
3 25 38.8996
4 173 460.6877
5 42 23.0664
6 137 302.9709
7 190 524.5375
8 47 15.3430
9 171 1227.6394
10 226 2510.9434
11 127 842.2797
12 187 2081.4066
13 142 567.1656
14 99 600.9108
15 269 1327.4481
16 254 3376.9114
17 71 153.6358
18 95 78.0530
19 229 1457.1695
20 89 377.3019
<precedence relations>
1,9
2,7
4,6
4,8
5,10
6,13
9,11
9,12
12,14
12,15
13,16
14,17
14,20
15,18
15,19
<end>