<number of tasks>
50
<cycle time>
1000
<order strength>
0.197
<z_alpha>
1.645
<task times>
1 415 5739.4824
2 344 20663.8671
3 123 1370.8590
4 68 91.7578
5 312 9615.7890
6 289 18139.1911
7 67 656.2536
8 113 1141.5240
9 500 6458.3575
10 47 406.5826
11 23 112.7868
12 281 18542.4196
13 71 47.6625
14 80 152.8388
15 29 99.4338
16 66 353.9516
17 194 4063.9451
18 219 4475.5546
19 114 2140.7967
20 188 8268.7618
21 526 50509.7383
22 173 6172.1837
23 429 26837.1862
24 198 2177.3914
25 238 1345.2030
26 67 237.5312
27 39 208.7175
28 371 27813.0319
29 239 3806.5453
30 281 19526.6450
31 99 1030.2464
32 210 5064.0292
33 64 141.8119
34 90 1538.7081
35 219 9284.1127
36 125 3442.0844
37 166 3357.6305
38 42 2.7107
39 64 701.3271
40 25 57.0475
41 67 884.4448
42 77 336.0395
43 517 6609.4371
44 138 120.3681
45 371 9276.4699
46 102 427.6950
47 83 1596.1627
48 168 6200.7840
49 107 966.0666
50 60 519.4263
<precedence relations>
1,9
2,7
2,8
2,24
3,16
4,10
5,11
7,12
8,13
9,14
10,15
10,17
11,16
11,44
12,21
13,22
14,20
15,18
16,19
16,23
17,24
18,25
19,26
20,27
21,28
21,30
21,32
22,31
22,44
23,29
23,42
25,34
26,35
27,33
30,36
30,37
31,38
33,42
34,41
35,39
35,43
35,50
36,40
36,44
37,43
37,50
38,47
39,45
40,46
41,47
42,49
42,50
43,48
44,50
<end>