<number of tasks>
100
<cycle time>
1000
<order strength>
0.596
<z_alpha>
1.960
<task times>
1 439 9088.2784
2 125 2048.1633
3 124 1484.5469
4 191 8626.6463
5 45 461.3845
6 104 1332.2443
7 479 42465.8435
8 48 335.5530
9 544 44486.7363
10 103 1926.1554
11 193 144.6580
12 145 1102.7197
13 355 474.2305
14 536 7443.7073
15 72 276.8498
16 134 3168.7993
17 169 1398.0013
18 20 26.0693
19 26 78.0637
20 208 2165.4128
21 214 1902.0411
22 529 6424.8054
23 155 3375.3054
24 569 47613.2700
25 305 20350.3075
26 504 30194.3924
27 507 5224.2499
28 132 273.3494
29 297 3813.4722
30 36 51.8688
31 110 1316.0357
32 115 3284.2033
33 47 383.8579
34 461 42202.5456
35 347 8020.1963
36 57 10.5999
37 177 6666.7147
38 126 2143.5056
39 167 895.9084
40 66 1037.0542
41 434 43826.1666
42 543 3945.8061
43 242 3965.5153
44 122 753.3531
45 498 35068.5716
46 549 50303.3224
47 548 24566.2491
48 366 479.3928
49 164 2947.2119
50 494 30162.2165
51 462 46744.7107
52 144 4941.7026
53 271 1175.1238
54 176 1640.7801
55 103 334.3912
56 79 873.5724
57 324 21424.7960
58 102 2022.0157
59 142 874.5161
60 452 20831.5129
61 535 11869.0923
62 102 1806.3357
63 144 827.0413
64 135 2269.0823
65 108 1546.9827
66 509 54611.3620
67 263 15563.2201
68 185 1537.5234
69 42 439.8419
70 580 3252.0239
71 537 23427.7475
72 88 531.3739
73 202 6454.5913
74 72 1107.7918
75 106 1781.2830
76 503 40066.8758
77 60 153.3544
78 186 351.4251
79 474 24587.4408
80 429 43053.6284
81 106 1656.5568
82 24 97.2064
83 514 32897.2151
84 468 7808.8545
85 32 128.0588
86 136 783.4735
87 598 5456.2786
88 65 1044.7828
89 342 13374.3493
90 569 7509.2260
91 63 900.3826
92 107 888.0972
93 86 933.1005
94 552 38034.7570
95 47 494.8473
96 400 19245.5201
97 35 47.6319
98 105 2047.1589
99 172 4228.3636
100 483 50485.7338
<precedence relations>
1,8
2,6
2,9
2,27
2,33
3,7
3,10
3,11
4,10
4,11
4,12
5,10
5,11
5,12
6,13
7,14
8,17
9,18
10,15
10,16
10,19
11,19
12,19
13,23
14,20
15,21
16,22
17,24
18,23
19,23
19,24
19,25
19,26
19,27
20,28
21,29
22,32
23,28
23,29
23,30
23,31
23,32
24,30
25,30
25,33
25,38
26,29
26,31
26,33
26,34
26,53
27,28
27,71
28,37
29,39
30,35
31,36
31,52
32,38
32,39
32,50
33,50
34,64
35,42
36,43
37,44
38,40
38,41
38,62
39,45
39,49
40,46
41,47
42,49
43,48
44,50
45,51
45,52
45,57
46,53
47,54
48,55
49,56
49,57
50,55
50,79
51,55
52,54
52,55
52,62
52,77
53,58
53,59
53,60
53,61
54,64
55,61
55,63
56,62
56,64
56,70
56,77
57,61
57,62
57,64
58,66
59,68
60,69
61,65
61,67
61,76
62,75
62,76
62,88
62,89
62,90
63,70
63,97
63,98
64,71
64,76
65,72
66,75
67,74
68,76
69,77
70,73
70,75
70,100
71,78
71,79
71,83
72,81
73,80
74,83
75,82
77,99
79,88
79,89
79,90
80,87
81,84
82,86
83,85
83,88
83,89
83,90
84,91
85,92
86,93
88,95
90,94
90,96
91,96
92,96
93,96
94,98
95,97
96,99
97,99
98,99
98,100
<end>