<number of tasks>
50
<cycle time>
1000
<order strength>
0.204
<z_alpha>
1.280
<task times>
1 226 8426.3834
2 132 3641.7839
3 117 5.1060
4 25 65.6602
5 317 8370.2327
6 53 140.1552
7 86 992.1133
8 320 14809.8623
9 223 1337.7913
10 107 1606.6284
11 92 576.9433
12 255 4838.7271
13 74 847.8658
14 518 8784.9955
15 219 8683.4900
16 295 13268.7119
17 252 8503.4404
18 303 16625.5316
19 190 364.8220
20 66 662.0520
21 410 35473.2532
22 224 1538.1070
23 72 1140.0887
24 576 19478.9493
25 269 6326.6554
26 57 800.5239
27 157 2728.1481
28 73 66.6511
29 497 18551.7653
30 533 19683.0337
31 60 341.8215
32 262 7618.3107
33 106 998.8361
34 180 1086.7495
35 178 6401.1811
36 441 32453.2838
37 277 19058.4674
38 145 4653.1398
39 276 5194.9327
40 487 44357.6564
41 195 6494.0318
42 270 14292.1740
43 277 11137.7068
44 190 827.4519
45 221 4502.7590
46 90 1835.1702
47 271 14684.8409
48 174 1336.7906
49 112 404.7633
50 544 2526.3159
<precedence relations>
1,41
1,44
2,9
2,13
2,35
3,7
4,10
4,12
5,11
5,14
6,8
7,29
8,16
8,17
9,48
11,20
12,19
13,15
13,21
14,18
14,37
16,24
16,35
16,38
17,46
18,25
19,23
20,22
20,23
20,26
20,27
20,29
21,28
22,31
22,32
23,34
23,44
24,33
24,36
24,43
24,44
25,30
26,35
27,37
30,38
31,39
38,41
38,44
39,40
39,42
39,43
41,47
43,48
44,45
44,46
44,49
44,50
<end>