<number of tasks>
20
<cycle time>
1000
<order strength>
0.526
<z_alpha>
1.280
<task times>
1 444 15567.7195
2 358 11184.6866
3 401 514.1512
4 439 36590.1311
5 473 5294.7608
6 460 45433.9888
7 413 2500.7226
8 579 31763.8206
9 483 39600.0155
10 482 17119.0801
11 432 26156.5093
12 689 22373.8484
13 424 29625.4085
14 563 10678.0438
15 420 12488.1757
16 729 738.2827
17 360 16923.2182
18 430 5369.0532
19 346 23683.9044
20 523 59222.6421
<precedence relations>
1,14
2,5
2,6
3,13
4,7
4,10
5,7
5,8
5,10
6,9
6,10
7,14
8,14
9,13
10,11
10,12
10,13
11,14
12,14
13,15
13,16
14,17
14,18
14,19
14,20
<end>