<number of tasks>
50
<cycle time>
1000
<order strength>
0.202
<z_alpha>
1.645
<task times>
1 470 4244.0756
2 451 9416.7056
3 411 5589.5474
4 481 12164.1324
5 453 10035.6664
6 409 2665.9663
7 363 5010.7667
8 570 9881.7397
9 508 3360.3876
10 662 56.4070
11 562 3279.0374
12 619 1057.0685
13 468 1800.0350
14 514 16488.9044
15 402 1338.8852
16 674 22280.1023
17 485 8040.4933
18 459 4048.3582
19 500 14468.2525
20 429 991.2237
21 573 3522.5836
22 354 6097.2458
23 579 11127.7665
24 488 3039.2425
25 521 14673.9857
26 275 4193.5515
27 475 2222.1295
28 577 5688.7232
29 525 10022.7766
30 535 1924.2443
31 468 293.8894
32 453 2082.3838
33 333 4178.8163
34 497 1906.1785
35 561 18240.0434
36 600 3006.7410
37 446 154.1415
38 269 2095.5692
39 313 1883.5037
40 482 5089.2387
41 463 3933.4465
42 644 13620.0645
43 492 5956.3857
44 380 8793.0800
45 419 9758.4633
46 548 1108.7677
47 362 6403.7775
48 370 7853.3704
49 412 7859.5341
50 684 16297.3288
<precedence relations>
1,16
2,16
3,16
4,11
5,12
6,15
7,9
7,14
8,10
8,13
9,16
10,16
11,18
12,17
13,19
14,23
15,20
15,21
15,22
16,24
16,25
16,26
16,27
16,28
16,32
17,29
18,31
19,30
20,33
23,34
24,37
28,38
29,35
30,36
33,41
35,39
36,43
37,40
37,41
38,42
39,44
40,46
41,45
41,47
44,48
45,50
47,49
<end>