<number of tasks>
50
<cycle time>
1000
<order strength>
0.197
<z_alpha>
1.645
<task times>
1 456 2393.5730
2 555 138.4873
3 376 8553.0372
4 113 429.2877
5 152 36.1658
6 89 392.0454
7 46 77.4845
8 114 154.9698
9 212 1944.8075
10 484 267.8018
11 21 25.5207
12 29 48.9908
13 501 9735.1106
14 246 1570.0601
15 159 849.6622
16 176 378.6003
17 71 309.1008
18 300 1071.9157
19 577 6867.8503
20 449 10870.2936
21 250 946.7142
22 225 60.4694
23 85 143.3338
24 31 30.0178
25 241 766.4962
26 75 249.2977
27 500 11408.7641
28 183 1844.4570
29 95 70.0494
30 238 939.8102
31 261 2322.5318
32 59 130.4751
33 541 10762.2210
34 605 22714.7562
35 173 1796.2253
36 448 9428.2942
37 349 2017.5596
38 51 144.6307
39 254 643.4151
40 567 5918.9434
41 383 4044.0805
42 180 1251.9030
43 177 1571.5339
44 127 748.4674
45 275 4635.6359
46 273 2640.0349
47 469 12406.5973
48 105 338.1512
49 308 4470.9464
50 141 531.4746
<precedence relations>
1,10
1,14
2,40
3,11
3,15
4,7
4,9
5,8
5,12
5,13
7,17
8,16
11,17
11,18
12,19
12,20
12,36
13,30
16,23
16,26
16,27
17,28
17,44
18,21
18,22
18,24
18,25
18,39
19,35
21,44
23,30
23,32
24,50
26,29
26,31
29,34
29,36
29,39
30,35
31,37
32,33
34,40
35,39
35,40
36,41
36,42
37,38
38,43
38,44
38,46
39,46
40,45
40,47
40,49
42,48
42,50
<end>