<number of tasks>
100
<cycle time>
1000
<order strength>
0.596
<z_alpha>
1.280
<task times>
1 499 15758.4337
2 261 83.3905
3 125 3267.2876
4 60 24.9387
5 133 3197.9138
6 144 1611.0820
7 270 8080.0270
8 487 47919.9603
9 111 2071.1459
10 506 32397.2729
11 76 1005.5114
12 528 36893.2870
13 168 3827.2788
14 87 181.6259
15 320 3137.6696
16 279 1272.3354
17 254 14618.8742
18 148 2683.8291
19 496 38678.8475
20 35 61.9332
21 341 26578.6041
22 125 3719.5825
23 492 31632.2367
24 132 856.5322
25 133 1210.0958
26 184 3829.7238
27 311 5055.5471
28 229 2461.6496
29 489 5889.8253
30 200 3463.1804
31 194 3752.5558
32 297 11487.2591
33 176 3070.4256
34 337 13944.4394
35 199 970.6009
36 450 7663.2662
37 199 6817.2915
38 297 494.2319
39 208 2327.1912
40 382 21741.6986
41 551 12072.9339
42 92 870.5433
43 78 646.5128
44 116 1921.1646
45 160 2984.3401
46 27 2.4098
47 71 131.3090
48 197 7401.9983
49 159 1666.1140
50 182 4142.9577
51 74 1343.6336
52 64 693.9288
53 88 568.0397
54 162 5233.4975
55 157 4699.9945
56 202 5380.3062
57 579 731.0677
58 79 32.7369
59 171 5833.0396
60 235 9223.8865
61 25 139.6970
62 41 288.6125
63 32 62.1747
64 148 2238.0267
65 67 546.5137
66 140 2826.6126
67 546 39844.1389
68 373 18188.6179
69 466 10362.6270
70 197 2701.5313
71 73 626.7102
72 47 262.2703
73 123 2743.1942
74 160 5443.7550
75 311 2728.4838
76 105 2082.2098
77 155 5637.0639
78 244 8998.7961
79 61 205.4773
80 53 525.3212
81 331 14977.6046
82 263 16822.5203
83 316 9049.8488
84 233 7245.0115
85 272 5469.2825
86 565 44312.8703
87 107 415.5789
88 486 10791.4104
89 140 4458.5044
90 78 671.4010
91 117 314.8459
92 78 331.9249
93 42 344.1354
94 517 29476.7242
95 368 12424.6411
96 210 3234.6664
97 368 21323.7633
98 55 437.0413
99 34 167.6454
100 79 1041.9868
<precedence relations>
1,40
2,54
3,54
4,54
5,26
6,26
7,8
7,9
7,10
8,76
9,11
9,13
9,16
9,22
10,11
10,12
10,14
10,15
10,17
10,18
11,78
12,40
13,40
14,26
15,26
16,26
17,26
18,19
18,20
18,21
18,22
18,23
18,24
18,25
19,78
20,78
21,54
22,26
23,26
24,56
24,65
24,71
25,27
25,38
26,28
26,29
26,30
26,31
26,32
26,33
26,35
27,28
27,34
27,42
27,43
28,40
29,36
29,37
30,36
30,42
31,36
32,38
32,43
33,36
34,76
35,42
35,51
35,52
35,56
36,40
37,42
37,43
38,39
38,41
38,42
39,78
40,44
40,45
40,46
40,47
40,48
40,49
40,50
40,51
40,52
41,76
42,53
43,51
45,55
45,75
46,77
46,78
47,56
47,71
49,55
49,57
50,57
50,68
51,54
52,69
53,54
53,55
53,57
54,58
54,59
54,60
54,61
54,62
54,63
54,64
55,65
55,72
56,77
56,100
57,66
57,88
58,66
58,68
59,78
60,76
61,66
61,72
62,69
63,67
63,78
64,74
64,75
65,66
66,78
67,76
68,76
69,70
69,71
69,72
69,73
70,78
71,76
72,76
73,74
73,75
73,77
74,78
75,78
76,79
76,80
76,81
76,82
76,83
76,84
76,85
76,86
76,87
76,100
77,88
78,89
78,90
78,91
78,92
78,93
78,94
78,95
78,96
78,97
78,98
80,99
81,99
88,99
90,100
95,100
97,99
<end>