<number of tasks>
20
<cycle time>
1000
<order strength>
0.516
<z_alpha>
1.645
<task times>
1 104 1.4350
2 41 24.3257
3 159 1100.2082
4 151 1153.0070
5 308 777.7028
6 468 7046.9142
7 88 327.4323
8 139 42.3565
9 244 1597.5987
10 191 1358.8986
11 124 132.7822
12 276 1536.1843
13 543 13759.9264
14 179 1278.6613
15 494 9764.8342
16 107 389.3075
17 520 7548.9433
18 188 225.8805
19 255 2838.9930
20 222 323.9003
<precedence relations>
1,2
1,3
1,4
2,6
3,5
3,7
3,8
4,7
4,8
5,9
6,10
7,11
7,12
8,10
8,11
8,12
9,14
10,13
10,15
10,16
10,17
11,16
11,17
12,16
13,18
14,20
15,19
17,20
<end>