<number of tasks>
20
<cycle time>
1000
<order strength>
0.532
<z_alpha>
1.280
<task times>
1 132 40.5134
2 245 1954.1622
3 126 238.0427
4 238 3293.8059
5 79 176.4006
6 208 408.3537
7 96 86.5383
8 242 495.0163
9 208 2618.9399
10 52 24.0173
11 118 314.4308
12 347 4786.1150
13 60 129.6983
14 120 11.9469
15 51 143.8264
16 81 200.9616
17 93 206.5162
18 135 1040.0181
19 91 76.6959
20 88 113.7431
<precedence relations>
1,9
2,9
3,6
4,5
4,7
4,8
5,9
6,9
7,10
7,19
7,20
8,10
9,11
9,12
9,13
9,14
10,15
10,18
11,16
11,17
13,16
15,17
16,18
16,19
16,20
<end>