<number of tasks>
20
<cycle time>
1000
<order strength>
0.295
<z_alpha>
1.645
<task times>
1 161 301.7203
2 152 274.7407
3 139 415.3799
4 186 1540.5555
5 133 473.5418
6 265 3215.8375
7 170 0.0212
8 80 383.8335
9 227 2916.4436
10 227 1393.6043
11 34 71.3995
12 145 897.0157
13 58 164.1653
14 188 2199.0087
15 84 414.0672
16 72 101.0858
17 137 507.2820
18 162 603.7457
19 232 140.9143
20 129 122.4804
<precedence relations>
1,13
4,6
4,7
6,13
7,8
7,9
7,10
7,11
7,12
8,13
9,13
10,15
11,14
13,16
13,17
13,18
13,19
15,20
<end>