<number of tasks>
100
<cycle time>
1000
<order strength>
0.605
<z_alpha>
1.960
<task times>
1 209 6991.3987
2 138 3537.6347
3 168 5320.1805
4 71 130.8067
5 120 965.6343
6 144 2739.7404
7 129 1763.5600
8 274 5550.8363
9 102 823.1840
10 162 2613.1021
11 114 610.4930
12 134 531.6133
13 90 1958.1243
14 114 493.9892
15 174 2999.7085
16 35 191.0567
17 285 10184.1897
18 128 2587.2056
19 113 22.7731
20 161 1502.7297
21 168 99.3360
22 101 6.9578
23 29 71.6594
24 184 4175.5221
25 175 24.4026
26 154 5363.0934
27 46 263.8356
28 172 121.0338
29 70 295.8554
30 173 915.4670
31 175 740.0562
32 71 45.7949
33 36 166.6724
34 139 2034.3995
35 105 2631.9855
36 39 313.0067
37 224 4956.0183
38 176 2897.4529
39 228 4131.8003
40 151 567.2785
41 290 12081.7933
42 68 335.1240
43 135 3912.0647
44 64 873.4023
45 103 367.6042
46 234 5474.4991
47 223 10028.8576
48 189 2233.2877
49 151 162.6030
50 79 1508.2546
51 210 1933.7702
52 127 3643.8197
53 268 5923.9247
54 141 1038.0091
55 109 468.5561
56 40 155.4331
57 241 14284.3100
58 35 213.3769
59 107 657.3362
60 90 535.2882
61 65 414.7401
62 63 980.5816
63 101 1651.9540
64 174 3719.5704
65 230 9668.7045
66 88 432.4726
67 29 201.6782
68 196 4059.7864
69 165 6224.2519
70 216 2530.9550
71 205 3287.1296
72 68 871.9387
73 197 7218.9736
74 220 6660.2140
75 38 27.0368
76 224 2599.3900
77 204 2450.9951
78 116 3202.5752
79 109 2805.2196
80 50 566.9969
81 185 2518.5648
82 146 5013.3161
83 98 181.7773
84 121 839.9495
85 171 6964.3972
86 139 3280.8326
87 90 383.6275
88 243 2737.3869
89 65 794.9955
90 154 4125.0872
91 194 5146.5607
92 116 924.9858
93 161 894.6177
94 140 1550.6241
95 85 780.1921
96 193 8170.8908
97 50 444.2118
98 91 483.5972
99 36 319.8640
100 64 554.9870
<precedence relations>
1,5
1,6
2,8
2,14
2,15
3,7
3,8
4,6
4,8
5,11
6,9
6,12
6,13
6,14
6,15
7,10
7,12
7,13
7,14
7,15
8,12
8,13
9,18
10,19
11,16
12,17
12,20
12,21
12,30
13,22
13,54
13,62
13,63
13,79
14,21
14,22
14,23
15,22
15,23
15,40
16,24
17,25
18,26
19,29
20,27
21,28
21,29
21,38
22,58
22,68
23,28
23,30
24,31
25,33
26,34
27,35
28,32
28,36
28,37
28,39
29,40
30,36
30,38
31,41
32,42
33,43
34,43
35,44
36,45
36,52
37,43
37,44
38,52
39,43
40,43
41,46
42,47
43,47
43,48
43,49
44,49
44,79
45,54
45,61
45,62
45,68
46,50
47,51
47,52
48,60
48,68
48,73
49,54
49,58
49,62
49,68
50,54
51,53
52,54
52,55
52,56
52,57
52,58
53,59
54,60
54,72
55,60
55,63
55,73
56,62
56,66
56,72
56,73
57,60
57,67
57,68
57,79
58,61
59,64
60,65
60,66
60,89
61,67
62,74
62,75
63,68
64,69
65,70
66,71
66,75
66,87
67,72
67,73
67,74
68,74
68,95
69,79
70,77
71,78
72,76
72,82
72,99
72,100
73,80
74,81
76,83
77,84
78,85
79,87
80,86
80,87
80,89
81,88
81,89
82,89
82,95
83,90
84,94
85,95
86,91
87,92
88,93
90,96
91,99
92,97
93,98
94,100
<end>