<number of tasks>
100
<cycle time>
1000
<order strength>
0.596
<z_alpha>
1.645
<task times>
1 268 5789.8607
2 75 1270.8834
3 93 1679.4270
4 48 441.8927
5 472 55006.1188
6 28 60.7338
7 450 27664.2170
8 128 473.5851
9 326 21411.2707
10 489 26356.7951
11 145 556.2213
12 41 291.2957
13 139 2228.4573
14 298 3996.3470
15 548 29766.7932
16 241 3983.3765
17 129 1894.3023
18 29 174.7266
19 246 11729.1284
20 257 4085.1908
21 195 6101.2481
22 33 233.7282
23 37 163.4367
24 274 10764.2508
25 243 2114.4807
26 175 6215.8636
27 253 192.8817
28 244 2150.1857
29 76 802.1690
30 123 2641.9039
31 151 5229.3153
32 216 7175.7761
33 542 25867.4145
34 535 23943.5988
35 67 56.3249
36 286 4413.9175
37 107 1599.8781
38 65 976.9947
39 468 21255.2809
40 444 13679.5691
41 126 2179.9282
42 50 440.3317
43 143 4443.1244
44 450 44901.4603
45 275 13725.6063
46 125 2012.4185
47 143 1647.2540
48 215 2741.8792
49 85 297.3200
50 45 477.2461
51 204 5434.9157
52 488 17747.6050
53 113 966.5808
54 66 631.6443
55 74 488.8026
56 160 3515.4506
57 101 910.2529
58 258 5148.9725
59 173 5348.0807
60 216 4186.7279
61 487 6573.6580
62 98 2125.5398
63 159 2461.7748
64 266 6572.8632
65 319 15541.4536
66 200 4949.0775
67 470 50835.4573
68 232 13455.3203
69 124 1336.1890
70 157 3449.0017
71 117 589.2203
72 100 917.5951
73 98 970.7492
74 138 2080.2918
75 218 10072.2107
76 37 271.4135
77 205 3486.0602
78 115 90.8537
79 41 158.6794
80 234 4145.5813
81 54 169.4331
82 29 170.2845
83 358 6231.6173
84 64 64.3324
85 285 12492.3616
86 174 2582.3767
87 110 2821.7190
88 52 566.5745
89 571 44743.3883
90 42 266.6743
91 438 6719.9401
92 31 5.3588
93 223 6917.0350
94 179 885.9416
95 114 2616.9416
96 220 3445.8284
97 99 2314.2625
98 160 5318.3701
99 167 3027.6186
100 156 3444.6541
<precedence relations>
1,36
2,7
2,8
2,9
3,8
4,22
4,35
5,9
5,11
5,15
6,7
6,8
6,10
7,17
7,45
8,14
9,16
9,48
9,59
9,64
10,12
10,13
10,14
10,15
11,12
11,13
11,45
12,24
13,18
13,22
14,21
14,55
15,20
15,27
16,55
16,69
17,19
17,43
18,23
18,24
18,29
19,27
19,40
19,41
20,23
20,24
21,25
21,28
22,23
22,26
22,36
23,30
24,33
24,36
24,53
25,34
25,37
26,38
26,53
27,31
27,44
28,30
28,35
29,32
29,36
29,55
30,39
30,48
31,39
31,48
32,39
32,41
33,40
33,43
33,44
34,42
34,45
34,46
35,46
36,40
36,57
37,69
38,43
39,47
39,53
40,48
40,49
40,72
40,82
41,67
41,82
41,83
42,47
42,48
43,47
43,48
43,51
44,51
45,57
46,50
46,70
47,52
47,54
47,57
47,58
48,56
49,64
49,65
49,67
50,52
50,53
50,54
50,79
50,94
51,55
51,57
51,72
52,59
52,77
52,97
53,61
53,78
54,61
54,85
54,92
55,82
55,95
56,62
56,63
57,60
59,65
59,66
59,68
60,64
60,69
61,68
62,67
62,70
62,71
62,80
62,97
63,67
63,68
65,92
65,93
66,72
66,90
67,87
68,95
68,96
69,73
70,74
72,92
73,74
73,75
73,76
73,77
73,78
74,81
75,79
75,80
75,81
75,82
76,79
76,80
77,80
79,83
81,85
81,88
82,84
82,86
82,87
82,89
83,90
83,96
85,96
87,91
87,93
88,90
88,92
88,95
89,94
91,98
94,97
96,99
96,100
<end>