<number of tasks>
1000
<cycle time>
1000
<order strength>
0.197
<z_alpha>
1.280
<task times>
1 446 36194.6326
2 435 26808.4337
3 248 9494.8331
4 637 24744.2992
5 408 27855.7129
6 413 34073.3256
7 404 28601.8351
8 604 9561.7183
9 940 558.9869
10 455 30776.5019
11 554 45576.4284
12 522 19056.4505
13 685 20461.8075
14 511 58467.6025
15 668 20705.7389
16 798 9830.0598
17 407 10374.8048
18 484 7534.5705
19 367 22091.6055
20 616 28615.0366
21 450 30701.8790
22 643 5207.4043
23 516 47126.2766
24 345 11117.6299
25 491 23456.5293
26 368 27518.1008
27 411 11353.2371
28 373 8242.5007
29 525 36034.0379
30 529 3533.7877
31 673 25043.2083
32 436 21425.3562
33 401 462.6265
34 415 33816.0126
35 287 18091.1645
36 616 8916.0814
37 663 25390.6293
38 496 55464.5191
39 418 4745.2155
40 256 13961.6914
41 389 2542.0411
42 742 10832.0159
43 304 8179.5610
44 251 11716.4577
45 462 4929.3200
46 463 43909.7333
47 500 50386.3126
48 470 14634.0702
49 308 12736.3259
50 374 26072.9688
51 628 12144.3180
52 716 17191.9096
53 475 9778.8191
54 558 33712.5256
55 361 13136.1173
56 633 8759.1482
57 622 525.0119
58 358 29480.6768
59 602 27961.8772
60 653 16604.9559
61 774 8203.4121
62 586 1796.6735
63 441 16934.7827
64 508 10925.8106
65 333 6536.0780
66 441 7057.4884
67 371 6660.2651
68 586 25884.5028
69 432 31647.1093
70 457 21722.4602
71 371 22371.8355
72 330 20021.4350
73 428 4682.3765
74 799 9056.1992
75 554 29401.1591
76 574 19915.5802
77 482 22225.3679
78 440 31870.2506
79 524 28855.1427
80 494 31495.9024
81 771 11902.2598
82 489 42179.7451
83 610 35011.0677
84 406 13555.0987
85 483 57742.1438
86 651 284.5526
87 590 30149.5491
88 411 35594.3979
89 584 28037.0163
90 407 18441.5661
91 777 9896.7273
92 513 41400.1435
93 403 19639.4246
94 532 7195.9209
95 436 28266.4929
96 413 38720.3705
97 493 22309.8002
98 490 2500.2903
99 401 7414.7786
100 657 9417.1517
101 673 25680.0917
102 518 8864.9404
103 662 10370.7597
104 411 12857.1117
105 620 37363.1875
106 457 24770.3826
107 333 26845.7185
108 634 26140.8135
109 223 3740.1743
110 500 48015.1053
111 426 17267.4562
112 613 24066.5988
113 539 51733.3717
114 451 33989.7538
115 571 2528.8067
116 362 24477.0674
117 493 27924.9512
118 486 23015.9649
119 565 49221.5019
120 456 17352.9263
121 458 52375.2224
122 343 15174.6837
123 633 6886.8616
124 536 53372.9398
125 375 28149.0255
126 441 6747.7498
127 476 12.2923
128 549 42499.8610
129 395 19713.7436
130 464 19273.6953
131 404 31502.0092
132 457 7341.2635
133 423 43373.9989
134 487 44125.6089
135 584 19789.2904
136 572 2055.8909
137 487 34384.5799
138 368 3974.7037
139 630 10358.8579
140 456 24283.3425
141 191 6137.3538
142 650 18629.7202
143 446 2190.4703
144 571 45183.4067
145 482 35636.0121
146 501 48918.6283
147 681 17517.9004
148 375 11473.3062
149 444 38345.1691
150 274 6175.4433
151 229 4117.1329
152 406 33088.0211
153 719 4261.8702
154 407 9212.5121
155 403 29737.6260
156 364 16747.9148
157 494 60118.1830
158 469 39922.0150
159 548 24355.9169
160 598 33897.2024
161 386 18875.2576
162 636 17660.7459
163 507 49892.8471
164 716 13553.4145
165 387 34120.1857
166 654 25518.5499
167 633 10286.2336
168 394 29897.3067
169 519 10217.9090
170 507 61136.0924
171 592 9573.0711
172 391 5792.7121
173 488 28316.5638
174 605 12776.8962
175 495 54308.6392
176 484 54316.1648
177 411 13336.9840
178 440 25301.2976
179 504 38660.5143
180 527 24648.1983
181 525 36282.0630
182 434 12576.9249
183 546 27303.4940
184 656 14973.3929
185 585 16513.5827
186 460 44575.7814
187 554 15485.6185
188 706 13676.9155
189 511 44384.6863
190 726 14755.4160
191 520 9286.1811
192 578 17802.7345
193 664 17680.0094
194 496 27561.5107
195 678 23393.1792
196 703 17434.7230
197 506 43375.1677
198 464 43438.6024
199 891 2819.1007
200 397 13253.7212
201 579 29114.2737
202 650 6661.1688
203 407 902.1564
204 544 36476.1389
205 481 33057.4014
206 296 17098.1863
207 441 3129.3041
208 667 22675.5502
209 414 36392.5859
210 460 33230.6567
211 583 24848.2156
212 581 32186.8749
213 335 25201.3662
214 786 11000.0958
215 281 199.8187
216 534 32937.3722
217 333 7373.1495
218 458 49708.9068
219 446 45138.1551
220 486 40423.1525
221 391 2634.8606
222 444 30245.9507
223 707 1721.8356
224 636 11457.3165
225 574 3339.8375
226 557 24607.4305
227 552 21626.7714
228 230 1339.3702
229 369 9998.0722
230 427 36169.1905
231 587 16745.4319
232 580 513.6594
233 410 812.8108
234 354 10479.0217
235 544 1600.8276
236 591 17033.3117
237 565 26631.6051
238 473 29543.1402
239 492 29436.8309
240 559 5730.2702
241 517 2771.4747
242 523 32891.1062
243 488 56070.6392
244 524 52530.7401
245 501 21413.1357
246 472 43531.9154
247 597 11156.4041
248 546 24534.8826
249 548 23068.4835
250 439 34163.7613
251 383 44.0783
252 653 29074.1502
253 595 26031.3380
254 401 6889.1043
255 608 39658.4223
256 301 10050.6469
257 503 14200.7074
258 424 40185.8740
259 603 480.3260
260 577 17115.7493
261 533 38433.2103
262 581 7577.8030
263 776 11798.9304
264 481 29456.0879
265 472 2075.0476
266 343 21096.9579
267 449 50108.4072
268 491 20781.3348
269 531 46037.7412
270 455 20034.7200
271 414 27672.8004
272 643 33057.7386
273 632 5539.6648
274 386 7680.3702
275 327 6430.4038
276 655 17842.3525
277 380 10024.6772
278 443 26395.4694
279 511 51902.3324
280 632 3486.7651
281 509 44214.4314
282 361 15546.8974
283 410 10742.6999
284 551 1264.6159
285 587 37287.9145
286 708 21132.4878
287 529 4491.2865
288 211 5055.8964
289 465 19722.4111
290 491 45919.7247
291 665 14572.2374
292 678 5840.8134
293 559 22150.0908
294 390 36245.8559
295 500 50160.7374
296 365 6355.7985
297 410 34528.4393
298 466 33441.2214
299 665 18022.9281
300 548 29193.8296
301 660 9133.4233
302 340 15206.5850
303 525 8485.9367
304 531 31710.9677
305 438 28732.5840
306 490 2834.0920
307 574 34794.2516
308 473 313.9567
309 530 11926.9208
310 491 3941.1449
311 386 25924.3628
312 547 45374.8145
313 306 928.7938
314 534 26107.5589
315 491 917.2283
316 387 28922.3791
317 494 29144.2564
318 265 13416.7261
319 401 11779.7552
320 599 4143.6617
321 484 56835.2494
322 280 12348.4062
323 512 995.9733
324 460 849.6861
325 552 42218.3143
326 350 17473.2005
327 598 25629.1505
328 531 21460.8012
329 669 114.2012
330 532 31977.3430
331 530 26375.9789
332 149 858.2980
333 517 3296.2812
334 540 53912.1116
335 625 33629.7075
336 523 54859.0729
337 724 8094.6912
338 476 22993.1310
339 658 23144.1671
340 630 7668.0429
341 472 27427.4890
342 517 12840.0743
343 633 12826.3052
344 628 14497.5987
345 508 47978.4568
346 609 36865.0214
347 482 28971.3000
348 517 19266.5873
349 544 5270.4336
350 625 26441.2805
351 336 19348.5242
352 488 36093.8087
353 303 6993.1291
354 454 35946.6618
355 381 9007.3033
356 626 20320.6078
357 389 17265.2022
358 483 12216.3025
359 553 46036.4605
360 677 6471.1355
361 275 3006.9587
362 694 13344.5842
363 552 36195.4170
364 479 55753.7567
365 444 23343.9993
366 415 12966.8316
367 545 35508.7286
368 671 9278.9857
369 504 62733.6286
370 586 35154.8891
371 374 22624.6862
372 537 35602.3850
373 436 6230.2395
374 388 12521.0726
375 556 17306.8067
376 452 48371.0906
377 398 14369.3428
378 386 36436.7620
379 515 43220.5564
380 364 7658.7760
381 616 9549.0306
382 469 15287.3713
383 615 29602.7829
384 538 28108.8156
385 531 39226.7965
386 347 16295.8029
387 535 2403.2718
388 716 4811.4335
389 485 54272.7438
390 537 48647.7292
391 285 18140.8498
392 324 21961.5101
393 440 25947.7786
394 402 12967.9214
395 436 47313.5207
396 547 26541.3883
397 500 47998.0097
398 287 16264.5307
399 481 52793.5773
400 784 10606.0033
401 649 21235.3433
402 456 40203.3953
403 519 16414.0712
404 406 38330.1763
405 318 16261.8482
406 493 22630.8658
407 535 54428.5706
408 430 7869.0770
409 547 23504.6775
410 429 3013.4227
411 493 30397.1014
412 404 34009.1872
413 556 44565.9694
414 439 11708.9381
415 562 20356.0683
416 264 8585.8095
417 361 10369.0200
418 584 12705.5752
419 275 16832.9779
420 710 17870.6916
421 487 55789.1647
422 551 9471.8330
423 631 16088.0107
424 495 9915.4085
425 535 55950.5712
426 433 31937.2765
427 309 23307.2035
428 622 2749.9205
429 376 31722.2557
430 403 32217.8896
431 534 6515.0270
432 372 25025.5173
433 690 12232.4366
434 501 59473.3595
435 690 6000.5023
436 409 9098.1566
437 417 19690.3011
438 550 1625.0219
439 366 13294.6650
440 693 22338.9671
441 563 1204.6834
442 490 16769.2705
443 557 26385.4378
444 456 11325.3556
445 316 4733.3259
446 459 30876.7263
447 535 30320.6752
448 405 25212.4366
449 824 903.7866
450 532 51902.1922
451 380 33785.2924
452 273 790.7150
453 745 11455.4963
454 611 23154.6685
455 438 16632.5377
456 584 41228.0489
457 490 1261.9237
458 373 23916.2231
459 457 30290.1673
460 354 26353.2110
461 632 2239.4146
462 364 6242.3383
463 430 46125.5411
464 398 32835.3086
465 523 26961.8348
466 522 28296.2083
467 458 40017.5864
468 395 754.9826
469 650 16203.1308
470 545 7032.3949
471 554 1535.4654
472 235 8080.8384
473 476 16757.3970
474 516 9639.0554
475 695 13514.9946
476 415 3000.5402
477 260 6792.9042
478 449 16196.9949
479 337 8264.4769
480 395 11342.2712
481 502 44683.8133
482 543 50214.2197
483 609 25459.5132
484 251 7768.0878
485 448 3353.9467
486 483 40419.2020
487 339 2918.3369
488 582 30050.0669
489 678 12796.3225
490 555 625.4597
491 629 34551.3906
492 540 45302.5083
493 418 10995.8456
494 378 20425.9394
495 400 30282.3061
496 489 28134.4854
497 677 20594.2437
498 469 15543.4711
499 340 28679.3079
500 629 6492.9355
501 636 33633.3097
502 721 7194.3991
503 259 13535.7705
504 515 14039.5737
505 560 3976.8821
506 433 25711.3042
507 605 16192.6338
508 325 15687.8812
509 266 5974.5984
510 448 22587.5827
511 393 28586.9854
512 603 3333.2550
513 649 16500.1589
514 608 14209.3485
515 365 10034.4674
516 357 2281.2849
517 492 41183.8297
518 555 23296.9594
519 656 780.9989
520 501 59022.3179
521 562 4173.9098
522 688 4121.1190
523 357 3307.0404
524 658 13099.9722
525 644 16239.9097
526 452 47031.4720
527 536 8913.0849
528 499 54831.4035
529 659 16216.1670
530 563 15450.0757
531 535 12543.5773
532 602 3231.7668
533 528 51344.9791
534 570 46999.8193
535 443 26720.3936
536 421 5105.7156
537 585 25788.6736
538 404 32397.3743
539 617 16970.7285
540 643 20274.2111
541 490 30460.3875
542 463 23695.3550
543 327 12737.5992
544 435 25658.3714
545 687 25117.9656
546 504 12821.6122
547 434 16342.9064
548 594 10530.2617
549 596 14851.7126
550 542 36227.1019
551 398 17798.8549
552 447 48611.0622
553 670 23804.4446
554 482 54619.5250
555 585 14999.6519
556 478 44759.6331
557 432 14881.4609
558 531 33520.0598
559 335 1653.5622
560 547 43820.3181
561 424 39267.2909
562 450 6462.2083
563 545 37375.9555
564 488 19663.2555
565 480 51251.8515
566 367 16399.1141
567 497 7975.3992
568 585 24405.6290
569 388 27750.9231
570 307 3368.5781
571 406 31370.2976
572 621 29530.2577
573 335 3554.4961
574 499 41328.1887
575 492 9864.5108
576 445 42059.1681
577 644 21272.7970
578 687 19468.4765
579 470 52825.8124
580 462 36587.6391
581 558 13173.0091
582 447 46567.7661
583 513 60654.6338
584 614 2447.6576
585 725 18806.0571
586 361 9714.3873
587 516 46667.4865
588 473 13124.2085
589 544 23824.6018
590 538 12489.1775
591 376 8131.9350
592 538 41109.7885
593 522 14354.4181
594 473 46946.0164
595 388 7452.1094
596 520 12524.9477
597 284 10106.0833
598 782 637.2011
599 590 490.4140
600 412 16345.9022
601 662 27255.7523
602 695 7835.4122
603 589 21709.3119
604 641 33257.6566
605 610 24490.8579
606 493 41152.6699
607 635 30335.2573
608 606 35232.0959
609 533 26270.9406
610 583 309.6148
611 416 32453.4656
612 488 41501.9831
613 414 35576.7559
614 479 1781.0026
615 577 14767.4936
616 252 11489.4286
617 537 26993.4272
618 408 23364.4381
619 318 11062.7472
620 385 34004.9738
621 485 28449.5810
622 550 42589.2573
623 444 31544.2568
624 473 8293.8337
625 677 15742.8139
626 323 11455.7605
627 701 1916.7745
628 404 10314.0070
629 496 49663.7612
630 367 31752.0472
631 532 56577.5669
632 553 47446.1919
633 419 15117.2692
634 555 36185.9658
635 577 42961.4509
636 489 35301.2312
637 486 41084.9708
638 482 27351.9947
639 354 3081.6726
640 599 17147.4285
641 622 28731.8658
642 560 10925.1625
643 534 6648.0034
644 651 5796.2940
645 367 21284.9044
646 516 57225.1389
647 429 27603.2320
648 572 11805.5872
649 518 16507.9897
650 247 8884.4295
651 685 23050.3234
652 431 8521.1925
653 424 31721.3965
654 500 29863.0473
655 427 40746.6157
656 424 11454.7920
657 709 2343.4779
658 627 14859.9778
659 494 5535.5856
660 613 32356.1746
661 353 3528.8642
662 487 50762.1812
663 417 25558.8909
664 521 6482.4036
665 429 18208.8262
666 522 14089.5277
667 360 4751.2619
668 482 26267.0815
669 609 9667.1256
670 813 4223.5308
671 370 27025.8699
672 455 22653.5278
673 589 25440.8327
674 391 14423.8334
675 513 42170.6225
676 495 38700.4190
677 606 17279.7676
678 637 29186.0625
679 487 2003.7301
680 550 52014.5178
681 426 43300.5943
682 552 46047.9852
683 418 36140.3867
684 601 29167.6458
685 516 23592.7592
686 551 44446.8408
687 403 20951.1637
688 527 1994.1315
689 591 28195.2113
690 740 23.6682
691 531 31121.0146
692 616 11853.8729
693 492 36494.6925
694 758 3883.1304
695 525 29725.2321
696 448 16811.6293
697 823 4038.1310
698 515 4741.9790
699 553 9129.5824
700 452 32863.3343
701 738 14568.7911
702 466 9521.4701
703 548 6560.8292
704 614 27248.9596
705 468 39937.3675
706 573 29716.2034
707 554 14505.0896
708 413 19830.1448
709 335 17283.1288
710 504 50396.1297
711 582 16879.0644
712 545 13134.0885
713 814 8317.4806
714 416 20596.9766
715 675 2648.2661
716 659 30174.5465
717 330 10634.2649
718 391 30223.7630
719 508 48915.7163
720 370 20696.3184
721 587 37388.1528
722 536 2519.8909
723 262 1243.8919
724 528 56665.6449
725 451 7149.5901
726 616 30054.6951
727 442 34372.5770
728 358 439.3754
729 618 4180.1056
730 350 17245.5007
731 614 20939.2414
732 614 13363.6549
733 742 5307.1610
734 482 49945.5141
735 575 17407.3274
736 552 11688.5776
737 310 7758.4648
738 552 32256.1785
739 676 26749.8924
740 486 48862.3516
741 335 10441.5640
742 380 17156.9827
743 444 7616.5511
744 442 28039.5904
745 381 22267.1861
746 580 37008.3798
747 224 8201.0455
748 476 14478.0293
749 457 29243.1346
750 402 7647.4455
751 376 30414.9457
752 376 33400.5831
753 379 20914.7788
754 483 30008.4399
755 616 19555.8618
756 519 46302.6573
757 784 7005.7180
758 548 41156.9817
759 627 36163.2625
760 451 33489.1477
761 532 16482.3666
762 454 38089.8000
763 464 44113.3057
764 451 20617.2598
765 622 14373.6415
766 732 1441.7406
767 400 15636.6557
768 493 3066.2001
769 282 8908.3113
770 485 16591.7180
771 289 17497.8090
772 375 21816.1560
773 389 25288.7929
774 301 13860.3666
775 571 802.1398
776 466 26283.6389
777 472 2845.5346
778 453 40793.1563
779 678 16061.9053
780 523 52654.1977
781 476 23279.2223
782 425 19829.4318
783 425 44995.8803
784 385 26892.4736
785 501 3875.3109
786 549 28713.0059
787 611 34184.2976
788 527 42266.5209
789 232 3942.9163
790 662 24604.4113
791 654 27391.1387
792 576 5646.9966
793 389 23088.2695
794 472 11623.6236
795 657 11054.9189
796 447 44971.1446
797 491 1850.7428
798 532 7957.2870
799 439 19324.9138
800 830 1413.0207
801 557 5828.9336
802 692 2603.2013
803 415 33841.5156
804 687 14024.8494
805 531 29552.8660
806 245 1584.8062
807 636 13757.6241
808 496 34921.7019
809 525 2805.2809
810 465 3462.7728
811 462 2004.2139
812 588 17683.9467
813 759 9953.9862
814 344 18837.1200
815 507 114.6069
816 539 21925.0161
817 789 7259.9210
818 420 41636.8302
819 518 2521.7195
820 566 21141.3855
821 765 3915.4031
822 576 43531.6378
823 465 49198.9616
824 492 23947.9129
825 552 11300.6038
826 246 7205.9997
827 491 15450.1172
828 595 39657.8718
829 616 36591.9402
830 487 46722.0438
831 438 2472.2667
832 614 37899.7946
833 350 7721.3100
834 363 5284.9120
835 719 20180.8667
836 391 37686.8756
837 589 3242.0116
838 618 37712.7677
839 570 36511.9597
840 561 26347.2633
841 407 33322.7772
842 635 864.9065
843 395 1205.1338
844 539 34010.1052
845 642 29133.3609
846 506 4891.9722
847 521 51019.4797
848 267 4340.5113
849 405 14148.9537
850 384 23786.0828
851 408 12526.1998
852 463 31742.8940
853 714 265.9944
854 533 47187.8804
855 597 28383.5534
856 367 16370.8080
857 551 7139.8620
858 437 38103.7951
859 593 35575.4837
860 552 384.9722
861 764 10866.7806
862 582 9810.3079
863 572 15656.9913
864 422 10939.2629
865 379 32360.3108
866 665 22707.4461
867 462 44963.4506
868 763 10141.1985
869 679 26012.2672
870 521 54687.8238
871 438 40551.1042
872 185 4819.1338
873 523 4980.9751
874 351 18019.2819
875 633 29587.3236
876 535 15711.1460
877 543 51377.5647
878 622 36566.0725
879 375 27560.9301
880 648 6040.6652
881 456 1584.2475
882 609 151.0036
883 402 21445.3880
884 599 7275.4806
885 522 5275.2641
886 315 4233.8711
887 540 3637.4564
888 306 139.6728
889 504 3700.4160
890 405 27054.6143
891 485 18956.3796
892 539 49625.9170
893 510 61312.6901
894 575 6229.3119
895 629 21169.3598
896 291 6245.1327
897 427 1709.3805
898 485 32307.8265
899 476 27466.1700
900 372 28354.7042
901 541 15193.0460
902 480 2396.7583
903 584 42610.6316
904 481 42047.8218
905 415 5651.6875
906 517 6902.7433
907 448 44111.4340
908 636 795.0511
909 312 7594.1220
910 349 20295.2060
911 496 786.2203
912 624 9697.2045
913 444 43412.9225
914 451 29751.8098
915 474 45378.9013
916 474 6178.2035
917 289 15851.7236
918 674 4709.7795
919 557 21853.5859
920 623 29495.1769
921 389 20484.0105
922 336 9559.9201
923 582 268.9094
924 310 14937.6217
925 579 12862.4747
926 424 354.8742
927 625 25662.5091
928 667 24701.8276
929 490 35167.8271
930 670 906.7873
931 648 13125.3632
932 589 1794.4521
933 506 62496.1111
934 200 2746.3197
935 330 339.9882
936 464 42745.3987
937 330 8774.6911
938 443 28740.9162
939 300 11792.4027
940 580 2780.8820
941 410 37565.8472
942 604 9016.4750
943 316 6517.2367
944 609 30375.9412
945 631 8884.0950
946 585 16099.8879
947 200 5676.6628
948 442 23628.7450
949 288 9770.2079
950 406 11245.1804
951 560 23800.4609
952 427 23080.6595
953 669 20197.1164
954 701 4555.4072
955 518 38103.6902
956 529 14931.0049
957 384 17240.5241
958 616 3995.9981
959 393 31863.2082
960 617 14.9519
961 374 27830.2340
962 547 46656.8969
963 464 15950.3239
964 231 5959.1985
965 381 32775.4019
966 689 7056.7752
967 373 29074.4188
968 662 3941.8461
969 627 5166.3026
970 411 403.5151
971 864 4789.8935
972 494 56624.5068
973 482 3889.0050
974 487 56232.6676
975 370 2345.2054
976 661 18614.1333
977 301 16757.2892
978 531 54355.8016
979 579 38255.7063
980 399 14797.2577
981 817 950.8395
982 575 40480.4942
983 377 23148.6743
984 427 44025.9769
985 366 482.0572
986 696 18269.6191
987 507 21460.3619
988 567 26462.4931
989 510 23179.3013
990 597 20247.5822
991 536 38153.5593
992 289 6475.8445
993 599 38472.3265
994 506 48603.3242
995 454 4290.5861
996 383 21453.0199
997 382 16134.9204
998 455 31956.8549
999 631 1134.1563
1000 670 11826.7286
<precedence relations>
1,32
1,36
2,465
2,805
4,972
6,562
8,38
8,572
9,22
10,26
10,31
11,24
12,39
12,283
12,383
13,22
13,23
13,33
13,246
14,27
15,30
15,35
16,353
16,401
17,34
17,399
18,28
18,41
18,449
19,25
19,29
19,522
20,37
20,40
20,237
20,817
22,241
23,49
23,342
24,46
24,78
25,42
25,43
25,442
26,50
27,51
28,58
28,62
29,43
29,309
30,53
30,56
30,59
31,60
32,45
32,54
32,235
33,57
34,52
35,934
36,47
36,874
37,55
37,351
38,48
39,44
39,608
40,61
40,687
41,42
42,67
42,74
43,63
44,66
44,69
46,70
46,76
47,860
47,905
48,78
48,224
49,65
49,977
50,72
50,125
50,638
51,287
52,64
54,73
54,80
54,238
55,285
56,71
56,75
56,77
57,502
58,68
58,79
58,128
58,424
58,921
59,476
60,171
61,67
62,441
62,827
63,87
63,92
63,99
63,100
63,279
64,97
65,90
66,360
67,761
68,82
68,101
70,93
70,173
71,96
71,102
72,775
73,802
74,85
74,98
74,512
74,903
75,84
75,86
75,89
75,135
75,346
76,145
77,88
77,91
77,95
78,81
78,83
79,94
79,671
81,107
81,113
82,972
83,117
85,306
86,630
87,111
88,112
88,115
89,106
91,103
92,110
92,118
93,104
93,108
93,181
94,915
96,109
97,843
98,116
98,437
98,605
100,105
100,114
100,739
101,111
101,191
101,925
102,845
103,124
104,128
104,134
104,138
105,136
105,938
106,121
106,379
107,127
108,133
108,935
110,129
110,135
112,119
112,120
112,126
113,123
113,130
114,958
115,132
115,137
115,166
116,131
117,122
118,125
118,520
119,149
120,139
121,141
121,144
121,148
122,879
122,898
123,154
124,140
124,356
124,434
125,150
125,151
126,662
127,181
128,327
129,146
129,219
130,311
131,153
132,156
133,530
134,143
134,147
134,152
134,157
135,139
135,142
135,155
136,416
136,724
136,914
137,145
139,176
141,202
141,820
142,169
142,965
143,358
144,161
144,162
144,303
145,173
146,167
146,323
146,492
146,554
146,592
147,165
147,168
147,175
148,508
149,159
149,172
150,163
150,177
151,643
152,174
152,797
153,160
153,166
153,171
154,164
155,158
157,170
158,191
159,181
159,186
159,469
160,417
161,188
161,655
163,178
163,190
163,796
163,840
164,193
165,180
167,184
168,192
169,325
169,748
170,185
170,286
171,183
172,194
173,179
173,183
175,187
176,181
176,182
176,189
178,200
179,198
180,214
181,197
181,217
181,961
185,205
185,208
186,204
186,207
186,215
187,210
187,211
187,212
187,310
189,196
190,216
191,209
191,298
192,195
192,202
192,213
192,218
192,236
193,199
193,203
193,206
194,201
194,345
194,357
195,223
195,238
195,241
195,841
196,228
196,740
197,221
197,231
197,232
197,753
198,233
198,287
198,291
200,227
201,239
203,237
203,378
204,226
204,651
205,219
206,225
206,247
206,388
206,527
207,235
207,236
208,247
209,282
209,919
210,702
211,220
212,230
212,272
213,234
213,240
213,517
214,352
214,437
217,410
218,222
218,224
218,229
219,843
220,251
221,924
222,246
224,247
224,248
224,259
225,243
225,573
226,256
227,245
227,261
227,687
228,421
229,257
230,254
230,258
231,916
232,650
233,255
234,250
235,253
235,735
235,985
236,244
237,242
237,252
237,389
237,435
238,835
239,445
239,495
239,672
241,249
241,260
242,273
242,927
243,263
243,710
244,264
246,266
246,270
247,262
247,265
248,277
250,839
251,712
251,846
254,262
254,386
255,272
255,275
256,269
257,267
258,268
258,828
259,271
259,278
259,934
260,279
260,930
261,274
261,276
261,902
264,287
264,297
265,280
265,309
266,290
266,645
267,299
268,293
268,619
269,298
269,351
269,585
270,294
270,300
272,282
272,288
272,289
272,294
272,296
274,291
276,281
276,295
276,301
277,286
277,292
277,933
278,283
278,293
279,284
279,285
279,706
280,311
281,310
281,315
283,308
284,315
284,320
285,319
285,452
285,718
285,857
285,903
286,373
286,559
287,303
287,719
288,307
288,442
289,674
289,885
291,677
292,892
292,940
293,791
294,304
294,305
294,311
294,313
294,316
296,312
296,821
297,309
298,306
298,314
298,995
299,302
299,318
300,317
300,734
301,636
302,338
303,336
304,327
305,326
305,329
305,356
307,328
307,347
308,339
309,333
310,459
310,605
310,654
311,325
311,332
312,335
312,352
312,564
315,323
315,712
316,330
316,331
317,321
318,334
318,337
319,322
319,340
320,324
321,344
321,498
322,353
323,354
324,903
325,343
327,461
327,758
328,358
328,725
330,349
330,350
331,348
331,369
333,346
334,341
334,351
334,352
334,357
334,359
335,342
336,356
336,360
337,784
338,341
338,342
338,347
338,355
339,624
339,853
340,345
341,367
341,927
342,361
342,363
342,603
342,774
344,370
344,561
344,751
346,366
346,513
347,368
349,369
349,747
350,398
350,615
351,439
351,844
352,362
353,374
353,515
354,373
355,364
355,378
355,892
356,377
357,443
358,365
358,371
359,375
360,372
360,376
360,482
361,389
361,642
362,394
362,601
364,384
365,383
366,392
369,386
370,379
371,393
371,706
372,668
374,385
375,381
375,382
376,388
376,391
376,406
376,689
377,380
377,387
377,390
378,644
379,397
379,566
381,491
382,425
384,400
384,460
385,395
385,402
385,460
386,398
386,404
387,395
388,396
388,512
389,405
389,409
390,401
391,399
391,403
391,602
392,644
394,406
394,407
394,408
395,416
395,418
396,820
396,918
397,763
398,411
398,419
399,415
399,422
399,423
399,424
399,426
399,443
399,653
401,412
403,891
405,410
405,413
405,421
405,584
406,414
407,425
407,876
408,420
409,417
410,429
411,436
411,442
411,444
411,445
411,857
412,427
412,443
413,436
414,431
414,434
414,446
415,439
416,428
417,441
418,438
418,833
419,432
419,433
419,435
419,437
421,613
422,991
423,430
424,725
425,440
426,470
426,558
426,724
427,616
428,715
429,451
430,845
432,448
432,449
432,455
433,447
433,637
434,452
434,928
435,463
437,456
437,705
438,450
438,707
439,646
440,459
440,465
441,457
441,460
442,462
442,781
442,797
443,453
443,464
444,461
445,454
446,458
449,465
449,469
449,475
450,689
450,940
451,471
451,478
452,476
452,481
452,536
452,977
453,473
454,474
454,477
456,470
457,472
457,480
459,467
459,482
461,656
462,483
463,466
463,468
463,479
465,499
467,486
467,935
468,484
468,497
469,489
469,491
469,495
471,488
471,493
472,490
472,498
473,485
473,494
474,496
474,818
475,500
481,487
483,492
483,745
484,523
484,685
485,512
486,515
486,725
487,502
488,506
490,516
491,503
491,509
491,513
492,514
493,926
494,504
494,517
494,571
495,508
495,510
496,501
496,609
497,507
497,647
499,505
499,511
499,518
499,532
499,643
500,631
501,880
502,663
503,528
504,522
504,622
505,527
505,535
506,525
507,536
507,923
508,526
508,533
509,521
510,785
511,537
511,599
512,531
513,520
513,534
513,538
515,523
515,532
516,524
516,529
517,519
517,530
519,546
519,663
520,555
521,539
521,548
522,549
523,854
523,993
524,556
525,541
525,551
525,553
527,558
527,861
528,554
529,544
533,552
533,557
533,661
533,694
534,543
534,545
534,550
534,730
536,542
537,540
538,547
540,580
540,596
541,569
541,621
543,578
543,579
544,561
546,563
547,564
547,568
547,573
547,626
547,701
551,570
551,576
552,574
553,749
554,571
554,572
554,575
555,560
555,567
555,577
555,853
556,565
557,559
557,562
558,566
558,896
560,597
560,675
561,580
562,596
563,586
563,588
564,583
564,606
566,592
566,806
567,582
567,590
567,733
568,731
569,595
569,930
570,598
571,591
571,748
572,593
573,599
574,581
574,623
574,916
576,585
576,587
577,589
578,584
578,594
579,889
580,606
580,607
580,680
581,600
581,613
582,613
582,617
583,608
583,609
583,912
586,996
588,615
588,618
589,604
589,694
591,603
591,620
592,611
592,616
592,625
594,610
594,619
596,605
596,614
597,601
597,621
598,612
599,602
599,622
599,918
604,628
605,630
607,634
609,632
611,636
612,635
614,823
615,626
616,891
617,624
618,629
618,631
618,633
618,638
619,623
621,627
621,891
622,625
622,637
623,642
624,645
624,647
626,654
627,640
628,655
628,656
628,679
629,646
629,649
629,652
629,657
630,639
630,938
631,658
631,659
632,651
634,650
634,892
635,644
635,648
635,653
636,768
637,641
637,867
638,643
639,674
640,660
640,667
640,671
641,670
642,677
643,665
644,676
645,672
646,751
648,664
648,669
648,673
649,668
649,989
650,662
650,663
654,900
655,666
657,675
657,919
659,661
659,675
661,682
663,686
664,680
665,685
667,692
668,866
669,926
671,678
671,679
671,684
673,681
673,741
673,773
674,683
674,689
674,690
674,793
674,910
676,687
676,888
677,688
678,697
678,699
678,712
680,694
681,708
682,696
682,704
682,706
683,695
683,698
683,703
684,701
684,705
686,693
686,702
686,707
687,691
687,700
688,692
688,709
691,714
691,720
692,712
694,710
695,852
695,963
697,718
700,719
700,722
701,918
702,716
702,923
703,715
704,717
704,721
704,885
709,711
709,713
710,728
711,736
712,723
712,729
712,737
713,726
713,727
713,731
713,732
717,725
717,730
717,735
719,734
720,733
720,738
720,739
721,724
723,742
723,749
724,754
727,743
727,759
728,744
728,758
730,740
730,753
730,757
730,761
730,794
732,760
733,748
733,762
734,741
735,751
735,755
735,765
736,745
736,746
736,752
736,756
737,750
739,747
740,772
742,767
742,771
743,775
743,776
744,769
744,773
744,777
748,770
749,763
751,778
751,996
753,774
753,780
753,787
757,821
759,764
760,781
761,765
761,766
761,779
761,782
761,835
762,768
763,794
763,795
763,938
765,799
765,891
766,791
766,819
766,989
767,829
767,926
767,985
769,783
769,786
771,875
772,788
772,798
773,792
774,793
775,784
776,785
777,797
779,790
780,800
781,787
781,801
781,983
782,789
782,796
783,808
783,810
783,989
784,815
784,817
786,802
787,816
788,804
788,813
789,819
790,805
791,818
792,806
792,870
793,803
793,807
794,809
795,811
796,820
800,812
801,814
802,824
802,828
802,833
804,826
805,832
806,834
807,823
807,829
808,840
809,839
809,890
810,825
813,821
813,837
813,838
814,841
815,831
817,830
817,835
819,827
820,822
820,836
822,857
823,848
823,856
823,861
827,853
829,851
830,852
830,860
831,844
831,862
832,847
833,849
833,858
834,843
835,842
835,859
836,850
836,855
838,863
841,845
841,846
841,854
842,869
844,882
845,873
845,878
846,870
846,910
848,881
850,872
851,864
852,865
852,868
853,874
854,917
855,876
858,879
858,880
859,871
859,877
861,955
862,866
863,865
863,867
863,875
863,966
864,884
864,896
864,901
866,883
866,893
867,902
867,997
868,897
868,900
870,886
870,887
871,903
872,888
873,891
874,894
874,899
875,889
876,996
878,939
879,885
879,892
880,890
880,895
880,898
882,897
883,919
885,914
885,916
885,918
886,906
888,908
888,917
892,911
894,913
896,907
897,912
898,910
899,904
901,909
903,905
903,915
905,935
906,926
906,930
907,975
908,924
909,923
909,928
910,936
911,929
912,925
914,932
915,937
916,920
916,922
916,927
916,933
917,921
917,931
919,934
921,946
922,944
926,951
928,940
928,950
929,939
930,938
930,942
930,943
932,941
932,945
932,948
936,952
937,947
937,949
937,953
940,993
941,958
942,956
943,964
946,958
946,959
946,962
947,954
948,955
948,960
949,961
950,963
951,957
954,968
955,973
956,971
956,975
957,974
959,965
961,966
961,970
961,972
962,967
962,976
962,977
963,969
963,978
965,990
965,998
967,980
967,986
968,981
968,982
969,983
969,984
970,993
970,1000
971,987
972,979
972,985
972,989
972,996
972,997
973,995
974,988
974,991
975,992
975,994
975,999
<end>