<number of tasks>
100
<cycle time>
1000
<order strength>
0.605
<z_alpha>
1.645
<task times>
1 502 2724.3747
2 308 5532.9166
3 407 7092.8650
4 558 17893.3210
5 403 256.5715
6 481 8559.2391
7 354 5167.5454
8 568 293.1563
9 523 2338.2702
10 521 5295.3348
11 593 17733.0552
12 502 4222.0476
13 496 12403.4894
14 522 814.6271
15 306 4278.5619
16 619 18872.1830
17 423 10460.1656
18 425 10790.2556
19 397 5281.4628
20 433 1438.6344
21 672 18870.2214
22 431 8741.4876
23 712 17027.0424
24 397 4142.6704
25 584 20894.0333
26 784 8699.9431
27 431 183.9093
28 349 7248.4964
29 404 7128.9557
30 461 5269.3370
31 699 3120.2878
32 463 13038.8909
33 510 12127.2516
34 419 2360.9656
35 440 4339.8715
36 588 7654.1916
37 713 5811.1522
38 620 21030.2992
39 341 1080.8870
40 534 15526.5932
41 716 221.6565
42 472 10773.8082
43 549 16334.2938
44 519 1363.3723
45 534 8179.0746
46 468 6344.7969
47 511 13957.6774
48 622 12628.2892
49 599 4337.8845
50 653 21450.5546
51 464 9595.4265
52 676 14003.4505
53 385 3430.4950
54 509 13172.3059
55 351 6963.7110
56 452 10733.0293
57 553 8340.1293
58 434 7316.7574
59 532 13458.6830
60 517 840.6708
61 340 6454.9915
62 473 4787.4660
63 414 1358.4600
64 328 92.4657
65 472 6143.4217
66 467 4889.4316
67 391 3948.1167
68 491 10271.5984
69 547 14157.8512
70 631 19816.8574
71 667 16630.4018
72 560 1166.0020
73 575 8220.3314
74 793 2216.5829
75 326 5149.0181
76 603 9919.6445
77 559 4322.7479
78 502 10277.2698
79 612 21697.4202
80 442 3546.5200
81 320 4535.3176
82 505 1719.6315
83 342 1440.7367
84 432 4619.2052
85 452 7090.0067
86 689 19158.9384
87 602 19031.1745
88 757 11149.9712
89 546 1271.2935
90 408 1910.7961
91 543 927.9071
92 641 21465.1250
93 498 4981.2029
94 500 3753.9089
95 565 12262.5874
96 434 9001.8140
97 555 7494.1622
98 452 12467.5462
99 615 10017.2725
100 260 3379.1053
<precedence relations>
1,5
1,7
1,15
2,4
2,5
2,6
2,8
2,9
2,10
3,14
4,11
4,12
4,15
5,12
6,12
6,13
7,12
7,13
8,14
8,27
9,12
9,13
10,14
10,27
11,16
12,17
12,18
12,19
12,28
13,28
13,29
14,26
14,28
14,29
15,20
16,25
17,21
18,24
19,22
19,23
19,25
19,26
19,27
19,29
20,26
20,27
20,28
21,30
22,31
23,32
24,34
25,46
25,47
26,33
26,34
26,35
27,33
27,34
27,41
27,42
28,33
28,34
28,35
29,33
29,38
30,37
31,38
32,38
33,36
33,39
33,46
33,52
34,38
34,39
34,40
35,41
35,42
36,43
37,44
38,44
38,45
38,46
38,47
39,82
40,45
41,45
41,52
42,71
43,48
44,89
45,49
45,56
46,50
46,51
46,64
47,50
47,51
47,52
48,54
49,55
50,53
50,56
51,56
52,57
53,59
54,63
55,60
56,58
56,61
56,62
56,65
57,61
57,63
57,64
57,65
58,66
59,67
60,70
61,68
61,71
61,72
62,69
62,95
63,71
64,71
64,72
64,73
64,88
65,71
65,73
65,74
66,75
67,76
68,79
69,81
70,80
71,77
71,82
72,78
74,93
74,95
75,83
76,88
77,84
78,85
79,86
80,87
81,88
82,89
82,95
83,90
84,91
85,93
86,93
87,92
88,93
89,93
89,100
90,95
91,94
92,95
93,96
94,97
95,97
95,100
96,98
96,99
<end>