<number of tasks>
20
<cycle time>
1000
<order strength>
0.221
<z_alpha>
1.960
<task times>
1 73 73.0479
2 307 8722.2266
3 155 3574.9028
4 238 9583.7471
5 168 488.3065
6 38 303.3522
7 135 4208.6183
8 64 827.5793
9 195 2193.8652
10 28 124.5977
11 125 743.1564
12 284 6340.8992
13 72 268.0180
14 48 561.4485
15 160 1175.6179
16 67 243.4967
17 233 12919.9838
18 52 94.9933
19 130 1364.2601
20 209 7474.2912
<precedence relations>
1,6
1,7
1,8
3,5
5,9
5,10
8,11
9,12
10,13
11,14
11,15
11,16
11,17
12,18
13,18
14,19
15,20
<end>