<number of tasks>
100
<cycle time>
1000
<order strength>
0.197
<z_alpha>
1.645
<task times>
1 284 13079.5420
2 452 18205.2643
3 606 12984.0779
4 586 15865.5411
5 573 19882.1903
6 562 14590.0456
7 388 33422.8661
8 342 22205.1898
9 539 5288.7514
10 448 4111.5381
11 474 28901.3799
12 503 48387.3735
13 579 28069.3635
14 461 23199.3292
15 673 6532.9865
16 715 15967.7256
17 541 12249.4299
18 472 3508.8682
19 647 4035.1269
20 392 27455.9195
21 525 40721.0199
22 694 18144.3408
23 547 48833.8118
24 497 49121.6546
25 622 6276.8468
26 345 8147.0937
27 494 56445.2873
28 696 6940.5650
29 517 16706.3243
30 532 48756.0067
31 405 14823.0043
32 536 40084.5756
33 593 41007.9665
34 448 14990.0127
35 498 40497.8862
36 651 8452.6946
37 701 22723.3753
38 461 1361.6067
39 688 10597.7785
40 489 19641.4573
41 517 40427.3857
42 722 12962.3939
43 443 3638.7256
44 577 42079.1910
45 506 48658.9725
46 436 18725.4469
47 549 6693.0828
48 492 54438.2790
49 477 47088.8171
50 317 4030.9838
51 515 3515.3594
52 479 43392.0377
53 362 2408.2023
54 727 2120.5202
55 135 4411.4557
56 534 14883.8389
57 476 27996.4435
58 353 21500.4066
59 525 43935.5666
60 540 3601.5052
61 509 14657.8116
62 461 39207.5583
63 384 22568.0981
64 332 25543.2454
65 458 18607.7120
66 217 1699.9866
67 438 13339.5845
68 626 21901.8224
69 425 24214.9531
70 330 18502.3485
71 332 17686.4698
72 627 14803.7583
73 567 23846.6986
74 333 15945.5257
75 464 37379.5141
76 360 23841.9625
77 710 8216.5035
78 520 3808.3959
79 663 28620.7552
80 488 21830.2491
81 598 6765.8453
82 346 13206.1283
83 531 2608.8522
84 396 9114.1835
85 453 31754.4681
86 522 42452.5446
87 507 46706.4251
88 425 11471.3129
89 638 17256.1223
90 347 18179.6221
91 487 11893.3598
92 441 16615.7082
93 462 38922.5629
94 562 43770.4390
95 342 11197.7543
96 628 3057.5855
97 761 3570.7130
98 630 1880.6528
99 482 37394.2275
100 424 9192.5376
<precedence relations>
1,52
2,52
3,52
4,11
5,10
5,13
5,14
5,29
6,12
7,9
8,86
9,52
10,17
11,15
12,19
13,16
14,18
14,20
14,21
14,27
14,55
14,79
15,79
16,79
17,23
18,22
18,26
18,28
19,24
19,27
19,28
19,29
19,87
21,25
21,30
21,43
22,32
23,33
24,31
24,36
24,78
25,87
27,34
28,86
30,35
31,79
32,38
33,39
33,40
33,45
33,77
34,43
34,44
35,41
35,42
36,37
37,79
38,47
39,48
40,49
40,51
41,98
42,46
43,50
46,52
47,53
48,55
49,54
50,56
50,57
51,58
51,59
52,60
52,61
52,62
52,63
52,64
53,65
54,66
56,96
56,97
57,67
59,68
60,72
61,73
61,74
62,75
64,78
65,71
66,69
67,70
67,77
68,76
69,79
70,80
71,81
72,83
73,82
74,85
74,86
75,86
76,85
76,87
77,85
78,84
79,88
79,89
79,90
79,91
79,92
79,93
79,98
80,95
81,95
82,94
83,95
85,97
85,100
86,99
87,96
<end>