<number of tasks>
100
<cycle time>
1000
<order strength>
0.199
<z_alpha>
1.280
<task times>
1 425 388.9350
2 601 2935.8527
3 353 3374.3421
4 372 1190.9921
5 297 3647.7481
6 613 9855.9509
7 526 2207.4097
8 479 7603.8325
9 480 3364.0062
10 580 9344.1645
11 623 12381.4595
12 509 851.3485
13 316 1548.9609
14 378 2156.5864
15 553 468.6957
16 704 15671.4475
17 541 9764.3456
18 585 19831.8752
19 413 5694.4437
20 583 17765.9147
21 337 6969.4162
22 704 8908.1967
23 664 10178.5520
24 495 3174.6147
25 294 3078.8484
26 504 9770.6505
27 523 14571.3309
28 340 2801.8437
29 454 2893.8962
30 585 13770.8714
31 392 5920.0067
32 460 2597.9301
33 561 8845.8098
34 530 12250.0945
35 495 42.1794
36 681 9036.4337
37 440 4152.0619
38 414 3621.2562
39 734 8938.1915
40 559 16173.2109
41 320 5977.7153
42 500 2129.4359
43 724 6692.6420
44 505 3451.8632
45 704 4135.2695
46 454 969.8367
47 584 5559.2045
48 525 3895.7151
49 694 5348.8772
50 402 5014.2629
51 537 9040.7453
52 445 5758.1674
53 477 9249.0958
54 648 5501.9618
55 541 10665.5574
56 392 8998.9413
57 394 1166.9392
58 559 14308.7655
59 472 9394.5229
60 683 6452.1943
61 536 14285.3121
62 548 3688.1055
63 690 16797.7932
64 693 145.3797
65 482 759.1436
66 728 6890.9821
67 447 8788.0046
68 576 13479.9943
69 876 2195.5534
70 441 8043.9924
71 394 3063.9391
72 188 733.6490
73 320 1121.1221
74 702 3677.6098
75 359 1599.6553
76 417 1012.4846
77 670 25918.9213
78 737 15850.5584
79 656 9479.3956
80 491 14302.0012
81 564 536.8563
82 422 7798.9184
83 362 2762.9931
84 539 10707.1950
85 477 3617.7362
86 639 5710.9494
87 834 2607.2533
88 525 4784.8203
89 467 2889.9566
90 711 20696.9250
91 616 4616.8368
92 713 4500.6353
93 619 18141.3983
94 422 2303.8257
95 677 25179.2940
96 518 14613.3001
97 516 5737.0542
98 375 3587.0699
99 715 3792.3975
100 572 16865.4788
<precedence relations>
2,17
2,19
2,64
3,18
4,15
4,21
5,12
5,53
5,60
7,14
7,27
7,58
8,46
9,74
9,79
10,16
10,60
11,13
11,14
11,69
11,73
12,22
12,25
13,20
13,23
13,26
13,65
13,84
14,78
15,26
15,27
15,28
16,61
16,63
17,24
19,21
19,57
20,72
20,78
20,81
21,31
21,56
21,100
22,33
23,29
23,34
23,92
24,92
25,36
26,38
27,37
28,30
28,32
28,35
29,39
29,52
30,43
33,44
33,74
34,41
34,44
34,46
34,56
36,40
36,45
37,42
37,90
38,39
39,51
39,58
40,48
40,56
40,90
41,53
42,49
42,50
42,83
43,47
43,52
45,54
45,55
46,96
47,63
49,57
49,60
50,59
50,62
51,83
52,67
52,94
53,74
53,75
55,61
55,64
56,58
57,69
59,65
60,66
61,70
63,68
63,84
64,67
65,100
66,71
66,73
68,72
68,74
68,75
69,76
69,80
71,78
71,81
71,84
71,96
72,80
72,87
74,81
74,83
74,85
74,89
75,76
75,77
75,79
75,82
75,86
77,90
77,91
78,92
83,93
86,88
86,89
88,95
88,96
89,94
89,97
89,99
89,100
93,98
<end>