<number of tasks>
1000
<cycle time>
1000
<order strength>
0.895
<z_alpha>
1.280
<task times>
1 628 33844.5201
2 614 2642.5072
3 532 4222.2718
4 662 18990.0813
5 468 29043.0210
6 526 36160.3448
7 563 2285.0008
8 513 24190.8821
9 523 52925.1161
10 539 48420.5262
11 405 32848.5702
12 509 35940.3364
13 414 11946.5379
14 322 19688.1039
15 563 16643.5674
16 693 6088.2296
17 406 29320.3738
18 648 698.0713
19 300 4497.9219
20 428 32690.8162
21 400 28658.3241
22 500 35384.4201
23 457 6261.0245
24 646 31649.0251
25 374 4287.8953
26 616 33415.1436
27 591 12286.9116
28 604 39057.3751
29 483 3087.1254
30 698 14323.9711
31 588 38050.2897
32 716 18836.9593
33 345 6770.3557
34 610 18484.8605
35 662 15525.9761
36 667 7515.2434
37 392 242.9932
38 550 16505.7985
39 600 332.3642
40 403 25741.2723
41 494 31116.9196
42 434 19444.2324
43 461 12902.5388
44 439 38515.5287
45 610 16355.8891
46 515 46643.3217
47 431 43453.9495
48 339 10837.2966
49 582 40726.4419
50 279 18782.0224
51 390 24174.8047
52 459 24433.7596
53 529 36564.4850
54 391 15161.3254
55 336 9326.0943
56 680 23815.3265
57 562 34656.2126
58 482 38761.0271
59 498 26812.3879
60 339 17547.2724
61 571 42170.0482
62 498 52120.4372
63 483 52021.9894
64 494 19827.4549
65 606 24006.0134
66 531 51968.4753
67 377 4924.1556
68 669 4038.2647
69 548 37781.6189
70 604 21675.3939
71 567 13559.4200
72 604 38128.0685
73 533 17068.9307
74 574 11314.6619
75 406 40507.4712
76 569 3288.4773
77 735 6681.3316
78 735 11104.7124
79 580 16134.6961
80 511 19155.0693
81 475 53019.5613
82 688 6751.6568
83 384 33146.4047
84 634 31004.2809
85 449 22685.8810
86 365 12152.0888
87 263 16572.9890
88 739 2724.6927
89 592 37306.1951
90 350 5216.5607
91 535 42235.5404
92 346 5364.2950
93 583 15.9417
94 431 21398.8044
95 504 42723.8309
96 565 35814.5793
97 562 42407.7897
98 740 2945.3548
99 514 46444.7148
100 462 40593.0447
101 318 7848.7921
102 411 5288.6673
103 534 28726.4894
104 342 23147.2758
105 556 7712.6557
106 452 20624.7908
107 607 19282.3074
108 423 13508.0102
109 347 30055.3523
110 557 25905.9502
111 413 35407.0020
112 361 32378.1830
113 465 11375.6065
114 600 34941.1540
115 501 51107.7747
116 628 26519.1632
117 623 8267.4358
118 676 6145.9689
119 489 47821.1115
120 455 42518.9074
121 686 3260.8509
122 568 39742.8865
123 417 42796.2206
124 535 7290.0008
125 448 38346.9557
126 500 33885.5954
127 286 1876.3817
128 565 9021.1164
129 329 19420.1838
130 534 14949.1333
131 303 8901.1742
132 567 38246.7987
133 279 18890.5566
134 594 41124.1871
135 570 24081.2592
136 305 16312.5283
137 419 3735.1336
138 405 5796.4139
139 492 2036.2081
140 618 29906.5298
141 580 8732.8680
142 409 14859.1166
143 441 9870.2752
144 388 14903.6464
145 501 53923.8909
146 443 12760.0905
147 363 8678.2077
148 254 11515.6173
149 402 2716.2769
150 583 28592.8097
151 778 4918.4737
152 342 7978.7929
153 530 40360.4737
154 435 14998.7528
155 351 21940.3208
156 500 60692.0243
157 552 10776.5984
158 569 40627.5574
159 566 4228.1439
160 627 31445.8578
161 419 2354.6035
162 516 2686.2897
163 631 6402.2759
164 644 3966.1883
165 589 42555.5154
166 691 22963.1027
167 574 43090.5332
168 574 17842.3724
169 686 10666.4764
170 610 16734.1641
171 614 12858.5669
172 366 17904.2020
173 236 5472.6583
174 484 55711.7264
175 432 24375.7160
176 753 13560.4980
177 578 19150.6174
178 351 13941.3777
179 508 51924.1485
180 549 50365.0862
181 513 14405.4273
182 346 29051.8297
183 477 55573.3797
184 403 32198.2796
185 604 6548.8505
186 633 17645.7320
187 318 6993.3902
188 364 6240.8413
189 405 18017.3730
190 427 33804.3534
191 300 19924.5997
192 579 29869.7682
193 298 21245.0899
194 628 12042.3414
195 622 5139.4783
196 453 9029.8184
197 531 43451.4212
198 489 32717.1401
199 477 12685.1465
200 465 53693.5184
201 476 25441.3195
202 497 30498.7568
203 444 24451.6517
204 487 3534.9168
205 709 21215.7898
206 512 30464.4174
207 738 13189.0708
208 708 19137.9991
209 569 6674.7997
210 365 3288.2586
211 380 8861.6291
212 654 24202.9456
213 395 24416.9809
214 525 50709.0729
215 563 38207.1523
216 548 40086.9578
217 365 14939.9228
218 514 10658.8354
219 412 41380.5397
220 475 45344.1070
221 449 9661.0132
222 572 23411.5008
223 502 40946.9888
224 409 23206.9574
225 639 350.0646
226 320 11475.0404
227 692 20115.7880
228 359 11976.3477
229 711 15743.2183
230 368 19776.5730
231 593 6602.8798
232 526 56214.3368
233 320 50.4374
234 504 2016.7729
235 466 2326.0526
236 642 9361.7593
237 372 24058.1589
238 486 14359.8191
239 554 12037.4472
240 310 19988.3394
241 614 19896.9576
242 571 45071.2008
243 668 509.6834
244 405 26334.9187
245 447 39771.2803
246 583 27712.5609
247 397 25492.8270
248 411 8480.8820
249 427 42044.0669
250 438 15982.8603
251 265 11633.4195
252 471 39685.6695
253 551 36121.1465
254 402 21197.2162
255 378 3910.5094
256 446 20809.4544
257 505 8908.4180
258 533 5611.6562
259 346 23221.9377
260 486 31454.0182
261 520 7303.8499
262 461 43684.0201
263 563 39165.1416
264 463 6238.7391
265 408 30596.4027
266 494 19069.0536
267 648 15580.4630
268 458 25621.5946
269 605 24112.7573
270 675 24841.9833
271 283 16514.0101
272 450 35770.5674
273 574 9910.5494
274 545 3456.7434
275 465 44897.0038
276 410 66.9067
277 651 25317.4395
278 503 10365.0628
279 653 19964.0497
280 349 17702.8153
281 596 23065.7137
282 732 15380.7140
283 462 21756.5656
284 676 16220.3891
285 591 16577.3824
286 407 21683.4112
287 375 8098.7798
288 610 4570.1600
289 456 2229.8139
290 492 21028.1912
291 445 49447.4364
292 548 12188.8450
293 521 51263.3207
294 484 21454.3566
295 584 10988.8385
296 245 11303.5850
297 489 9287.7900
298 459 6.9091
299 602 30174.9751
300 345 11366.7781
301 434 21018.9051
302 601 21301.9934
303 498 55202.5124
304 487 35672.8112
305 415 33430.5895
306 409 8038.9094
307 424 43514.8998
308 505 18965.3246
309 647 8082.6558
310 562 46596.5137
311 659 29562.1220
312 355 17062.6122
313 793 10827.8729
314 397 22564.5801
315 469 22855.5189
316 527 52497.8397
317 439 40630.8568
318 371 33971.9647
319 558 25175.6446
320 542 3170.3971
321 591 19412.0234
322 532 37585.8225
323 364 18952.6270
324 670 7976.5332
325 579 41744.8440
326 438 34101.3497
327 484 46577.4265
328 606 36659.9340
329 300 18006.0771
330 418 2582.7921
331 612 11562.3718
332 325 6446.6874
333 633 24748.3072
334 693 21558.2471
335 548 1225.3928
336 519 37197.3721
337 700 7983.1858
338 263 10178.8118
339 535 44829.7066
340 494 52364.0588
341 465 52320.5432
342 440 20480.0017
343 518 40996.0365
344 420 12925.9906
345 476 17984.3227
346 463 27460.5623
347 476 8986.1748
348 547 37684.5763
349 454 20876.2765
350 509 46886.7304
351 422 18433.1173
352 448 45813.2698
353 591 33025.2168
354 467 86.3021
355 681 5678.3166
356 623 28167.1393
357 514 35087.9372
358 760 6814.3495
359 540 42322.3213
360 449 41755.9257
361 467 35501.4486
362 673 23827.0460
363 565 34981.9657
364 756 7229.4987
365 537 36500.3608
366 433 19473.0312
367 447 37483.1547
368 617 11349.0455
369 467 13441.5607
370 402 39935.8391
371 350 27721.4462
372 439 29008.9228
373 530 50813.3673
374 477 7618.4168
375 157 3480.9826
376 403 13301.7445
377 476 52207.7318
378 267 53.7914
379 451 26129.2278
380 439 40707.0950
381 320 22247.7363
382 367 32600.5067
383 368 32711.0646
384 290 15621.2879
385 707 19127.3744
386 667 25052.7570
387 380 20281.5463
388 396 5048.4166
389 621 11414.4092
390 544 17594.8190
391 875 2686.0823
392 641 32424.2649
393 607 1898.6041
394 605 36752.1348
395 478 25571.5232
396 408 12158.0111
397 490 32628.7728
398 591 24019.3501
399 282 891.6311
400 381 4080.9983
401 472 987.6294
402 457 49570.6898
403 591 41926.1474
404 586 32142.9176
405 774 11325.7739
406 410 14152.9742
407 667 13288.2850
408 347 27902.9443
409 611 22541.4758
410 307 2634.9190
411 693 10108.5867
412 475 15839.0004
413 347 26916.2533
414 453 37660.2049
415 588 32158.6239
416 555 1256.3339
417 582 24642.2524
418 490 40197.9872
419 634 2996.8781
420 414 25945.3570
421 426 15920.4587
422 390 23504.1332
423 578 43019.0883
424 453 49465.7158
425 421 38694.6820
426 374 21639.4996
427 300 13529.8326
428 380 13593.4341
429 565 32396.0862
430 486 18125.2185
431 637 12056.2745
432 508 37673.8288
433 552 15874.0309
434 471 353.0832
435 640 21598.9741
436 402 26744.7634
437 489 17505.7467
438 433 16758.4904
439 354 30267.4818
440 398 25678.0898
441 499 19002.6779
442 275 14447.9217
443 562 3147.1639
444 406 21024.8985
445 445 23866.7278
446 461 51700.3882
447 525 17143.8153
448 438 17460.9283
449 200 1161.6571
450 613 38957.1823
451 659 14703.9543
452 459 39977.0163
453 503 640.5096
454 386 24433.7073
455 460 4602.1221
456 462 11536.9125
457 498 32922.7978
458 432 15857.9964
459 563 17957.0128
460 619 21421.9161
461 581 39089.9901
462 446 38532.9332
463 438 29610.4662
464 546 51918.0673
465 266 11716.0850
466 584 16218.6933
467 596 39153.9922
468 572 43394.2535
469 448 26179.7626
470 599 8212.1768
471 592 1479.3417
472 396 2668.2315
473 511 29034.0911
474 633 21542.3014
475 671 25556.7201
476 461 46675.4764
477 433 45578.5852
478 389 26658.3444
479 445 10235.3774
480 235 5455.4688
481 548 24782.4130
482 687 4433.9004
483 530 4716.7271
484 514 46411.9986
485 616 29952.2136
486 645 19135.0620
487 416 37211.9101
488 603 12138.4591
489 590 20110.9998
490 368 8134.2187
491 587 11169.2700
492 270 4401.4299
493 270 10021.3206
494 503 53112.3824
495 614 11813.0753
496 387 16679.3914
497 493 6047.9313
498 295 7729.7127
499 506 17037.8947
500 609 30540.1483
501 586 10252.8082
502 537 54665.4010
503 453 46287.4827
504 541 5827.3780
505 387 31013.7554
506 475 53306.3528
507 403 10970.9001
508 511 17789.0540
509 486 52317.8523
510 427 42124.4717
511 391 41.6676
512 469 24366.1580
513 376 30825.4540
514 330 2918.6010
515 214 5442.4570
516 574 6857.2068
517 671 18825.5718
518 675 27261.3624
519 617 24351.3872
520 558 30671.2577
521 660 16038.7727
522 510 53255.5198
523 517 10237.0022
524 744 13011.7755
525 593 35984.0737
526 563 41505.1725
527 628 13979.4454
528 610 31136.3350
529 351 12579.1158
530 462 13312.0330
531 687 459.4319
532 455 6749.5245
533 788 10219.7514
534 457 48826.6453
535 415 1386.0981
536 515 13871.0566
537 747 12573.7343
538 229 8048.2499
539 525 55698.5822
540 489 3980.2696
541 375 23294.9824
542 581 1264.3774
543 663 13792.8518
544 560 45364.7571
545 119 2690.6884
546 294 14918.6985
547 736 12612.1739
548 795 3814.1938
549 678 18208.7717
550 508 21601.9256
551 385 34487.7706
552 371 23412.1895
553 406 17328.2983
554 511 45297.6086
555 568 45710.9265
556 598 19874.9698
557 709 19124.6253
558 557 32716.9663
559 451 40206.3769
560 494 39530.4823
561 601 7191.8402
562 351 8312.8309
563 393 1129.2754
564 541 41137.5860
565 742 14647.2135
566 397 17093.8969
567 242 3949.5142
568 515 60030.9016
569 490 58845.0569
570 482 12323.1526
571 637 18707.7132
572 372 602.5871
573 430 8421.9896
574 391 20568.1038
575 429 36933.1944
576 479 36402.7816
577 429 12234.4451
578 502 21730.8858
579 596 26392.4846
580 554 27594.2105
581 616 18923.6876
582 558 151.2206
583 513 35159.7624
584 487 20655.1783
585 414 26707.3332
586 544 33279.4988
587 715 2464.0281
588 328 11271.9370
589 356 23461.3571
590 382 23349.9788
591 606 28323.9083
592 551 9310.9591
593 729 4526.6564
594 529 26838.3772
595 464 48126.9795
596 271 11490.7316
597 542 18165.5368
598 284 6768.6636
599 549 13150.5513
600 448 23230.8870
601 561 49369.6966
602 504 42426.8649
603 621 34256.8771
604 514 33524.3252
605 441 40059.8305
606 524 30956.9951
607 738 11265.6896
608 637 33322.5301
609 451 28994.5710
610 616 26694.3929
611 441 32259.4613
612 460 40401.4751
613 604 18885.7510
614 406 17381.8814
615 529 50124.0835
616 539 11915.3060
617 720 8641.5960
618 383 10964.4474
619 709 12303.4027
620 400 7028.7945
621 623 1702.7374
622 521 19520.5074
623 529 31266.9563
624 417 40261.4102
625 547 46611.7908
626 337 17112.8244
627 383 588.9206
628 491 35580.9852
629 269 6945.6835
630 550 16682.0566
631 632 3690.4479
632 443 26788.6354
633 676 19639.4613
634 455 36250.3964
635 360 18587.7816
636 427 25991.6255
637 526 23042.4568
638 609 34853.5673
639 495 3499.0136
640 404 5662.0514
641 447 48384.5749
642 540 10009.4434
643 578 9667.5082
644 464 7244.8467
645 494 4128.7072
646 482 29821.9994
647 581 14343.7450
648 424 4729.4784
649 518 56260.2350
650 593 16523.2485
651 552 1722.8127
652 487 38893.8558
653 454 6129.5584
654 455 47678.2854
655 666 16098.9882
656 510 51512.4570
657 484 42162.0770
658 630 30529.5921
659 524 47162.4948
660 477 5378.0758
661 499 40675.3109
662 606 36729.3935
663 683 10567.1724
664 534 21222.0554
665 439 40165.5921
666 524 14402.2060
667 517 44053.6976
668 605 11413.6212
669 477 177.5550
670 554 1745.0833
671 242 3878.5466
672 375 16053.6684
673 373 5513.3533
674 327 12634.4583
675 514 60756.0600
676 484 42374.1723
677 467 6265.8583
678 432 42773.8047
679 425 11063.1432
680 309 13077.3510
681 620 33191.6418
682 583 12297.2872
683 423 20881.2831
684 445 46887.5017
685 365 31454.7450
686 696 7988.8725
687 234 2987.6320
688 558 15758.3402
689 839 5287.9213
690 405 835.4272
691 329 25371.8103
692 479 19609.4602
693 432 25667.1809
694 396 12785.5090
695 511 39550.9117
696 437 37849.6071
697 614 4087.7449
698 428 15175.3386
699 518 2056.9267
700 497 19468.2198
701 246 7685.8034
702 513 12367.8889
703 429 2140.5448
704 499 4287.6097
705 277 10809.1709
706 478 42692.3760
707 395 3301.4173
708 387 16608.6600
709 407 38444.4006
710 533 40058.4848
711 648 30730.0451
712 466 8955.8864
713 418 19022.4161
714 420 18268.3824
715 589 26032.1513
716 474 1413.9488
717 627 22483.3763
718 573 33636.9620
719 469 33743.6114
720 416 303.4214
721 368 11620.3705
722 507 17707.4478
723 690 17863.2640
724 421 3836.2696
725 701 20293.9313
726 510 5259.8208
727 287 19332.6744
728 539 30077.7060
729 625 4818.3871
730 485 34987.7336
731 550 21859.3606
732 489 16611.5579
733 593 3868.8821
734 718 18940.3840
735 539 9802.0580
736 516 59103.8130
737 562 33418.8745
738 732 17671.3128
739 541 7076.9790
740 490 44111.9690
741 455 7802.8493
742 371 4424.7973
743 435 715.3459
744 214 1629.1190
745 297 4905.2921
746 406 26536.4271
747 399 22449.4161
748 873 1265.4408
749 83 539.6930
750 596 41421.9637
751 471 6379.6489
752 312 15705.8026
753 393 9194.2714
754 427 16136.1597
755 461 18045.4675
756 524 44784.0544
757 560 31690.3843
758 438 14465.6745
759 249 14823.1026
760 346 6658.4999
761 548 36092.6961
762 567 22053.5672
763 346 11293.9173
764 388 32491.3099
765 645 17197.3425
766 307 10418.3597
767 305 18943.0434
768 585 24796.0222
769 568 33036.8409
770 527 56730.8397
771 505 22453.6312
772 375 22123.2875
773 500 40866.6790
774 611 24397.3359
775 469 3250.6194
776 353 29421.4717
777 692 8911.0863
778 469 1541.8395
779 477 4925.9609
780 370 3850.3163
781 346 5883.4715
782 500 55107.4741
783 441 30403.6152
784 596 1153.0438
785 345 9469.7581
786 600 6061.4295
787 425 20327.9202
788 593 1458.3209
789 791 127.7429
790 386 16929.4784
791 477 44827.2707
792 439 39085.7550
793 519 2863.5956
794 407 12415.9816
795 618 33047.4333
796 434 25002.1637
797 546 20074.2903
798 606 26882.2610
799 562 20919.8744
800 447 14094.1082
801 630 29571.7184
802 404 4512.8673
803 385 29953.7694
804 397 16361.4959
805 591 9761.1216
806 701 11720.2379
807 408 32936.7164
808 406 10479.6428
809 447 37195.7920
810 496 55198.3660
811 564 8004.6828
812 391 13548.4071
813 435 6502.3007
814 581 2980.6826
815 453 26860.1795
816 171 970.7946
817 507 39712.4882
818 474 16497.2590
819 525 40681.3150
820 469 30641.9044
821 335 26712.7710
822 358 11915.1725
823 477 20823.0372
824 729 5214.5745
825 591 286.4175
826 429 44937.6363
827 439 35398.2592
828 380 1052.0702
829 468 30282.3887
830 667 10580.8802
831 514 5377.3883
832 546 27406.6831
833 434 160.3705
834 505 8105.8971
835 744 488.0659
836 726 280.2907
837 468 40535.1646
838 388 279.2355
839 377 3240.0295
840 469 19518.5627
841 617 28401.1526
842 393 17823.8192
843 410 10369.0979
844 593 41993.6358
845 511 15804.5267
846 722 2499.5769
847 516 50891.7427
848 395 28927.0020
849 467 5663.8813
850 268 4877.1051
851 471 31588.8638
852 413 22733.2947
853 374 10810.1219
854 574 34499.9100
855 661 12214.1987
856 352 24746.1683
857 431 41779.7330
858 423 32677.4861
859 540 29879.4266
860 510 13701.0945
861 357 15019.2574
862 596 20775.7401
863 470 21836.0314
864 584 9155.4487
865 546 43572.1662
866 442 17315.7521
867 545 31637.1731
868 240 12223.1491
869 577 39982.4602
870 728 8087.2855
871 358 12044.5936
872 399 28010.3684
873 508 20647.3996
874 358 9263.3205
875 449 32680.1737
876 734 5858.9410
877 547 21954.0983
878 531 3534.5289
879 641 14900.2005
880 422 7138.3582
881 706 14288.6940
882 529 17780.6892
883 551 29006.2056
884 506 60875.4743
885 376 20566.8374
886 374 9712.7684
887 471 19927.7122
888 465 28869.6509
889 427 19156.8540
890 524 18873.1356
891 735 2957.1215
892 365 27123.0422
893 386 1521.8826
894 552 26535.5849
895 538 38084.6362
896 423 8482.0803
897 467 25922.1375
898 386 2727.2930
899 601 40110.1876
900 362 11001.0424
901 514 26995.5929
902 628 14520.0438
903 500 4504.7786
904 530 8034.6343
905 391 16051.2883
906 605 9560.5385
907 422 3761.6810
908 544 37064.8418
909 505 21846.2997
910 344 29317.2405
911 411 18450.5571
912 478 12478.3648
913 631 3234.0660
914 424 23806.9959
915 528 54236.1625
916 471 53713.2541
917 651 19458.9222
918 614 18721.2372
919 468 2110.1670
920 344 25287.3069
921 691 6209.8622
922 534 46766.3011
923 378 28724.6711
924 664 16862.1638
925 333 2637.9764
926 311 21547.2881
927 611 19215.8034
928 442 22182.6718
929 375 25380.2815
930 475 28861.0916
931 494 49845.0319
932 493 56867.6119
933 432 35099.7583
934 453 33947.4623
935 583 1379.4464
936 454 14550.0856
937 627 16669.0855
938 468 8730.2377
939 431 31187.2188
940 439 10402.5284
941 556 12414.6411
942 558 8648.4853
943 429 5758.5220
944 412 20995.6616
945 411 9994.4396
946 546 47681.8639
947 475 29431.2403
948 551 15268.9231
949 431 35135.4178
950 319 15411.0724
951 541 51578.4501
952 627 9315.7726
953 451 16730.9520
954 451 11551.5186
955 310 6606.8598
956 621 28549.7435
957 598 20610.2342
958 595 40761.0190
959 477 48754.8879
960 467 48801.5396
961 294 7406.9434
962 376 12382.9742
963 550 1825.1698
964 668 19422.0211
965 457 44.4874
966 488 44960.2352
967 386 20094.3760
968 338 4080.5029
969 517 53109.1850
970 399 28735.4348
971 408 24960.3978
972 402 25347.2532
973 498 40359.4191
974 300 5326.7687
975 633 21425.3307
976 197 6001.1243
977 487 3756.6840
978 648 6121.6639
979 421 6838.9075
980 421 21278.5095
981 605 22576.0484
982 669 9834.5482
983 280 13337.7228
984 430 43067.5509
985 609 10735.7253
986 642 28332.2435
987 503 18516.7737
988 426 20258.2090
989 394 14242.5875
990 221 7052.8325
991 622 9488.2035
992 614 10824.4785
993 371 15097.3949
994 472 42820.9907
995 454 17553.3271
996 436 29496.2832
997 434 4547.2810
998 532 41208.1084
999 203 1645.0158
1000 548 1945.9249
<precedence relations>
1,12
1,13
1,14
1,15
1,16
2,11
2,12
2,13
2,14
2,16
3,11
3,16
4,11
4,12
5,11
6,11
7,11
7,12
7,13
8,197
8,208
9,11
9,12
9,16
10,11
10,16
11,17
11,18
11,19
11,20
12,250
12,264
13,17
13,18
14,17
14,18
14,19
14,20
15,17
15,18
15,19
15,20
16,17
16,18
16,19
16,20
17,21
17,23
17,24
18,21
18,22
18,23
18,24
18,25
18,26
18,27
18,28
19,21
19,22
19,23
19,24
19,25
19,26
19,27
19,28
20,21
20,22
20,23
20,39
21,29
21,30
21,31
21,47
22,29
22,30
23,29
23,30
23,47
24,29
24,30
24,31
24,32
24,33
25,29
25,47
26,29
26,30
26,31
26,32
26,33
27,29
28,29
28,32
28,33
29,34
29,35
29,36
29,37
29,38
29,40
30,34
31,34
31,36
32,34
32,35
32,36
32,38
32,39
32,40
33,34
33,35
33,36
33,37
33,38
33,39
33,40
34,41
34,42
35,41
35,42
35,44
35,45
36,41
36,42
36,43
36,46
37,41
37,42
38,41
39,41
39,42
39,43
39,47
40,41
40,42
40,43
41,49
41,50
42,48
42,49
42,50
42,51
42,55
42,56
43,48
43,55
43,56
44,48
44,51
44,53
44,54
44,55
44,56
45,48
45,49
45,52
45,54
45,56
46,48
46,49
46,50
46,52
46,53
46,54
46,55
46,56
47,48
47,50
47,51
47,52
47,53
47,54
47,55
47,56
48,57
48,58
48,59
49,57
49,58
49,59
50,57
50,58
50,59
51,57
51,58
51,59
52,57
52,58
52,59
53,57
53,58
53,59
54,57
54,58
54,59
55,57
55,58
55,59
56,57
56,58
56,59
57,60
57,61
57,62
57,64
57,65
58,85
59,60
59,61
59,62
59,63
59,64
59,65
60,66
60,67
60,68
60,69
60,70
60,71
61,66
61,67
61,71
61,75
62,66
62,67
62,68
62,69
62,70
62,71
63,66
63,67
63,68
63,69
63,70
63,71
64,66
64,67
64,68
64,69
64,71
65,254
65,269
66,72
66,76
67,72
67,74
68,72
68,73
68,74
68,75
68,76
69,72
69,73
69,74
69,75
70,72
70,73
70,75
70,76
71,72
71,73
72,81
72,84
72,85
72,90
73,77
73,78
73,79
73,80
73,81
73,82
73,83
74,77
74,78
75,77
75,78
75,79
76,77
76,78
76,79
76,80
76,82
76,85
77,136
77,141
78,88
79,303
79,317
79,319
79,321
80,86
80,87
80,88
80,89
80,90
80,91
81,86
81,87
81,88
82,86
82,87
82,89
82,90
83,86
83,87
83,88
83,96
84,86
84,87
84,88
84,89
84,91
85,86
85,87
85,91
85,96
86,92
86,93
86,94
86,97
87,170
88,92
88,93
88,94
88,95
89,96
89,183
90,92
90,93
90,94
90,95
90,96
90,97
91,92
91,93
91,94
91,95
91,97
92,98
92,99
92,100
92,101
92,102
92,103
93,98
93,99
93,100
93,101
93,102
93,103
94,98
94,99
94,100
94,101
94,102
94,103
95,98
95,99
95,100
95,101
95,102
95,103
96,172
96,179
97,98
97,99
97,109
98,105
98,106
99,104
99,120
100,104
100,105
100,106
100,107
100,108
100,109
101,104
101,105
101,106
102,104
102,105
102,106
102,107
102,108
102,109
103,104
103,105
103,106
103,107
104,110
104,111
105,110
105,111
105,112
105,113
105,114
105,115
105,116
106,110
106,116
107,283
108,110
108,111
108,112
108,113
108,114
109,110
109,111
109,112
109,113
109,114
109,115
110,117
110,119
110,121
110,122
110,123
111,117
111,118
112,117
112,118
113,117
113,121
114,117
114,118
114,119
115,117
115,118
115,133
116,117
116,118
116,119
116,120
116,123
117,250
118,127
119,124
119,126
120,124
120,125
120,126
120,129
121,124
121,125
121,126
121,127
121,129
122,124
122,125
122,126
123,124
123,125
123,126
123,127
123,128
124,245
125,130
125,131
125,134
125,135
126,130
126,131
126,132
126,133
126,134
126,135
127,130
127,131
127,132
127,134
127,135
128,130
128,131
128,132
128,133
128,134
128,135
129,130
129,131
129,132
129,133
129,134
129,135
130,136
130,137
130,138
130,139
130,140
130,141
131,136
131,141
132,136
133,136
133,137
133,138
133,141
134,136
134,138
134,139
134,140
134,141
135,136
135,137
135,138
135,139
135,140
135,141
136,142
136,143
136,144
136,145
136,146
136,147
136,148
136,149
136,150
137,142
137,143
137,144
137,145
137,146
137,147
137,148
137,149
138,142
138,143
138,144
138,145
138,146
138,149
138,150
139,278
139,338
140,142
140,144
140,149
141,148
141,150
142,151
142,160
143,151
143,171
144,151
145,151
145,152
145,156
145,157
146,151
146,152
146,153
146,154
146,155
146,156
146,157
147,151
147,152
147,153
147,154
147,155
147,156
147,157
148,151
148,152
148,154
148,157
149,151
149,152
149,156
150,447
151,161
152,158
152,159
152,160
152,161
152,162
152,163
152,164
153,158
153,159
153,164
154,158
155,158
156,158
156,159
156,160
156,161
156,162
156,163
156,164
157,206
157,227
157,228
157,229
158,165
158,166
158,167
158,168
158,169
159,171
159,179
159,183
160,165
160,166
161,165
161,166
161,169
161,170
161,172
162,165
162,166
162,167
162,168
162,172
163,165
163,166
164,166
164,167
164,183
165,173
165,174
165,175
165,176
165,178
166,177
166,179
167,173
167,174
167,175
167,176
168,173
168,174
168,175
168,185
169,173
169,174
169,175
169,176
169,185
170,173
170,174
170,175
170,176
170,185
171,173
171,174
171,185
172,173
172,174
172,175
172,176
172,185
173,180
173,181
173,182
173,184
173,186
174,180
174,181
174,191
175,190
176,180
176,181
176,182
176,186
177,180
177,181
177,185
177,186
177,191
178,180
178,181
178,182
178,183
179,180
179,182
180,187
180,192
180,193
180,196
181,187
181,188
181,189
181,190
181,193
182,187
182,191
182,196
183,187
183,188
184,675
184,684
185,187
185,188
185,193
186,187
186,188
186,192
186,193
187,194
187,195
187,197
187,198
187,199
188,194
188,195
188,196
189,374
189,400
190,221
191,194
191,195
191,208
192,324
193,194
194,200
194,201
195,200
195,201
195,202
195,204
195,205
196,200
196,201
196,202
196,203
196,204
196,207
197,200
197,203
198,200
198,201
198,208
199,200
199,203
199,206
199,208
200,209
200,210
200,211
200,212
200,213
200,214
200,215
201,209
202,265
203,209
203,210
203,229
204,209
204,210
204,212
205,209
205,210
206,209
206,210
207,209
207,210
207,211
208,211
208,213
209,216
209,222
210,241
211,216
211,217
211,218
211,219
211,223
212,216
212,217
212,218
212,219
212,220
213,216
213,217
213,218
213,219
213,221
213,223
214,216
214,223
215,216
215,218
215,220
216,224
216,225
216,237
217,224
217,225
217,226
217,229
217,237
218,224
219,224
219,225
219,226
219,227
219,228
219,229
220,224
220,225
220,226
220,229
221,224
221,225
221,226
221,227
221,228
222,224
222,225
222,226
223,227
223,228
224,230
224,231
224,232
224,233
224,236
225,230
225,231
225,232
225,233
225,234
225,235
225,238
226,235
226,271
226,275
227,230
227,231
227,232
227,233
228,230
228,237
229,230
229,231
229,232
229,233
229,234
230,239
230,257
231,239
231,257
232,239
233,239
233,240
233,241
233,242
234,239
234,244
235,324
236,239
236,240
236,242
237,240
237,243
238,239
238,240
238,241
238,242
238,254
238,257
239,245
239,247
239,251
240,245
240,246
240,247
240,248
240,263
241,245
241,246
241,247
242,245
242,263
243,245
243,246
243,247
244,245
244,248
244,249
244,250
245,256
246,252
246,253
247,252
248,459
249,252
249,253
249,254
249,255
249,256
249,257
250,252
250,253
250,257
251,255
252,258
252,259
253,258
254,258
254,259
254,261
255,258
255,263
256,258
256,259
256,260
256,261
256,262
256,264
257,262
258,267
259,265
259,266
259,267
260,265
260,266
260,275
260,276
261,265
261,266
261,268
262,265
262,266
262,267
262,268
262,269
263,266
264,265
264,266
264,267
265,270
265,272
265,296
266,270
266,271
266,272
266,273
267,270
267,271
267,272
267,273
268,270
268,271
268,274
268,276
268,293
269,270
269,271
269,273
269,275
270,280
270,289
270,304
271,277
271,278
271,282
271,283
272,279
273,281
274,373
274,384
275,355
276,278
276,325
277,284
277,285
277,286
277,287
278,570
278,595
278,671
279,284
279,286
279,287
280,284
281,284
281,285
281,286
281,288
282,291
283,284
283,289
283,304
284,290
284,291
284,292
284,295
285,290
285,296
286,290
287,290
287,291
288,293
288,294
289,290
289,292
289,294
289,316
290,297
290,300
290,328
291,297
291,301
292,438
292,446
293,304
294,297
294,298
294,299
294,300
294,303
294,317
295,297
295,298
295,299
295,300
295,302
295,309
295,317
296,297
296,298
296,299
296,317
297,305
297,307
298,308
298,310
299,305
299,306
299,329
300,305
300,306
300,329
301,305
301,306
301,307
301,308
301,311
302,312
302,318
302,324
303,305
303,306
303,307
303,309
303,328
304,305
304,306
304,307
305,313
305,314
305,315
305,318
306,313
306,315
307,313
307,314
307,315
307,320
307,329
308,313
309,314
310,313
310,314
310,315
310,319
310,320
310,321
310,329
311,313
311,314
311,317
312,316
312,335
313,322
313,323
313,326
313,327
314,322
314,323
314,324
314,325
314,326
314,327
315,570
316,323
316,325
317,329
318,322
319,322
319,323
320,322
320,323
320,335
321,328
321,373
322,330
322,331
323,330
323,331
323,332
323,333
323,334
324,330
324,331
324,332
324,335
325,330
325,331
325,332
326,330
326,335
327,330
327,521
327,850
328,473
328,517
329,330
329,331
329,332
329,334
330,714
331,339
331,375
332,336
332,337
332,338
333,338
333,403
334,336
334,338
335,336
335,337
335,338
336,344
336,345
336,346
337,339
337,340
337,341
337,342
337,343
338,341
338,395
339,349
340,347
340,348
340,349
340,350
340,351
341,378
341,522
342,347
342,348
342,351
342,373
342,384
343,347
344,347
345,347
345,348
345,349
345,350
346,352
347,353
347,358
348,353
348,354
348,355
348,356
348,357
348,358
349,359
350,353
350,354
350,401
351,357
352,353
352,354
353,361
354,365
354,405
355,360
355,361
355,363
356,408
357,431
357,446
358,362
358,391
358,400
359,364
359,366
359,382
359,383
360,757
360,760
361,367
361,375
362,368
362,372
362,374
363,367
363,368
363,370
364,367
364,368
364,369
364,370
364,371
365,367
366,367
366,371
366,373
367,376
367,378
367,412
368,376
368,377
368,412
369,376
369,384
370,376
370,377
370,378
370,379
370,412
371,376
371,377
371,379
371,412
372,376
373,376
373,377
373,378
373,379
373,380
373,381
374,376
374,382
374,383
374,399
374,401
375,376
375,380
375,381
376,389
376,390
376,393
376,394
377,385
377,392
378,445
378,596
378,606
378,607
379,385
379,386
379,391
380,385
380,387
380,388
381,439
381,455
382,385
382,386
383,426
384,386
385,395
385,426
386,395
386,396
387,399
387,400
388,598
389,395
389,396
389,398
390,395
390,396
390,397
390,398
391,395
392,395
392,401
393,395
393,396
394,395
394,396
395,402
395,404
396,406
397,402
397,403
397,407
398,402
398,403
398,404
399,403
399,405
400,402
401,510
401,511
402,408
402,429
402,435
403,408
403,410
403,413
404,519
405,411
405,412
406,408
406,409
406,410
406,411
406,419
407,408
408,414
408,420
409,414
409,415
409,416
410,414
410,418
411,417
411,632
412,414
412,415
412,438
413,415
413,419
414,427
415,425
415,462
415,466
416,421
417,552
417,638
417,684
418,421
418,422
418,423
418,424
418,426
419,423
419,424
419,429
419,446
420,421
420,422
420,428
421,430
421,431
421,432
421,433
421,436
421,437
421,438
422,430
422,437
423,431
424,430
424,435
425,451
426,430
426,431
426,432
426,433
426,443
427,430
427,431
427,446
428,430
428,431
428,432
428,433
428,434
429,430
429,434
429,438
430,441
430,445
431,439
431,440
431,441
431,444
432,529
432,544
433,439
433,446
433,466
434,439
434,442
435,439
435,440
435,443
435,458
436,439
436,440
436,441
436,442
436,443
436,445
436,446
437,439
437,440
438,441
438,451
439,451
440,450
440,462
441,447
441,448
441,449
441,450
442,447
442,448
443,447
444,447
444,448
445,597
446,452
447,454
447,455
447,457
448,452
448,456
449,453
449,458
450,474
451,452
451,453
451,454
452,459
452,460
452,465
453,464
453,467
453,469
454,459
454,460
454,463
454,467
455,461
455,462
455,478
456,459
456,478
457,466
458,532
459,468
460,468
460,469
461,468
462,563
462,685
463,515
464,468
465,468
465,469
466,468
467,468
468,470
468,471
468,472
468,473
468,474
468,475
468,476
468,477
468,479
469,470
469,473
469,474
469,475
469,478
470,494
471,480
472,480
472,481
472,484
472,485
473,480
473,483
474,480
474,481
475,480
475,481
476,793
476,850
477,482
477,485
478,480
478,481
478,482
479,480
479,481
479,486
479,505
479,530
480,487
480,490
480,495
481,487
481,493
482,494
483,488
483,691
484,487
484,489
485,491
486,487
486,492
487,496
487,497
487,498
487,502
488,571
488,594
488,731
489,496
489,691
490,503
490,586
491,496
491,586
491,605
491,611
492,496
492,497
492,501
493,500
493,520
494,496
494,499
494,505
495,496
495,497
495,498
495,503
495,504
496,513
497,512
498,506
498,510
498,511
499,506
499,507
499,508
499,509
499,517
500,506
500,514
501,768
502,513
502,532
503,587
504,506
504,509
505,921
506,516
506,518
507,520
508,515
508,519
508,527
509,515
510,518
511,520
512,515
512,516
513,709
513,752
514,515
514,517
515,521
515,522
515,523
515,524
516,521
516,522
516,525
516,547
517,647
517,656
517,669
518,522
518,524
518,527
519,526
519,551
520,521
520,527
520,565
521,843
522,555
522,626
523,528
523,531
523,540
524,529
524,532
525,538
526,530
527,544
528,534
528,568
529,533
530,535
530,536
531,739
532,535
532,536
532,537
533,538
533,539
534,692
535,621
536,539
536,548
536,571
537,538
537,539
537,540
538,541
538,542
538,543
539,543
540,541
540,542
540,543
540,544
541,545
541,546
541,548
542,545
542,567
543,545
543,549
544,545
544,546
544,547
544,567
544,569
545,550
545,552
545,553
546,550
546,551
546,556
547,713
548,550
548,555
549,554
549,557
549,583
550,558
550,559
550,560
550,561
550,562
550,570
551,562
551,563
552,693
552,928
552,961
553,602
554,559
554,565
555,558
555,658
555,702
556,558
556,578
557,564
557,574
557,591
558,566
558,759
559,696
560,568
560,572
560,573
561,822
561,881
561,902
561,943
562,566
563,570
563,571
563,615
564,566
564,616
565,567
565,569
566,765
567,898
568,814
568,850
569,850
570,694
570,697
572,574
573,574
573,575
574,576
574,577
574,578
574,579
574,580
574,582
575,576
575,577
575,581
575,583
576,586
576,590
576,615
577,587
577,588
578,585
578,589
579,584
579,602
580,584
580,585
581,660
582,592
583,584
583,591
583,598
584,651
585,593
585,595
585,596
586,598
586,645
587,593
587,608
588,593
588,597
589,593
590,593
590,594
590,595
591,593
592,593
592,594
592,599
592,614
593,600
593,606
593,607
594,685
595,602
595,605
595,625
595,664
596,600
596,601
596,602
596,603
596,604
597,600
597,601
597,603
598,621
599,600
599,603
600,610
600,611
601,608
601,609
601,610
601,614
602,608
602,613
602,637
602,677
602,683
603,608
603,612
603,615
604,614
605,702
606,634
607,609
608,628
608,652
609,616
609,617
609,618
610,616
610,619
610,620
611,652
611,683
612,616
612,617
613,648
614,616
615,646
615,658
615,701
616,621
616,622
616,623
616,624
616,625
617,624
617,650
618,795
618,849
618,854
619,621
619,622
619,626
620,621
620,645
621,627
621,630
621,646
622,627
622,628
622,631
622,632
623,633
623,709
623,716
624,940
624,987
625,629
626,627
626,628
626,629
627,634
627,638
627,639
628,636
629,634
629,635
629,637
629,688
630,634
630,641
631,634
631,635
632,634
632,635
632,716
633,634
633,646
634,640
634,644
634,707
635,640
635,641
635,700
635,733
636,642
636,645
636,646
636,681
637,640
637,873
637,925
638,658
638,806
639,640
639,643
640,828
640,867
640,947
641,740
642,659
643,647
643,648
643,649
643,650
644,692
645,783
645,818
645,825
646,690
647,651
647,652
647,655
647,657
648,651
648,652
648,659
649,651
649,654
649,658
650,651
650,653
650,656
650,700
650,715
651,660
652,660
652,665
653,660
653,802
655,728
656,663
656,683
657,664
658,905
658,965
658,969
659,661
659,662
659,738
659,784
660,667
660,672
660,763
661,977
661,991
662,669
662,739
663,671
663,688
664,666
664,673
664,674
665,668
665,670
666,676
667,767
668,808
669,783
669,793
669,865
670,678
670,679
673,675
673,677
674,675
674,694
674,708
675,683
676,680
677,699
678,680
679,681
679,682
680,688
681,684
681,685
681,686
681,687
681,688
682,686
682,787
683,685
684,695
685,689
685,787
686,689
687,690
687,691
687,692
687,693
688,694
688,697
689,736
689,743
690,696
690,700
690,733
691,697
691,698
691,701
692,696
692,703
693,844
693,945
694,699
694,721
695,696
695,699
695,702
696,704
697,708
697,810
698,704
699,704
699,706
700,704
700,710
701,906
701,913
702,707
702,709
702,745
703,704
703,705
703,720
704,711
704,713
704,714
704,719
705,712
705,717
706,711
706,712
706,716
706,737
706,777
707,715
707,721
707,723
707,753
708,720
709,924
710,711
710,718
711,724
712,781
713,726
713,727
713,728
714,729
714,810
714,842
715,923
716,723
716,729
716,851
717,722
717,728
717,729
718,722
719,722
720,725
721,821
721,871
722,730
722,731
722,735
722,736
724,734
724,766
725,730
725,733
726,730
726,732
727,737
727,788
727,837
727,872
728,743
729,779
730,782
731,745
731,760
732,741
732,743
733,806
734,738
734,742
735,738
735,740
736,739
736,744
736,760
737,993
738,772
739,748
740,750
741,746
741,749
741,751
742,746
742,747
743,746
743,752
744,886
745,793
745,841
746,760
746,792
746,794
746,835
746,846
747,753
747,755
747,756
747,781
747,787
748,753
748,759
749,754
750,757
751,758
752,753
752,754
753,761
754,765
755,817
756,761
756,762
757,764
758,761
758,762
758,763
758,764
758,766
758,767
759,761
759,762
759,819
760,963
761,769
761,770
762,772
763,889
763,919
764,768
765,771
766,897
767,768
767,773
768,774
768,775
768,777
768,779
768,798
769,774
769,775
770,776
771,781
772,778
772,780
772,788
773,774
773,777
773,810
774,782
774,783
774,785
774,803
774,883
774,885
775,782
775,783
775,843
776,782
777,787
777,793
778,837
779,782
780,786
780,795
781,784
781,786
782,789
782,793
782,795
783,788
783,789
783,796
783,837
784,791
784,794
785,937
785,948
786,790
786,792
787,790
788,859
788,937
789,797
789,946
790,799
791,800
791,832
791,833
792,797
792,850
793,796
793,808
793,899
794,796
794,798
795,870
796,801
797,801
797,804
798,805
799,806
800,802
800,803
801,889
802,810
802,868
802,889
803,858
803,956
804,807
804,811
804,856
804,922
805,808
806,807
806,809
806,812
807,817
808,814
808,818
808,820
808,832
809,813
809,816
810,812
810,819
811,815
812,824
812,864
813,821
813,822
813,825
814,823
814,900
815,836
815,881
815,907
816,825
816,840
817,821
817,941
818,822
818,856
818,863
818,870
818,898
819,912
819,922
820,939
821,826
821,828
823,868
823,917
824,831
825,827
825,829
825,830
827,836
827,837
827,838
827,839
828,953
829,833
829,854
830,832
830,833
830,834
831,835
831,856
833,843
834,952
835,840
835,892
835,916
836,847
837,844
837,845
838,842
839,841
839,846
840,852
841,849
841,852
841,854
841,858
842,848
842,851
842,877
843,848
843,853
844,850
844,971
844,972
845,848
845,863
846,994
847,985
848,857
848,894
848,897
848,907
849,855
849,896
851,858
851,859
852,860
853,885
854,856
854,861
855,862
856,942
856,951
857,862
858,967
859,991
860,943
861,863
861,864
861,865
862,873
862,968
862,979
863,868
863,871
864,870
864,872
864,891
865,866
865,867
865,869
865,899
866,884
869,876
870,878
871,877
871,921
872,874
872,875
874,883
874,885
874,944
875,881
875,887
876,879
876,880
876,882
876,897
877,880
878,884
879,889
880,887
880,891
880,892
881,888
883,896
884,886
884,890
886,893
887,900
888,896
888,898
888,899
889,896
890,897
891,894
891,895
892,942
893,900
893,906
893,907
894,961
895,901
895,904
895,905
896,927
897,902
897,904
898,903
899,985
900,908
900,910
902,909
902,911
903,909
904,929
906,912
906,947
908,913
908,914
908,915
909,927
909,951
910,916
910,918
912,917
913,954
914,923
914,927
915,919
915,922
916,920
916,925
917,921
918,924
918,926
919,935
920,931
923,932
924,929
924,934
925,930
925,934
925,935
926,928
926,997
927,933
927,997
928,991
929,939
932,936
932,937
934,940
935,938
937,944
937,945
937,991
938,941
938,943
938,946
939,942
941,951
942,947
942,948
942,949
942,950
942,952
942,953
945,964
946,966
948,958
949,955
951,954
951,968
952,957
953,956
955,960
956,960
956,962
956,964
957,963
957,965
957,966
958,959
958,961
960,967
960,970
961,968
962,973
963,969
965,976
966,970
966,976
967,975
967,981
968,971
968,973
970,972
970,974
971,976
973,978
973,980
973,981
975,977
975,979
976,985
977,982
978,984
980,982
980,983
980,999
982,987
983,989
984,986
984,990
985,988
985,990
985,991
987,996
988,993
988,994
988,999
989,992
989,995
990,997
991,998
991,1000
<end>