<number of tasks>
20
<cycle time>
1000
<order strength>
0.500
<z_alpha>
1.960
<task times>
1 676 23801.8394
2 683 2188.0350
3 575 10706.4287
4 518 1952.1762
5 546 3353.7582
6 406 3981.3417
7 447 6051.7514
8 464 5260.8904
9 481 11828.9072
10 639 397.7048
11 473 6703.5237
12 362 1076.6249
13 618 5444.8433
14 483 11719.3741
15 448 11284.2248
16 602 18881.0191
17 482 13223.6837
18 613 18895.9209
19 395 4314.0786
20 766 13696.8232
<precedence relations>
1,5
2,4
2,6
3,6
4,8
5,9
6,7
6,10
6,11
7,12
8,14
9,14
10,13
11,14
11,15
12,16
13,17
14,17
14,18
15,18
16,19
17,19
17,20
<end>