<number of tasks>
100
<cycle time>
1000
<order strength>
0.896
<z_alpha>
1.280
<task times>
1 242 5903.4964
2 142 1315.5071
3 98 766.9119
4 168 4327.1275
5 273 9851.9948
6 136 2803.1026
7 37 321.6104
8 42 323.5523
9 311 15574.8838
10 75 1330.1405
11 258 14146.2447
12 144 286.3127
13 251 2680.9360
14 27 171.3370
15 74 1310.1554
16 204 8979.5412
17 99 1051.2298
18 135 363.7855
19 57 558.6220
20 109 1301.3229
21 202 8582.4563
22 116 2991.4673
23 114 2965.7132
24 240 11787.5731
25 84 378.3823
26 343 14298.2470
27 239 5575.4586
28 106 1517.2288
29 49 499.3671
30 47 132.3027
31 147 4999.8291
32 241 1316.1354
33 132 3331.7846
34 75 70.9249
35 22 99.3253
36 191 7529.0805
37 164 4917.7674
38 211 4050.8705
39 131 2852.1523
40 153 3856.5223
41 229 7971.9769
42 78 757.5009
43 141 4828.3387
44 106 2513.6960
45 149 3931.2309
46 156 3457.7204
47 82 1211.9787
48 159 3775.2574
49 176 2684.8856
50 116 3047.3622
51 122 2918.3353
52 31 133.4640
53 160 5619.5859
54 116 3002.0445
55 107 1627.7142
56 182 7759.7916
57 47 293.3952
58 167 2490.3380
59 171 2702.2676
60 72 217.1387
61 23 93.0683
62 44 442.8581
63 286 843.4503
64 95 396.7706
65 58 408.6344
66 194 7267.4682
67 165 4593.8255
68 64 941.8492
69 144 4525.1647
70 128 753.4606
71 155 4017.4900
72 145 2326.2231
73 113 118.4596
74 232 4311.7657
75 92 1447.6601
76 252 7589.3952
77 241 2447.7562
78 182 7918.2887
79 134 3952.9194
80 266 16951.1157
81 143 99.6551
82 79 600.2798
83 144 1390.2182
84 100 221.7728
85 160 2048.4482
86 289 1027.7296
87 200 4833.9588
88 109 670.3503
89 156 4541.2235
90 64 87.0881
91 196 2835.8204
92 187 4612.4586
93 167 5249.4209
94 131 3640.0373
95 170 5113.0113
96 140 1851.8629
97 244 8716.0249
98 186 6139.2443
99 24 15.3770
100 251 9579.1514
<precedence relations>
1,4
1,5
1,6
2,4
2,5
2,6
3,4
3,5
3,6
4,7
5,7
6,7
7,8
7,9
7,10
8,11
8,12
9,11
9,12
10,11
10,12
11,13
11,15
11,17
12,13
12,14
12,16
12,17
13,18
13,19
13,20
13,21
14,18
14,19
14,20
15,20
15,21
16,18
16,19
16,20
16,21
17,18
17,19
17,20
17,21
18,22
18,23
18,24
18,25
19,22
19,23
19,24
19,25
20,22
20,23
20,24
20,25
21,22
21,23
21,24
21,25
22,26
22,27
22,28
23,26
23,27
23,28
24,26
24,27
24,28
25,26
25,27
25,28
26,29
26,30
26,31
26,32
27,29
27,30
27,31
27,32
28,29
28,30
28,31
28,32
29,33
29,34
29,35
29,36
29,37
29,38
30,35
30,37
30,38
30,40
31,33
31,34
31,35
31,36
31,37
31,38
32,46
33,39
33,40
33,41
33,42
34,39
34,40
34,41
34,42
35,39
35,41
35,42
36,39
36,40
36,41
37,50
37,53
38,44
38,45
38,46
39,43
39,44
39,45
39,46
40,43
40,44
40,45
40,46
41,43
41,44
41,45
41,46
42,43
42,44
42,45
42,46
43,47
43,48
43,49
44,47
44,48
44,49
45,50
45,53
46,47
46,48
47,51
47,52
47,53
47,54
47,55
48,51
48,57
48,63
49,52
49,53
49,55
50,51
50,52
50,54
50,55
51,56
51,61
51,72
52,56
52,57
52,59
53,74
53,79
54,56
54,63
55,58
55,59
56,60
57,90
57,95
58,61
58,62
60,70
61,67
62,63
62,64
63,65
63,66
63,67
64,74
65,69
65,70
66,77
67,68
68,71
68,73
69,71
69,72
69,73
70,74
71,75
71,76
71,77
72,75
73,78
73,80
74,76
74,77
75,78
75,79
75,80
76,80
76,91
76,94
77,78
78,81
78,82
78,83
79,94
80,81
80,86
81,99
81,100
82,85
82,86
83,84
84,88
84,98
85,87
85,92
86,89
87,90
87,91
87,94
88,90
88,92
88,93
89,90
89,92
91,97
91,98
92,95
92,96
94,96
94,97
94,98
95,99
96,100
97,99
97,100
<end>