<number of tasks>
20
<cycle time>
1000
<order strength>
0.189
<z_alpha>
1.645
<task times>
1 220 8520.5130
2 245 3899.2851
3 282 8006.7630
4 485 10560.8954
5 94 2147.2734
6 265 14498.0259
7 181 6752.5681
8 254 9749.7041
9 426 16140.3539
10 46 396.7637
11 279 11091.2625
12 155 2663.2935
13 280 17701.3395
14 77 1296.2394
15 338 341.5465
16 564 47684.6527
17 539 40446.2889
18 88 776.4021
19 42 6.7104
20 279 5244.9450
<precedence relations>
1,7
1,8
3,10
4,9
7,12
9,11
11,13
11,15
12,14
12,16
14,17
14,18
14,20
15,19
<end>