<number of tasks>
100
<cycle time>
1000
<order strength>
0.597
<z_alpha>
1.280
<task times>
1 535 34804.3864
2 467 32793.9139
3 575 7460.7114
4 590 39546.9152
5 491 24555.7778
6 182 178.5142
7 621 10322.0501
8 432 26773.4905
9 643 20313.0921
10 531 38624.8789
11 332 26877.3638
12 532 33299.2231
13 385 6232.0359
14 345 17209.5903
15 384 23930.5985
16 419 12209.9923
17 430 9078.4282
18 565 15481.6728
19 513 28510.5768
20 589 18047.8944
21 330 19665.5231
22 288 6905.8685
23 530 16975.4810
24 500 48343.7564
25 506 56564.6443
26 479 22097.5717
27 614 5755.8780
28 423 14037.8071
29 623 23344.6427
30 584 13772.2731
31 539 11399.7187
32 512 54813.8098
33 584 36068.6512
34 294 14353.7373
35 670 12020.0555
36 403 10740.6607
37 334 25754.1667
38 460 38220.0153
39 750 11725.3307
40 553 44901.3740
41 750 4213.4658
42 490 33785.5797
43 514 57129.6905
44 363 18213.1287
45 349 27840.1454
46 586 10749.0103
47 565 16574.7443
48 613 15506.1960
49 578 24354.6069
50 539 9575.3319
51 619 35211.0149
52 700 5283.4599
53 675 3922.0343
54 461 3512.3489
55 566 13357.8825
56 442 3703.3460
57 486 1141.7150
58 379 4315.7310
59 583 29150.6919
60 426 1996.4684
61 483 25675.4989
62 350 528.4208
63 395 32290.6082
64 409 39746.6428
65 429 2885.4186
66 465 47487.0567
67 320 17873.1834
68 481 27593.0382
69 542 34954.7964
70 555 47906.0044
71 762 1521.1673
72 269 10456.4752
73 383 8972.6350
74 585 33121.8331
75 564 22052.0366
76 540 29045.4581
77 587 16160.4293
78 694 23969.0912
79 384 131.6230
80 494 57706.8283
81 314 11005.1963
82 506 33729.6269
83 291 16894.7999
84 500 48953.9914
85 218 11083.2509
86 682 20523.4772
87 369 13200.0244
88 376 3628.3053
89 555 13669.6340
90 631 12883.9386
91 484 28523.4887
92 388 9410.7888
93 300 19569.7655
94 347 12003.4316
95 664 8556.0410
96 276 5149.1140
97 417 8524.0333
98 517 47565.0323
99 509 4440.5595
100 673 8898.5281
<precedence relations>
1,4
1,6
2,4
2,12
3,5
3,7
3,8
4,9
4,10
4,11
4,13
5,9
5,15
5,30
6,11
6,12
6,14
7,11
7,17
8,9
8,27
9,17
9,18
9,20
10,42
11,16
11,20
12,16
12,34
13,31
13,35
13,50
14,17
14,19
14,20
15,16
15,31
15,44
16,25
16,33
16,40
16,66
17,62
17,68
17,87
18,21
18,28
19,21
19,22
19,23
19,36
20,24
20,26
20,50
21,29
22,30
23,79
23,87
24,42
25,27
25,41
26,28
27,59
27,64
28,31
28,34
28,36
29,34
29,37
29,55
30,31
30,32
30,33
30,34
30,35
30,38
31,39
31,42
31,53
32,41
32,44
33,43
33,45
34,52
34,53
35,40
35,71
35,95
35,97
35,99
36,40
36,54
36,81
36,92
37,44
38,41
38,54
39,48
39,55
40,53
41,59
42,45
42,47
42,69
43,46
44,45
45,49
45,61
45,63
45,64
46,49
46,50
46,53
47,82
47,85
48,51
48,52
48,59
49,54
49,67
49,70
50,55
50,59
51,58
51,60
52,56
52,57
53,67
54,68
54,72
54,84
54,97
55,67
56,91
57,66
58,61
58,65
58,85
59,62
59,65
60,61
60,63
60,64
60,69
61,71
61,96
62,72
62,73
63,70
63,71
63,72
63,73
64,67
64,68
64,70
65,67
65,69
65,70
66,70
66,91
67,93
68,76
68,79
69,82
69,87
70,77
70,80
71,75
71,88
72,74
72,75
72,82
73,78
74,83
76,89
76,96
76,98
78,81
78,82
78,85
79,91
80,83
80,84
80,86
80,87
80,88
81,90
81,93
81,94
83,90
85,91
85,92
86,90
86,96
87,89
87,95
88,89
92,97
92,99
93,98
96,100
<end>