<number of tasks>
20
<cycle time>
1000
<order strength>
0.800
<z_alpha>
1.280
<task times>
1 288 4470.8635
2 376 12478.7618
3 505 8176.6998
4 527 57846.1613
5 110 758.4182
6 206 10332.3423
7 28 124.3997
8 51 27.1643
9 221 7336.4323
10 115 2506.7355
11 119 2256.8133
12 168 3458.5118
13 240 1359.4324
14 514 20921.1800
15 146 1865.8389
16 222 7285.4069
17 43 290.1066
18 502 26740.3456
19 491 32738.3452
20 195 4681.2753
<precedence relations>
1,4
1,5
2,5
3,4
4,6
5,6
6,7
6,8
6,9
8,11
8,13
9,10
9,11
10,12
10,13
11,12
12,16
13,14
13,15
14,18
15,17
15,18
16,17
16,18
17,19
18,20
<end>