<number of tasks>
100
<cycle time>
1000
<order strength>
0.596
<z_alpha>
1.645
<task times>
1 229 13108.6285
2 235 8215.7528
3 146 2083.9266
4 239 1704.3137
5 78 577.5046
6 52 437.5966
7 238 8091.9597
8 51 164.6570
9 183 154.2804
10 115 301.1796
11 240 3479.3096
12 134 4409.9787
13 35 217.2013
14 45 130.9875
15 152 1694.8170
16 169 3960.1025
17 181 1353.9656
18 188 3768.0603
19 151 3097.6418
20 131 2884.9642
21 86 1474.0810
22 475 31630.5790
23 79 1088.2679
24 40 96.2433
25 45 249.7223
26 172 6405.2712
27 199 8275.5610
28 84 1731.1015
29 73 9.4447
30 212 7146.0461
31 81 1495.9253
32 366 26190.8255
33 237 12835.5617
34 32 213.1582
35 198 3985.2162
36 148 2075.3464
37 106 2748.2432
38 136 756.8677
39 272 13999.4039
40 186 6295.4241
41 49 151.0538
42 291 13917.9243
43 61 597.7845
44 157 2361.6320
45 62 492.3941
46 172 5256.8755
47 61 247.2915
48 197 4057.8882
49 171 4257.4388
50 43 246.7552
51 39 183.9346
52 221 9345.7232
53 244 9144.6373
54 83 307.3626
55 139 644.1229
56 90 524.7249
57 319 25426.2374
58 29 207.9082
59 170 2835.6095
60 49 455.4382
61 130 1359.6748
62 174 2053.5180
63 109 882.0001
64 240 2404.9710
65 129 2676.7715
66 215 9000.7790
67 63 589.9194
68 410 41710.9948
69 255 10696.2750
70 83 1125.9110
71 106 2783.0727
72 160 4823.2277
73 146 2072.7480
74 47 549.2276
75 178 960.7954
76 108 1211.2515
77 198 8726.7844
78 187 6162.0045
79 71 215.3425
80 51 404.3681
81 163 3457.2013
82 105 523.8209
83 151 5317.9644
84 158 5610.7953
85 258 13580.5322
86 155 4367.5381
87 139 2009.2529
88 118 1477.8012
89 27 121.8952
90 70 721.8775
91 83 300.2591
92 272 10346.4985
93 102 818.2739
94 128 1656.7442
95 70 73.0012
96 52 513.0552
97 197 8127.1434
98 54 192.1676
99 123 1277.1012
100 67 1082.3234
<precedence relations>
1,30
2,71
3,6
3,8
4,5
4,7
4,12
4,20
4,27
5,30
6,30
7,81
8,9
8,10
8,11
8,12
8,13
8,14
8,15
8,16
9,30
10,81
11,81
12,92
13,17
13,18
13,31
14,18
14,19
14,20
14,21
14,22
15,17
15,18
15,19
15,20
15,21
16,21
16,22
17,30
18,30
19,81
20,46
21,23
21,24
21,25
21,26
21,27
21,28
21,29
22,23
22,24
22,28
22,29
23,30
24,30
25,30
26,30
27,46
28,71
29,31
29,32
29,33
29,34
29,45
30,35
30,36
30,37
30,38
30,39
30,40
30,41
30,42
30,43
31,81
32,46
33,92
34,64
35,46
36,44
36,45
36,84
37,62
37,65
37,72
37,83
38,47
38,48
38,61
39,67
39,83
40,61
40,62
41,44
41,45
41,48
41,63
42,44
42,62
42,63
42,64
43,44
43,45
43,46
43,48
44,81
45,81
46,49
46,50
46,51
46,52
46,53
46,54
46,55
46,56
46,57
46,58
46,59
46,60
46,61
47,71
48,49
48,64
49,81
50,80
51,62
51,68
51,72
51,73
52,62
52,63
52,84
53,66
53,67
54,62
54,63
54,66
54,67
55,62
55,69
56,84
57,62
57,65
57,67
57,71
58,62
58,63
58,64
59,62
59,65
59,69
60,62
60,69
60,83
61,63
61,64
62,81
63,83
64,65
64,66
64,67
65,84
66,68
67,69
68,71
69,70
69,72
69,73
70,81
71,74
71,75
71,76
71,77
71,78
71,79
71,80
72,92
73,74
73,80
74,81
75,81
75,82
76,81
76,82
76,83
77,83
77,84
77,92
77,93
78,81
79,84
79,92
80,82
81,85
81,86
81,87
81,88
81,89
81,90
81,91
81,93
82,92
92,94
92,95
92,96
92,97
92,98
92,99
92,100
<end>