<number of tasks>
100
<cycle time>
1000
<order strength>
0.195
<z_alpha>
1.280
<task times>
1 821 6504.8577
2 697 981.6319
3 677 18140.4871
4 631 13205.3141
5 602 641.0477
6 458 6272.3018
7 673 23809.2592
8 608 14253.8474
9 678 8007.7655
10 386 4778.6658
11 416 4598.5975
12 550 8490.3660
13 406 2064.0524
14 608 11280.9819
15 479 8216.9049
16 500 3457.3568
17 581 3048.3582
18 637 25060.7650
19 393 2578.8566
20 536 8959.2108
21 563 17586.1421
22 252 2623.6825
23 217 1290.5694
24 671 19663.8353
25 595 12615.5748
26 387 8332.2566
27 619 14612.1402
28 574 18984.3636
29 502 6239.2716
30 430 9011.2038
31 379 8160.6489
32 530 2767.5024
33 530 9971.4445
34 415 8877.2132
35 391 8907.9568
36 528 1613.4213
37 331 6393.0365
38 419 982.3310
39 592 19763.5753
40 386 7663.4154
41 524 7211.2293
42 467 7873.8898
43 639 15333.7928
44 468 712.0758
45 435 8990.9634
46 544 612.4979
47 668 11618.8104
48 443 8654.6650
49 544 18271.5195
50 277 1796.7933
51 172 1503.6776
52 586 4303.2915
53 528 3578.6100
54 666 11993.2918
55 541 9010.0557
56 288 4363.5420
57 658 18936.5028
58 537 13069.1824
59 498 15405.7121
60 584 445.1745
61 402 6237.4622
62 457 7196.9005
63 674 4118.0408
64 447 11336.7306
65 352 3052.5098
66 496 1811.1128
67 508 14581.5085
68 616 7544.0751
69 692 5021.4816
70 623 278.2528
71 478 5585.6634
72 575 8906.6389
73 635 9522.5948
74 396 6515.4546
75 384 5136.6003
76 845 3242.0221
77 494 14756.7424
78 609 10760.1494
79 541 11042.5787
80 286 1386.8463
81 788 4073.6988
82 657 3945.5380
83 685 20917.8595
84 393 5850.5973
85 548 3908.4339
86 378 7168.7735
87 368 5253.6634
88 297 4677.0980
89 459 4877.3867
90 418 209.2385
91 298 4801.8793
92 736 3271.0971
93 482 11796.0990
94 539 887.5209
95 278 4365.7769
96 480 13984.8236
97 493 14775.0948
98 579 6173.8523
99 479 2474.5312
100 695 16456.8057
<precedence relations>
1,10
1,25
2,20
2,96
3,9
3,11
3,19
4,8
4,14
4,69
5,16
5,18
5,50
6,12
6,69
7,13
7,15
7,17
9,21
9,29
10,22
10,26
10,45
10,90
11,24
11,84
13,28
13,32
14,23
14,28
14,65
15,25
15,35
16,37
18,27
19,33
21,36
21,90
22,43
24,32
24,95
25,33
25,81
25,82
26,30
26,61
27,31
27,34
29,35
30,38
30,39
30,57
31,71
32,40
32,42
34,43
34,62
35,37
35,41
36,97
38,43
41,44
41,46
41,47
41,48
42,45
43,54
43,56
44,50
44,53
44,57
45,51
45,52
47,49
47,50
48,55
49,61
50,59
50,60
51,94
52,69
53,64
53,65
53,66
54,58
55,62
55,68
56,63
57,67
58,70
59,92
60,78
61,77
62,72
62,73
62,93
65,92
66,76
68,71
68,74
69,75
69,80
69,96
71,79
71,80
71,86
72,88
72,89
73,82
73,84
74,85
75,92
76,83
77,81
79,93
79,99
80,88
80,89
80,91
81,87
82,94
85,90
86,92
86,95
89,98
90,97
91,100
94,96
94,99
<end>