<number of tasks>
1000
<cycle time>
1000
<order strength>
0.895
<z_alpha>
1.960
<task times>
1 234 8002.9567
2 80 82.7497
3 128 2010.5023
4 220 312.9405
5 58 348.8507
6 123 730.0907
7 113 870.3548
8 59 450.3111
9 222 11959.2592
10 169 5241.3333
11 125 1235.1699
12 102 1325.4719
13 165 6298.8974
14 54 2.4331
15 123 687.2692
16 212 4300.4414
17 152 2131.2799
18 45 167.5160
19 67 506.4956
20 172 607.5224
21 203 2085.8457
22 138 3560.1215
23 107 2129.0392
24 103 1984.2931
25 137 4653.8475
26 164 2690.5675
27 130 3521.5027
28 181 6886.6230
29 386 32071.6023
30 119 224.0721
31 44 155.4158
32 261 11950.4843
33 94 188.0052
34 145 4788.0257
35 138 1169.6553
36 127 2744.2276
37 34 214.5070
38 40 366.4238
39 187 5910.7151
40 152 488.7998
41 146 758.4864
42 53 83.1579
43 181 504.7707
44 147 3604.7479
45 278 4748.8520
46 83 930.7057
47 46 442.4914
48 32 133.6052
49 65 5.8398
50 151 4718.5216
51 178 570.6722
52 62 58.7267
53 32 169.3349
54 222 2801.6339
55 35 48.6415
56 202 7319.6245
57 141 370.6146
58 160 4937.8186
59 32 25.3866
60 150 2480.4950
61 173 7335.1416
62 134 299.7881
63 111 112.4913
64 308 16153.6512
65 37 87.1352
66 215 5185.5464
67 185 7921.3468
68 149 2357.7015
69 35 13.4290
70 193 2701.4514
71 171 4152.9649
72 86 1488.0940
73 137 2627.9512
74 383 28226.0775
75 58 408.2004
76 131 1391.7568
77 146 3054.4725
78 42 274.8855
79 167 5608.8262
80 180 4005.5174
81 62 667.6744
82 108 2047.4750
83 94 219.6316
84 142 2616.9753
85 138 2615.5486
86 107 1531.5753
87 61 845.8347
88 63 721.1365
89 128 3246.9217
90 48 226.2158
91 87 1658.8956
92 165 5173.3414
93 40 301.5807
94 31 53.7306
95 77 482.2740
96 90 1062.5411
97 225 9374.8253
98 278 637.7232
99 80 1432.8879
100 258 13866.8300
101 104 2641.7524
102 109 275.1618
103 220 5417.4250
104 131 3488.3697
105 164 5845.6533
106 130 2762.0262
107 111 290.9773
108 108 1969.9919
109 103 1859.5306
110 94 1151.5261
111 147 392.2431
112 94 179.8879
113 37 132.1714
114 27 11.7297
115 55 620.7826
116 32 71.4808
117 109 1168.9639
118 32 57.0739
119 149 3694.3652
120 109 232.7833
121 32 133.7677
122 271 14763.0684
123 20 45.2104
124 68 762.1425
125 81 1060.9516
126 287 17116.1670
127 83 21.3964
128 55 527.6793
129 200 6990.8185
130 27 40.9655
131 34 42.6191
132 49 474.7976
133 143 2944.4282
134 213 6417.2285
135 101 858.2185
136 145 939.4882
137 89 1763.3897
138 34 83.0162
139 154 3288.4321
140 44 379.0016
141 135 3209.2101
142 29 54.3845
143 253 14511.2025
144 99 1039.0355
145 140 3170.2481
146 180 808.7081
147 192 6836.8741
148 206 3647.2991
149 40 365.4357
150 70 201.9426
151 48 60.2828
152 86 1597.0958
153 132 552.5203
154 224 9455.1351
155 64 809.9175
156 134 1234.6052
157 119 2045.5098
158 215 550.4300
159 128 201.3244
160 49 554.8058
161 35 23.6609
162 33 181.0942
163 296 9577.8120
164 193 4730.1016
165 70 1149.4169
166 280 16101.4384
167 188 8259.2532
168 181 1227.1110
169 91 1739.5508
170 36 164.6256
171 49 317.2818
172 134 3244.1925
173 163 149.9853
174 231 1022.8267
175 81 1486.9355
176 183 3396.1640
177 168 1598.5479
178 162 1857.7846
179 48 535.1238
180 244 14541.8968
181 189 8157.7510
182 124 1087.2043
183 225 9447.2106
184 134 3838.4925
185 233 339.9850
186 60 875.2313
187 212 9381.8261
188 32 128.5278
189 174 6870.9946
190 220 8297.6563
191 80 157.8019
192 344 13252.4307
193 224 10466.7619
194 211 8815.5093
195 304 1505.5039
196 182 2313.2781
197 273 1500.1004
198 221 10453.9927
199 85 1603.4426
200 30 117.1168
201 315 4189.5576
202 402 8919.4522
203 105 846.2215
204 161 5045.4719
205 47 247.8232
206 126 543.7639
207 408 37947.6881
208 83 1092.1626
209 231 2699.0066
210 78 1354.1173
211 185 8277.0550
212 102 1312.2854
213 30 180.8073
214 156 2305.7462
215 49 518.1180
216 223 1875.3020
217 46 339.2935
218 106 2573.2930
219 59 836.4359
220 217 6690.0621
221 73 509.5773
222 192 196.0813
223 213 7885.8468
224 123 3207.5101
225 67 941.5393
226 204 5292.8669
227 106 1846.4923
228 45 9.1376
229 124 2227.1617
230 117 1337.8620
231 202 8338.7854
232 182 7291.0974
233 223 9380.2443
234 62 855.8446
235 216 10951.1628
236 87 670.3820
237 62 49.3053
238 265 8051.9217
239 81 1389.5911
240 115 2597.1868
241 284 8454.8972
242 196 2388.8290
243 326 20198.0056
244 194 958.1381
245 258 1165.7097
246 162 3349.2911
247 198 5083.1111
248 71 1137.4087
249 387 30322.8102
250 78 782.3477
251 126 3227.9456
252 214 4098.0160
253 133 395.4699
254 164 2747.5333
255 166 1776.2598
256 200 4775.5443
257 206 3404.2165
258 241 4457.1792
259 93 782.3650
260 97 2004.0765
261 157 497.4273
262 287 8741.8568
263 147 2922.5541
264 79 1081.8300
265 230 4882.7801
266 204 4562.8467
267 196 5068.0166
268 75 283.2668
269 150 4320.9663
270 139 3849.7025
271 96 1642.3272
272 278 9838.3573
273 42 281.0693
274 324 21998.8866
275 123 2142.9864
276 230 10606.1004
277 38 199.9716
278 142 4014.0909
279 140 854.7458
280 47 490.3942
281 306 14992.1562
282 240 6636.1164
283 185 6543.2963
284 80 1298.6795
285 190 6043.2993
286 228 6804.5065
287 201 2882.5347
288 101 710.8774
289 186 7529.6781
290 130 3146.3562
291 179 4156.7731
292 109 1429.3293
293 220 9657.2819
294 21 7.3710
295 92 1848.0832
296 82 572.8273
297 24 120.4830
298 64 955.7493
299 202 5510.4143
300 203 10019.1178
301 276 1686.5727
302 111 2608.9338
303 34 244.5688
304 115 3148.0540
305 145 4856.9932
306 25 64.3273
307 55 11.0472
308 175 2294.4121
309 151 3557.8340
310 43 384.3100
311 168 1915.6400
312 66 759.1421
313 154 2579.2501
314 261 7466.1421
315 41 181.7537
316 254 14813.3774
317 82 1379.5264
318 21 11.8229
319 90 944.8797
320 33 135.7014
321 108 1290.9222
322 50 93.6047
323 247 10489.9883
324 124 33.4128
325 90 37.9327
326 105 1775.1732
327 112 109.0889
328 52 318.7082
329 316 16897.1600
330 140 2724.7809
331 164 4430.1027
332 23 131.3463
333 112 2246.9668
334 101 2205.5594
335 81 1003.6882
336 151 3508.2863
337 240 11702.2705
338 23 82.9786
339 191 6040.4711
340 141 4789.1389
341 81 1249.1220
342 248 13475.7064
343 185 2221.0480
344 35 253.4192
345 162 2563.5787
346 30 135.3975
347 27 161.5705
348 73 1102.0922
349 50 370.1100
350 180 3051.1467
351 68 456.1365
352 165 1009.4171
353 232 9601.9097
354 99 876.0717
355 109 1450.9673
356 250 9586.0542
357 200 3761.8755
358 165 6094.0550
359 185 4255.7350
360 174 1292.0231
361 107 780.4338
362 163 1562.4360
363 185 1889.9051
364 217 7820.8977
365 151 5209.2240
366 150 1714.3335
367 69 565.4412
368 115 489.4446
369 208 5410.4245
370 53 255.7737
371 127 1331.0788
372 78 334.6665
373 113 1050.5769
374 210 7180.6434
375 223 7538.4338
376 219 5264.5274
377 186 4593.5583
378 111 2263.2881
379 323 12899.8381
380 170 2586.7488
381 76 489.5507
382 136 1170.5386
383 73 1105.3486
384 187 4930.6519
385 233 6928.0846
386 300 13336.2878
387 45 414.9504
388 214 9543.8530
389 86 1301.9148
390 303 11157.2248
391 111 522.9256
392 222 6848.3981
393 66 1051.6978
394 215 2564.5252
395 147 1719.8095
396 36 303.3358
397 126 3388.5765
398 77 1092.9879
399 147 2162.9283
400 65 523.3774
401 105 2610.6847
402 153 703.7638
403 107 1552.4994
404 214 7451.1686
405 249 10308.4264
406 24 104.7529
407 65 377.4729
408 126 2580.3439
409 423 5103.4393
410 86 1329.4944
411 55 31.2239
412 84 470.5861
413 275 13990.4806
414 190 1658.9748
415 45 147.4159
416 109 158.3274
417 152 4742.4246
418 110 1338.0069
419 125 775.2365
420 234 4320.5484
421 75 151.6333
422 91 1240.7346
423 68 1034.5435
424 227 7561.7344
425 123 3772.3857
426 193 2016.6191
427 81 335.1250
428 41 375.6542
429 168 2111.1437
430 108 1702.4748
431 187 6990.1211
432 281 6546.7683
433 142 552.1244
434 214 3563.3042
435 54 579.8026
436 103 329.2666
437 154 956.3373
438 153 5264.5375
439 255 7847.8635
440 208 3955.8265
441 61 5.1682
442 175 5415.6695
443 220 3070.0751
444 82 822.7003
445 206 3530.5647
446 175 6792.8374
447 136 2405.7849
448 64 1007.2904
449 219 5251.9463
450 49 597.4641
451 109 309.5858
452 125 2467.3967
453 108 615.2753
454 52 335.9454
455 101 1632.5619
456 139 3911.4744
457 125 3765.8304
458 213 935.4022
459 240 2125.0854
460 214 7366.4995
461 101 7.7984
462 38 205.8987
463 245 5843.9440
464 102 2229.7831
465 154 3988.5133
466 229 8853.9203
467 238 3004.0258
468 115 446.5180
469 176 5756.1164
470 89 339.1269
471 195 3249.5770
472 150 3877.7118
473 222 10893.8568
474 113 3032.4004
475 199 5883.2037
476 373 20199.4068
477 25 50.4135
478 223 5332.0118
479 106 1178.4312
480 110 229.7399
481 148 4127.0448
482 129 1950.7536
483 46 247.5462
484 176 1897.4942
485 130 2129.9465
486 78 13.0948
487 258 11606.6460
488 188 1960.2343
489 75 672.4886
490 171 1972.2659
491 108 2907.8056
492 199 2250.7110
493 171 1817.8515
494 106 1521.4452
495 105 1119.5417
496 135 2270.2541
497 146 3555.1106
498 209 3638.9170
499 131 4255.4909
500 207 7094.9751
501 105 1300.1551
502 137 1522.4165
503 98 1401.1013
504 39 36.2406
505 268 3235.9211
506 70 1075.4122
507 58 563.2716
508 238 3616.5491
509 55 606.3444
510 97 316.9064
511 258 14078.7078
512 212 8336.0918
513 24 69.9641
514 178 6750.0367
515 45 451.3984
516 99 1875.0591
517 256 4854.9876
518 201 1142.1265
519 138 568.7604
520 241 7130.3570
521 161 3671.7993
522 238 3498.7090
523 136 3015.9909
524 117 3166.3207
525 268 15215.2780
526 292 2978.4496
527 30 173.4013
528 194 6647.0769
529 228 365.5577
530 186 4069.0954
531 135 4446.1938
532 171 5037.8657
533 98 747.3681
534 108 1232.5863
535 195 5733.6074
536 254 14138.0627
537 139 1388.0217
538 217 2160.1677
539 104 1894.1596
540 78 607.0607
541 114 746.0412
542 228 4453.8334
543 236 2451.7739
544 112 2092.4875
545 105 193.5492
546 35 274.7033
547 229 4630.0098
548 140 4758.7304
549 106 1152.4682
550 146 2497.9718
551 183 1881.3556
552 132 1952.5558
553 30 204.7740
554 150 2407.2997
555 198 5198.2236
556 52 243.9557
557 164 2691.2683
558 77 116.8821
559 81 551.1099
560 89 673.4913
561 175 95.0952
562 200 1343.9024
563 105 1796.6571
564 73 1117.9111
565 44 380.8941
566 130 1707.1753
567 153 346.6332
568 219 6217.6075
569 162 999.3680
570 136 497.3788
571 129 2105.0867
572 137 2727.4093
573 102 643.8997
574 57 451.8350
575 121 533.8473
576 229 8869.2999
577 135 3106.3567
578 151 4677.8994
579 131 1668.9689
580 158 2443.6715
581 61 256.4187
582 78 643.0974
583 134 3837.5614
584 79 1277.8288
585 34 240.2446
586 165 5306.9399
587 208 2101.0536
588 175 2571.7660
589 100 1131.5275
590 80 1329.9204
591 152 2599.7818
592 125 1000.7869
593 67 868.3316
594 192 1199.9647
595 154 2246.2968
596 153 1802.8724
597 106 1194.6902
598 90 325.4880
599 22 97.6558
600 163 5107.2824
601 271 4584.3785
602 70 14.1890
603 279 3646.2278
604 118 1481.4363
605 35 14.3651
606 195 2460.3114
607 22 1.5349
608 182 8012.5308
609 140 4887.7706
610 39 263.9491
611 167 83.0863
612 35 19.1062
613 181 4341.0394
614 91 378.1754
615 87 281.0675
616 187 236.3310
617 151 4470.6711
618 177 1498.2377
619 115 2553.0768
620 213 11095.4026
621 149 4619.6119
622 78 937.3921
623 191 4323.3635
624 123 2559.4553
625 197 7764.2389
626 103 789.2182
627 210 4964.9292
628 101 2188.9493
629 155 5478.3483
630 124 3610.6535
631 190 5896.7603
632 179 550.0633
633 127 1719.6936
634 250 6193.5211
635 132 2149.8606
636 23 42.4261
637 179 7160.3217
638 140 3500.3208
639 49 367.3853
640 146 3579.4782
641 146 1441.8325
642 153 1224.5262
643 69 444.7400
644 36 231.8622
645 69 910.3103
646 245 4847.6450
647 247 14568.3679
648 132 2768.5299
649 166 331.9493
650 82 843.3726
651 78 1269.5980
652 102 1665.3053
653 212 9679.1940
654 82 493.8991
655 280 15183.9318
656 205 1982.2057
657 93 1346.8889
658 79 515.4113
659 59 98.7804
660 234 10826.8746
661 154 2064.4775
662 57 805.6149
663 225 6152.0730
664 71 319.6487
665 133 3771.7652
666 88 616.1149
667 84 1582.3213
668 199 810.7734
669 193 5460.0461
670 59 37.6937
671 86 1113.3123
672 47 537.8297
673 101 495.7278
674 97 217.4988
675 201 8769.3661
676 92 854.7777
677 124 698.9587
678 90 1064.5187
679 149 5356.6806
680 135 3343.8544
681 178 5526.5547
682 97 2081.3261
683 75 707.7840
684 61 765.3336
685 168 959.2979
686 257 347.4821
687 73 1229.2475
688 50 590.1505
689 142 4083.2107
690 119 3400.0613
691 102 750.4273
692 135 542.2002
693 52 419.4796
694 117 41.6967
695 66 630.0749
696 77 1131.8626
697 118 3158.5157
698 169 4148.9993
699 231 683.0586
700 223 6630.3375
701 119 254.5514
702 64 648.5138
703 54 438.6590
704 154 5502.5705
705 110 2136.6021
706 78 262.7386
707 183 7878.7712
708 121 1495.5312
709 116 224.0487
710 23 0.5522
711 175 2885.3555
712 109 1789.9836
713 115 3138.1001
714 152 1671.4072
715 44 165.7766
716 117 3018.1603
717 71 320.2128
718 151 659.9419
719 150 1000.9329
720 194 1994.1882
721 112 2965.3456
722 275 10859.8542
723 122 1439.0908
724 57 247.5099
725 136 2922.0452
726 85 1376.0586
727 39 83.9748
728 48 157.2156
729 227 11833.9947
730 91 130.2348
731 212 10975.7338
732 99 1149.7394
733 103 1808.9227
734 172 3192.8573
735 101 299.0195
736 117 27.0383
737 59 696.0213
738 186 3563.4215
739 222 4704.1116
740 139 3266.2053
741 51 241.0757
742 134 1255.1509
743 143 4627.0280
744 129 3265.1857
745 55 328.0166
746 70 914.1478
747 162 621.2854
748 80 1500.2902
749 158 4834.3464
750 247 14867.0472
751 335 25893.8182
752 220 11564.3599
753 171 2858.9558
754 252 1254.3767
755 63 479.8963
756 98 1869.3983
757 169 1521.5576
758 89 1864.1279
759 35 156.1027
760 106 2418.7505
761 110 1343.1043
762 64 877.5875
763 157 1716.2992
764 65 267.0140
765 269 3085.7501
766 123 1145.2100
767 150 1083.1131
768 259 9930.5298
769 187 581.4476
770 102 2506.6526
771 176 2130.6079
772 429 26348.6531
773 75 425.0273
774 42 104.8145
775 200 6591.6314
776 115 1725.2558
777 231 10727.8183
778 314 15285.8248
779 183 6389.5236
780 154 4736.8980
781 103 959.0109
782 103 1616.0439
783 136 1274.0216
784 57 225.5459
785 119 2998.2494
786 140 4433.8063
787 93 1630.6044
788 120 2112.7385
789 88 1821.4185
790 114 1147.9981
791 148 2796.3325
792 92 695.6386
793 154 5580.3835
794 69 694.2048
795 53 222.3519
796 46 417.2909
797 22 14.1356
798 133 1637.4341
799 125 3197.4427
800 210 7886.9524
801 294 6414.8327
802 250 4778.5035
803 200 111.6411
804 231 6342.1882
805 241 9858.3536
806 28 35.2674
807 98 1158.0244
808 109 2276.1576
809 78 627.0585
810 31 180.2503
811 230 9718.3246
812 79 1387.5263
813 116 116.0572
814 162 3923.5496
815 61 57.0937
816 50 467.5463
817 84 1183.5976
818 157 6137.4563
819 32 34.6565
820 150 983.7166
821 283 3423.3169
822 164 3808.2492
823 283 1080.8950
824 145 1195.9325
825 101 856.3025
826 146 1175.2279
827 79 1020.3961
828 30 123.4767
829 42 279.9691
830 64 15.5521
831 160 2176.2595
832 165 3430.7266
833 276 170.6396
834 117 3134.5846
835 93 1249.4452
836 186 5151.8222
837 187 7841.6227
838 101 1462.3781
839 91 1227.9164
840 91 454.8521
841 65 224.7667
842 114 1251.5163
843 189 3992.3487
844 148 4308.8281
845 56 393.2906
846 71 829.0431
847 95 1347.0670
848 149 3193.1720
849 71 843.5946
850 103 1274.5634
851 163 4213.8507
852 75 163.2139
853 121 28.3213
854 68 310.7268
855 69 121.0797
856 106 2382.0142
857 72 665.5497
858 76 985.0974
859 235 12522.5078
860 32 111.0118
861 225 3120.4729
862 138 676.8610
863 266 10802.4838
864 24 11.6394
865 235 10744.4946
866 81 1014.2398
867 55 723.3003
868 73 785.3901
869 107 1838.7293
870 124 999.5120
871 150 2722.2093
872 48 90.0362
873 161 1192.7869
874 46 240.6263
875 102 2509.0053
876 22 71.2155
877 219 8421.0547
878 71 20.2351
879 252 2534.3347
880 198 4098.9346
881 130 2646.4888
882 126 3340.7371
883 134 1634.1995
884 153 2090.5910
885 155 2991.9260
886 356 14325.8293
887 65 495.3906
888 21 72.5443
889 111 586.7641
890 219 4264.2518
891 126 1801.1941
892 176 6471.8909
893 109 839.8585
894 37 115.5595
895 232 3963.3977
896 136 2711.6899
897 162 5837.7222
898 124 690.4178
899 73 272.6997
900 32 2.4864
901 93 571.6510
902 181 4987.7621
903 195 1280.8899
904 212 9737.0668
905 201 7406.5094
906 220 9946.0369
907 235 1707.4320
908 134 179.3345
909 258 15841.3413
910 59 160.5055
911 70 186.8585
912 145 2567.2736
913 58 157.9140
914 135 3918.4711
915 96 1205.5831
916 82 162.1000
917 60 889.9286
918 93 1409.5570
919 107 1112.5097
920 68 101.9891
921 218 10826.0967
922 88 1662.7499
923 130 2363.0237
924 138 3529.8957
925 89 608.4458
926 44 24.7462
927 82 1426.5968
928 193 1563.9654
929 172 4586.8384
930 149 2679.9286
931 102 1243.0487
932 182 5341.8559
933 176 7053.0464
934 188 2339.8837
935 70 588.8014
936 81 345.3178
937 148 4803.4325
938 107 290.2577
939 293 13730.7625
940 221 242.0339
941 73 319.5306
942 239 577.0405
943 171 5994.6470
944 256 9146.2302
945 148 2686.6746
946 65 300.5647
947 131 2343.8863
948 126 1942.2456
949 134 1896.3360
950 63 37.4303
951 88 167.8918
952 89 66.5542
953 206 9781.0705
954 115 1780.2654
955 39 132.2943
956 254 998.9765
957 331 27177.1826
958 84 341.0756
959 100 246.8629
960 162 2764.9480
961 81 1381.7005
962 142 2232.8178
963 206 1313.4636
964 130 3564.0834
965 170 1296.5207
966 107 289.9713
967 167 4684.7118
968 162 1167.2423
969 30 10.8421
970 179 7054.1890
971 80 1365.4592
972 240 1336.8576
973 98 1013.0895
974 49 10.3854
975 118 181.8938
976 200 7454.4888
977 204 10209.5623
978 285 13712.9619
979 145 895.9593
980 187 8342.6783
981 186 1569.4283
982 150 2628.3865
983 35 63.8607
984 200 8993.8372
985 41 324.1845
986 232 1095.9028
987 104 998.2314
988 37 33.1719
989 25 72.1282
990 113 1431.7212
991 184 5697.2373
992 26 38.0512
993 289 19206.7206
994 91 423.6549
995 107 2774.6122
996 236 2071.9402
997 176 6468.8406
998 56 588.4031
999 98 1476.5044
1000 141 3088.4830
<precedence relations>
1,33
1,43
2,23
3,10
3,11
4,10
4,11
4,12
4,13
5,28
5,29
5,36
6,10
6,11
6,12
6,13
7,10
7,26
8,10
8,11
9,10
9,11
9,12
10,14
10,15
10,18
10,20
10,28
11,14
11,15
11,16
11,17
11,18
11,19
11,21
12,14
12,15
12,16
12,17
12,18
13,14
13,15
13,16
13,19
13,21
14,525
15,22
15,33
15,42
15,43
16,22
16,23
16,24
16,25
16,26
16,27
16,28
16,29
17,22
17,23
17,24
17,25
17,29
18,22
18,23
18,24
18,25
18,27
18,29
19,22
19,23
19,24
19,28
19,29
20,22
20,149
21,24
21,25
22,202
23,30
23,31
23,34
23,36
23,37
24,30
24,31
24,32
24,33
24,34
24,35
24,36
25,76
25,97
26,30
26,31
26,32
26,35
26,36
26,41
27,30
27,31
27,32
27,33
27,40
28,30
28,31
28,32
28,33
28,34
28,37
29,30
29,31
29,32
29,33
30,38
30,39
30,42
30,43
31,39
32,219
33,38
33,41
34,38
34,39
34,40
34,41
34,42
34,43
35,38
35,40
36,38
36,39
37,38
37,39
37,40
38,44
38,45
38,47
39,44
39,45
39,46
39,49
40,48
41,44
41,45
41,46
41,47
41,48
41,49
42,44
42,45
42,46
42,47
42,48
42,49
43,44
43,45
43,46
43,47
43,48
43,49
44,50
44,51
44,52
44,53
44,54
45,50
45,51
45,52
45,53
45,54
46,50
46,51
46,52
46,53
46,54
47,50
47,51
47,52
47,53
47,54
48,50
48,51
48,52
49,50
49,51
49,52
49,53
49,54
50,55
50,59
50,62
50,67
50,68
50,69
51,55
51,56
51,57
51,58
51,59
51,60
52,55
52,57
52,58
52,69
53,55
53,56
53,61
53,68
54,55
54,56
54,57
54,58
55,63
55,64
55,65
55,66
55,70
56,63
56,64
56,65
56,66
56,67
57,67
57,68
57,83
58,63
58,64
58,70
59,63
59,64
59,65
60,76
61,63
61,64
61,66
61,69
62,63
62,64
62,65
62,70
63,85
63,93
64,71
64,72
64,73
64,74
64,75
64,76
65,71
65,72
65,73
65,74
65,75
65,76
66,329
67,71
67,72
67,73
68,71
68,72
69,71
69,72
69,75
69,76
70,71
71,77
72,77
72,84
73,77
73,78
73,79
73,80
73,81
73,85
73,86
74,81
74,105
75,77
75,82
75,83
76,77
76,78
77,197
78,87
78,90
78,91
78,99
79,87
79,88
79,89
79,90
80,87
80,88
81,87
81,88
81,89
82,458
83,87
83,88
83,93
84,87
84,88
84,89
84,90
84,93
85,87
85,88
85,89
85,90
85,91
86,92
86,107
87,94
88,97
88,106
88,107
88,108
88,114
88,115
89,94
89,95
89,96
90,96
90,98
90,104
90,106
91,164
92,94
92,104
93,94
93,95
93,96
93,99
93,107
94,100
94,101
94,102
94,103
94,108
95,100
95,101
95,102
95,103
95,104
96,100
96,103
96,108
97,100
97,101
98,100
98,105
98,107
99,102
99,106
99,169
100,109
100,110
100,111
100,112
100,116
101,113
101,124
102,109
102,179
103,109
103,110
103,111
103,112
103,113
103,114
103,115
103,116
104,109
104,110
104,111
104,112
104,113
104,114
104,115
104,116
105,109
105,110
105,111
105,112
105,114
106,109
106,165
107,109
108,109
109,160
109,178
110,117
110,118
110,119
110,122
111,117
111,118
111,123
112,118
112,120
113,119
114,117
114,121
115,117
115,118
115,119
115,120
115,121
115,123
116,117
116,118
116,119
116,120
117,124
117,125
117,126
117,143
118,124
119,278
120,124
120,128
121,124
121,125
121,126
121,127
122,124
122,125
122,126
123,124
123,125
123,126
123,127
123,128
124,129
124,130
124,131
124,132
125,129
125,132
125,133
125,134
126,129
126,130
127,131
127,136
128,135
128,148
129,374
129,391
130,139
131,137
131,138
131,139
131,140
131,144
131,145
131,149
131,150
132,137
132,138
133,137
133,138
133,139
133,140
133,141
133,142
134,137
135,137
135,138
135,139
135,143
135,151
136,137
136,138
136,141
136,142
137,147
138,146
139,146
139,147
139,152
140,146
140,163
141,146
141,147
142,146
142,147
142,148
142,149
142,150
142,151
143,146
143,149
143,163
144,146
145,151
145,164
146,153
146,154
146,155
146,156
147,154
147,156
147,157
147,158
148,153
148,154
148,155
148,156
148,157
148,158
149,153
149,154
149,165
150,153
150,154
150,155
150,156
150,157
150,158
151,153
151,156
152,153
152,154
152,155
152,156
152,157
152,158
153,159
153,160
153,161
153,162
154,159
154,160
154,161
154,164
155,159
155,160
155,161
156,160
156,165
157,159
157,160
157,161
157,162
157,170
158,159
158,160
158,163
159,166
159,167
159,168
159,169
160,172
160,184
161,166
161,167
161,168
161,173
161,174
162,166
162,167
162,168
162,169
162,171
162,172
162,173
162,174
163,166
163,167
163,168
163,169
163,170
163,171
163,172
163,173
163,174
164,166
164,167
164,171
165,166
165,167
165,168
165,170
165,171
165,172
165,173
165,174
166,175
166,176
166,177
166,178
166,180
167,175
167,176
167,177
167,178
167,179
167,180
168,175
168,176
168,177
168,178
168,179
168,180
169,175
169,176
169,177
169,178
169,179
169,180
170,175
170,237
171,175
171,176
171,177
171,180
172,175
172,176
172,180
172,185
172,186
173,175
173,176
173,177
173,178
173,180
174,625
175,608
176,182
177,181
177,182
177,183
177,184
177,185
177,186
178,183
178,186
179,181
179,182
179,183
179,184
179,185
179,186
180,181
180,182
180,183
181,642
181,655
182,271
183,187
183,188
183,189
183,190
183,191
184,187
184,188
185,187
185,188
186,191
186,203
187,192
187,193
187,194
187,195
187,196
187,200
187,201
188,192
188,193
188,197
189,193
189,194
189,195
189,203
190,192
190,193
191,192
191,193
192,198
192,199
193,294
194,198
194,199
195,198
196,198
196,199
196,202
196,203
197,198
197,199
197,200
197,201
197,202
197,203
198,204
198,207
199,204
199,205
199,206
199,207
199,208
200,204
200,205
200,208
201,204
201,205
201,206
201,207
201,208
202,204
202,205
202,206
202,207
202,208
203,204
203,205
203,206
203,207
203,208
204,209
204,210
204,211
204,212
204,213
204,214
205,209
205,210
205,211
205,212
205,213
205,214
206,209
206,210
206,211
206,212
206,214
207,210
207,213
208,209
208,210
208,211
208,212
209,215
210,215
210,221
210,235
211,215
211,216
211,217
211,220
212,215
212,216
212,217
212,218
212,219
212,220
212,221
213,215
213,216
213,221
214,215
214,216
215,222
215,229
216,222
216,225
216,226
216,229
217,222
217,223
217,224
217,225
217,236
218,222
218,223
218,224
218,225
219,222
219,223
220,227
220,228
220,234
221,222
221,223
221,224
222,230
222,231
222,240
223,232
223,234
224,230
224,231
224,234
225,272
225,299
226,233
227,230
227,231
227,235
228,230
228,231
228,235
228,236
228,240
229,230
229,231
230,237
230,238
230,239
230,242
231,237
231,238
231,241
231,246
231,247
232,237
232,238
232,240
232,242
233,239
233,242
234,237
234,238
235,237
235,238
235,239
236,237
236,238
236,239
237,248
238,243
238,244
238,250
239,243
239,244
239,245
239,246
239,247
239,248
240,243
240,244
240,245
241,243
242,243
242,244
242,246
243,249
243,254
243,285
244,249
244,251
244,252
244,253
244,255
245,256
246,249
246,250
247,249
248,250
249,256
249,257
249,258
250,256
250,257
250,258
250,259
251,256
251,257
251,258
251,259
251,260
251,261
252,256
252,257
252,258
252,259
252,260
253,256
253,257
253,258
253,259
254,261
255,369
256,268
257,262
257,263
257,264
257,265
258,262
258,270
259,262
259,263
259,264
259,266
260,265
260,267
260,269
261,262
261,263
261,264
261,265
262,271
262,272
262,275
262,278
263,271
263,277
263,286
264,271
264,272
264,273
264,274
264,278
265,271
265,272
265,273
265,274
265,275
266,271
266,272
266,273
266,274
267,276
268,271
268,272
269,271
269,273
269,279
270,338
270,348
270,369
271,344
272,280
273,280
274,280
274,281
274,282
274,283
274,284
275,280
276,280
276,281
276,282
276,285
277,280
277,281
277,282
278,280
278,281
278,282
278,283
279,280
279,281
279,282
279,283
279,286
280,287
280,288
281,287
281,288
281,290
282,287
282,288
282,289
282,290
282,291
282,292
283,386
284,287
285,287
285,288
285,292
286,312
287,293
287,294
287,295
288,293
288,294
288,295
288,300
288,301
289,293
289,294
289,295
289,296
289,297
289,298
290,295
290,298
291,293
291,294
291,295
291,301
292,293
292,299
292,311
293,302
293,305
294,303
294,304
295,302
295,303
295,327
296,587
297,302
297,335
297,339
298,302
299,425
299,430
299,433
300,302
300,303
300,304
301,302
302,306
302,307
302,308
303,306
303,307
303,308
303,309
303,310
304,309
304,311
304,335
305,306
305,307
305,308
305,309
305,310
305,312
306,313
306,315
306,317
306,319
307,313
307,314
308,313
308,314
308,321
309,318
310,313
310,314
310,315
310,316
310,317
311,502
312,313
312,314
312,315
312,316
312,320
313,419
314,322
314,326
315,322
315,323
315,324
316,322
316,323
316,324
316,325
316,333
317,322
317,328
318,322
318,323
318,324
318,339
319,322
319,373
319,485
319,606
320,325
320,327
321,442
322,514
323,329
323,331
324,329
324,330
324,334
325,329
325,330
325,331
325,332
325,335
326,329
326,348
327,329
327,330
327,333
328,329
328,348
329,336
329,338
330,336
330,337
330,338
330,340
331,341
331,389
332,336
332,337
333,336
333,337
333,339
334,336
334,337
335,336
336,342
336,343
336,344
336,345
336,346
337,342
337,345
337,348
338,342
338,349
339,342
339,343
339,344
339,346
340,342
340,347
341,368
341,378
341,390
341,391
342,350
342,351
343,350
343,351
343,352
344,350
344,351
344,354
344,369
345,350
345,351
345,352
345,353
345,354
345,355
346,352
347,350
347,353
348,350
349,355
349,376
349,379
350,358
350,362
350,363
351,356
351,361
352,356
352,357
352,358
352,359
352,360
352,370
352,376
353,356
353,357
353,358
353,359
353,360
354,360
355,356
355,357
356,364
356,365
356,367
357,365
358,364
358,365
359,364
359,365
359,366
359,369
360,364
360,365
361,364
361,365
362,364
362,366
362,370
362,376
363,364
363,368
363,383
364,371
364,384
365,371
365,372
365,373
365,375
365,381
366,371
366,374
366,381
366,383
366,384
367,371
367,372
367,373
368,376
369,371
369,372
370,371
370,384
371,378
371,380
371,382
372,383
372,384
372,390
373,617
374,377
374,379
375,377
375,378
375,391
376,377
376,381
377,385
377,387
377,393
378,385
378,386
378,387
378,388
379,394
380,385
380,386
380,389
380,390
381,385
381,386
382,385
382,386
382,387
382,390
382,391
383,385
383,386
383,387
383,388
384,391
384,416
384,432
384,434
384,436
385,392
385,394
385,395
386,392
386,393
386,394
386,395
387,392
387,591
388,449
389,392
389,616
389,623
390,511
391,441
393,397
393,399
393,410
394,396
394,398
394,399
394,400
394,401
394,402
394,403
394,404
395,396
395,397
395,398
395,399
395,400
395,401
396,405
396,406
396,407
396,408
396,409
396,410
397,558
397,600
398,405
398,409
398,427
399,405
399,406
399,407
399,408
400,692
401,405
401,408
402,405
402,406
402,407
402,408
402,409
402,410
403,405
403,406
403,407
404,405
405,411
406,593
406,607
407,411
407,412
407,413
408,412
409,411
409,436
410,411
410,427
411,414
411,415
411,416
411,417
411,419
412,418
412,420
413,414
413,519
414,421
414,586
415,421
415,422
415,424
415,428
415,430
416,421
416,423
416,426
417,704
418,421
418,427
419,421
419,422
419,429
420,421
420,422
420,423
420,425
420,454
422,514
422,531
423,431
423,435
424,431
424,432
424,443
424,458
424,460
425,431
425,432
425,460
426,431
426,433
427,431
427,436
427,443
429,432
430,431
430,434
431,437
431,438
431,439
431,461
432,437
432,438
432,439
433,440
433,441
433,442
434,457
434,463
435,437
435,438
435,439
435,443
435,460
435,461
436,437
436,438
436,439
436,440
436,441
437,444
437,470
438,444
438,470
439,444
439,445
440,444
440,447
440,448
441,444
441,446
441,461
442,444
443,444
443,445
444,449
444,450
444,473
445,451
446,453
447,449
448,449
448,452
448,454
449,459
450,536
451,457
451,487
451,489
452,455
452,456
452,460
453,455
453,456
453,457
454,458
454,459
454,460
454,461
455,603
456,462
457,462
457,464
458,462
458,463
458,464
458,465
458,466
459,463
459,465
459,466
460,934
460,937
461,503
461,512
462,473
463,467
463,482
464,467
464,468
464,469
464,470
465,467
465,468
465,469
465,471
465,472
466,468
467,474
467,476
468,474
469,474
469,475
470,474
470,475
470,476
471,474
471,475
471,476
471,489
472,474
472,475
472,477
473,504
474,478
474,481
474,504
474,512
475,478
475,479
475,480
476,478
476,479
476,480
477,478
477,480
477,482
478,483
479,488
479,513
479,518
480,483
480,486
480,488
481,483
481,484
482,483
482,484
482,485
482,487
482,489
483,490
483,491
483,492
483,495
483,518
484,490
484,491
484,492
484,493
485,522
486,490
486,493
486,494
486,495
486,496
486,500
487,490
487,491
487,492
487,493
488,490
488,491
488,492
489,627
490,499
490,503
491,497
492,497
492,500
493,497
493,501
493,505
493,550
494,497
494,498
494,502
494,504
495,497
495,498
496,497
497,506
497,509
498,506
498,507
498,513
499,506
499,507
500,508
501,510
501,517
502,506
502,507
502,508
502,512
502,518
503,506
503,507
503,511
504,506
504,507
504,508
505,506
506,547
507,515
507,517
507,519
508,514
508,516
509,525
510,514
510,518
511,514
511,515
512,514
512,515
513,514
513,515
513,516
513,517
513,519
514,520
514,521
514,522
514,570
514,649
515,520
515,521
515,524
515,526
516,520
516,523
516,525
517,520
517,649
518,627
518,630
518,632
519,651
520,699
521,634
522,569
523,527
523,528
523,529
523,530
524,529
524,530
525,527
525,529
526,527
527,531
528,532
528,536
529,534
530,531
530,532
530,533
530,534
530,535
530,536
531,537
531,538
531,539
532,537
532,541
532,542
532,543
532,544
533,580
534,537
534,538
535,545
536,537
536,538
536,539
536,540
537,552
538,546
538,551
539,546
539,553
540,547
540,566
541,546
541,547
541,566
542,805
542,966
543,548
543,550
544,546
544,547
544,559
544,566
545,546
545,549
546,554
546,555
546,556
546,557
546,560
547,554
547,556
547,560
548,816
549,554
550,554
551,895
551,904
552,559
553,554
553,557
553,558
554,564
555,561
555,563
556,705
557,565
557,571
558,562
558,566
558,601
559,561
559,562
560,561
560,562
561,567
561,568
561,607
562,569
562,570
562,572
563,567
563,621
564,567
564,568
564,569
564,571
565,568
566,969
567,581
568,574
568,575
569,573
570,573
570,576
571,573
572,584
572,597
572,607
573,577
573,578
573,585
574,577
574,583
574,584
575,577
575,580
575,581
576,577
576,578
576,579
576,582
577,586
578,589
579,586
580,693
580,795
581,590
581,592
582,723
583,588
584,586
584,593
585,586
585,587
585,591
585,657
586,594
586,595
586,596
587,594
587,618
587,629
588,597
588,600
588,666
589,594
589,596
589,610
590,619
591,598
591,651
592,594
592,595
592,601
593,594
593,595
593,596
593,599
594,608
594,669
595,602
595,603
595,605
595,618
595,632
596,602
596,669
597,602
597,603
598,602
598,607
599,606
600,679
601,604
601,608
601,639
602,612
602,614
603,608
603,609
603,613
603,615
603,617
604,719
604,774
605,610
606,611
607,743
608,838
609,674
609,736
610,616
610,617
611,618
611,619
611,621
612,617
612,620
612,628
613,616
614,762
614,784
614,858
614,876
615,687
615,713
616,633
616,664
616,690
617,624
618,626
618,695
618,712
619,622
619,623
619,624
619,625
619,627
620,769
621,623
621,706
621,734
621,758
622,629
623,728
624,652
625,630
625,632
625,669
626,728
627,628
627,629
627,631
627,633
628,637
629,634
629,650
630,658
630,659
631,635
631,636
631,638
632,634
632,635
633,652
634,869
634,903
635,639
635,640
636,642
636,644
637,639
637,643
637,653
638,641
638,673
638,674
639,645
639,646
639,647
640,902
640,936
641,645
641,650
641,651
642,647
642,649
642,674
643,648
644,652
645,656
645,664
646,660
646,675
647,884
648,654
648,658
649,653
649,657
649,665
649,673
649,675
650,655
650,659
650,681
651,653
651,661
652,668
653,667
653,856
654,711
654,725
655,662
655,663
655,664
656,662
657,662
657,663
657,669
658,663
658,668
659,665
660,663
660,707
660,723
661,662
661,666
662,670
662,671
662,672
663,724
664,728
665,689
666,670
666,675
666,797
667,672
668,670
668,673
668,674
669,671
670,676
670,731
670,806
671,676
671,677
671,678
671,679
671,680
671,682
671,683
672,830
672,909
673,676
673,679
674,684
674,747
675,676
675,678
675,681
676,703
677,684
677,686
678,904
679,687
679,688
680,685
680,690
681,891
682,684
682,686
682,689
682,719
682,727
683,684
683,691
685,694
685,713
686,783
687,695
688,823
688,829
689,692
690,692
690,693
690,714
690,723
691,692
691,693
692,699
692,700
693,696
693,697
693,698
693,786
694,696
694,697
694,799
695,697
695,701
696,703
696,798
697,707
698,706
698,790
699,718
699,724
699,750
700,702
700,703
700,704
700,705
700,710
700,737
701,703
701,708
701,709
702,717
703,716
703,718
704,713
705,711
705,712
705,720
705,744
706,725
706,762
707,788
708,719
709,714
709,805
710,711
710,715
711,730
711,741
711,808
712,725
712,728
712,755
712,758
713,722
713,757
714,727
715,721
716,724
716,757
717,721
717,726
718,752
718,808
718,817
719,723
720,726
720,729
720,745
721,731
722,731
722,745
723,735
724,734
725,733
726,736
726,769
727,734
727,737
727,770
728,735
728,774
729,731
729,732
730,832
731,742
732,738
733,741
734,738
734,747
735,739
735,740
735,743
736,738
736,866
737,744
738,913
739,746
740,886
741,747
742,773
743,753
744,745
744,833
745,748
745,750
745,822
746,749
746,777
747,751
748,752
748,758
748,801
749,754
749,757
750,755
750,965
751,752
751,753
751,756
751,759
753,825
754,761
755,867
755,894
756,760
756,763
756,775
757,762
757,867
758,913
759,764
759,839
761,768
761,769
761,784
762,766
762,770
763,765
764,767
765,771
765,774
766,872
767,848
767,941
768,772
768,773
769,775
769,776
770,947
771,777
771,803
772,779
772,780
773,778
774,777
774,813
775,975
776,781
776,817
777,782
777,784
778,786
778,787
778,789
778,790
779,782
779,785
779,788
780,783
781,907
781,926
781,981
782,796
782,800
782,833
783,799
785,793
785,794
785,797
786,791
786,900
786,918
786,993
787,795
787,796
787,820
788,798
788,820
789,791
789,881
790,792
790,848
791,805
791,950
792,999
793,801
793,803
793,806
794,833
794,837
794,850
795,801
795,802
795,803
795,804
797,847
798,802
799,819
799,820
800,875
801,807
801,844
802,807
802,808
802,810
802,811
803,809
803,954
804,812
804,843
804,902
806,813
806,845
807,854
808,815
809,818
809,886
810,814
811,816
812,877
812,903
813,814
813,817
814,819
814,827
814,901
815,824
815,825
815,845
816,819
816,821
816,822
816,823
817,820
817,898
818,987
819,912
819,939
820,827
820,828
821,826
821,973
821,974
822,956
822,988
823,830
824,826
824,832
824,833
825,828
825,829
825,831
828,837
828,839
830,834
830,836
831,834
831,905
832,834
832,835
832,838
832,856
833,834
833,835
834,853
834,902
834,964
835,842
835,858
836,840
836,841
836,845
836,848
836,854
837,843
837,844
838,841
839,840
840,846
840,870
841,866
841,872
842,847
842,848
843,993
844,849
846,850
846,882
846,929
847,852
847,854
849,851
849,853
849,855
850,884
851,857
851,858
852,857
854,859
855,856
857,863
857,865
857,879
857,901
858,861
858,864
858,868
859,860
859,862
860,868
860,870
860,873
861,872
862,871
863,975
864,867
864,869
865,866
866,902
868,874
869,877
870,876
872,878
873,875
873,891
874,881
874,882
875,880
875,884
876,879
877,879
877,883
877,885
878,903
879,887
880,893
880,894
881,890
881,891
881,892
881,895
881,906
881,926
881,932
882,915
882,921
883,889
883,907
884,886
885,888
885,938
886,900
886,910
887,897
887,899
888,896
889,901
891,902
891,929
892,914
892,969
892,977
892,981
893,903
893,904
894,898
894,900
894,1000
896,906
896,908
897,907
899,905
899,980
900,959
900,980
901,904
901,909
902,904
902,928
902,958
903,932
904,910
904,911
904,912
905,913
906,916
906,934
907,912
908,917
909,914
909,915
910,920
910,922
910,930
911,921
911,924
912,921
912,923
912,970
913,926
914,934
915,918
915,919
917,925
918,964
919,928
919,932
920,927
920,933
921,995
922,931
923,930
924,957
925,929
927,934
927,938
927,940
928,937
928,939
928,989
930,935
930,968
931,942
932,936
932,941
933,955
934,948
935,946
936,943
936,950
938,947
939,944
940,944
940,949
942,945
942,955
943,955
944,956
945,953
945,960
947,966
948,952
948,975
948,985
949,951
950,954
950,957
950,958
952,959
952,963
953,961
953,986
953,989
954,964
955,960
956,962
958,982
960,966
960,967
960,978
961,965
962,990
963,968
965,971
965,973
966,970
966,995
967,969
967,972
969,976
969,980
970,974
970,977
971,975
971,979
973,978
973,981
977,982
977,983
977,985
978,987
980,984
980,986
981,984
982,989
983,993
985,988
985,992
986,991
987,990
987,994
988,1000
990,995
991,997
991,999
992,996
992,997
994,998
<end>