<number of tasks>
100
<cycle time>
1000
<order strength>
0.599
<z_alpha>
1.280
<task times>
1 150 162.3864
2 50 45.9027
3 137 503.9300
4 205 499.1101
5 419 5424.2333
6 86 361.8221
7 191 1968.9547
8 220 471.7640
9 533 4126.1913
10 47 43.4010
11 155 158.8763
12 55 31.8949
13 35 57.4943
14 311 2787.8391
15 194 474.3245
16 277 312.8847
17 61 49.4052
18 365 3040.0926
19 146 208.2535
20 135 430.1937
21 46 84.2751
22 247 2684.4774
23 118 502.4074
24 59 132.6283
25 314 5739.6501
26 172 1172.2004
27 493 11306.4316
28 498 778.5792
29 136 94.0277
30 144 83.5624
31 51 5.4795
32 132 127.0555
33 338 1038.9075
34 178 315.9125
35 479 8297.7506
36 220 2967.4007
37 68 238.1616
38 371 1831.4385
39 459 12277.3449
40 122 749.6632
41 272 2054.1270
42 154 813.3257
43 139 1071.7002
44 134 274.2671
45 69 287.9992
46 178 573.6404
47 510 7684.9210
48 53 115.2185
49 49 132.0449
50 285 1849.9975
51 44 81.9432
52 156 190.9591
53 483 2766.4125
54 434 2302.6064
55 504 2583.6546
56 478 11951.8327
57 119 85.5111
58 419 8163.8730
59 194 1514.6969
60 247 1865.4193
61 259 1172.2360
62 307 1261.8872
63 268 1936.6113
64 38 7.3628
65 139 1028.9329
66 178 1720.9689
67 523 5866.7295
68 37 37.2605
69 369 3650.4305
70 126 831.9393
71 85 223.3067
72 152 303.5596
73 483 868.0555
74 410 9698.3954
75 63 193.9667
76 355 5392.0454
77 207 257.3551
78 328 69.9459
79 254 3353.5939
80 288 4796.9813
81 518 10638.5775
82 200 1560.6574
83 110 407.3815
84 271 4373.8495
85 158 1317.5720
86 103 555.2450
87 527 4470.8398
88 113 720.1695
89 536 8552.2338
90 204 2063.7674
91 118 710.4674
92 178 268.5004
93 152 519.6919
94 526 9644.8221
95 147 584.3858
96 161 225.2392
97 78 245.8293
98 85 302.9096
99 352 6197.6594
100 523 14400.2485
<precedence relations>
1,26
1,28
1,37
2,8
2,9
3,8
4,8
4,9
5,8
5,9
6,8
7,8
7,9
8,10
8,12
9,10
9,11
9,13
10,14
10,15
10,16
10,18
10,31
11,15
11,24
12,14
12,15
12,17
13,18
13,19
13,28
14,26
14,46
15,20
15,23
15,32
16,68
17,19
17,22
18,21
18,30
18,54
19,24
19,25
19,26
19,27
21,38
22,24
22,25
22,28
23,39
23,58
24,29
24,32
25,29
25,31
25,50
26,63
27,30
27,39
27,40
27,54
28,32
28,38
29,36
29,37
29,38
29,44
29,57
30,33
30,34
31,39
32,33
32,34
32,35
33,57
33,82
34,42
34,43
34,44
34,46
35,46
36,41
36,70
37,41
38,40
38,45
39,45
39,93
40,48
40,49
41,51
41,53
41,54
42,47
42,57
43,49
43,50
43,53
44,60
44,78
46,52
47,58
47,61
48,59
48,63
50,55
50,58
51,60
51,67
52,57
52,59
53,56
53,63
53,69
53,96
55,62
56,62
56,65
57,63
58,62
58,66
58,73
59,64
59,67
60,76
61,65
61,82
61,90
61,91
62,97
63,72
63,73
63,75
63,79
63,80
64,71
64,74
64,95
65,73
65,92
66,68
66,70
67,68
67,69
68,78
70,77
70,79
71,80
71,81
72,76
75,77
75,99
76,87
76,92
77,83
77,86
78,82
78,84
78,86
79,85
79,88
80,88
80,99
81,84
83,89
83,94
84,90
84,91
84,92
85,93
85,97
86,89
87,91
87,94
87,97
89,95
89,97
90,96
90,97
91,99
94,98
94,100
<end>