<number of tasks>
100
<cycle time>
1000
<order strength>
0.596
<z_alpha>
1.645
<task times>
1 135 707.3278
2 176 925.5177
3 65 173.7333
4 56 81.9796
5 174 401.1119
6 338 1364.5493
7 250 2635.6962
8 223 394.3442
9 155 500.5092
10 40 81.3517
11 56 134.2278
12 149 50.6597
13 137 740.0647
14 139 798.7410
15 103 317.9665
16 52 12.7304
17 124 463.0460
18 201 1260.1911
19 130 122.9812
20 29 49.4979
21 232 802.0091
22 173 233.3646
23 209 1008.6855
24 91 122.5056
25 42 42.6120
26 233 736.2415
27 60 137.1667
28 355 4416.1308
29 71 160.5539
30 66 40.1060
31 278 356.9926
32 320 1104.3494
33 76 223.7284
34 97 466.4354
35 108 341.6489
36 242 590.1613
37 30 15.0636
38 115 386.7083
39 216 1244.7827
40 225 222.1657
41 202 387.2690
42 104 224.5868
43 187 3.1035
44 101 197.1873
45 112 689.3924
46 62 77.6629
47 99 289.7672
48 328 518.9188
49 325 5657.2680
50 68 260.5688
51 210 2232.0583
52 49 47.4629
53 50 97.2041
54 115 458.6563
55 126 836.3743
56 164 530.2371
57 62 120.0110
58 71 141.6908
59 112 211.8264
60 155 1155.6617
61 111 375.6854
62 107 76.9668
63 285 2596.2778
64 84 242.8546
65 161 1370.1602
66 102 567.0077
67 159 359.1617
68 162 1371.9473
69 145 1094.2243
70 196 1324.6251
71 161 63.3385
72 126 108.8375
73 57 169.6374
74 114 296.8610
75 131 606.8020
76 55 57.9038
77 76 20.1716
78 131 1005.8844
79 139 107.4480
80 255 2700.4582
81 48 109.7766
82 212 2793.9752
83 36 66.2896
84 172 1585.7076
85 103 427.0697
86 147 938.7161
87 196 779.1206
88 83 31.7127
89 263 3042.9564
90 146 828.3157
91 270 1020.6329
92 149 251.5271
93 104 74.1210
94 153 340.3922
95 115 14.9074
96 120 877.5905
97 93 490.6203
98 137 403.5812
99 174 1485.7742
100 238 2696.7535
<precedence relations>
1,7
2,7
2,8
2,9
2,12
3,7
3,8
3,10
4,13
5,11
5,29
6,7
6,8
6,9
6,10
7,13
7,14
7,29
8,13
9,16
10,26
10,45
11,14
12,13
12,15
12,21
12,29
13,20
13,22
13,28
13,35
14,18
14,19
14,35
15,58
15,79
15,90
16,17
16,20
16,28
17,21
17,22
17,23
17,24
17,25
17,29
17,40
18,21
18,23
18,26
18,28
19,42
19,56
20,25
20,27
20,30
20,36
21,30
21,31
21,32
21,33
21,36
21,45
22,64
22,100
23,30
23,32
23,47
23,60
23,75
24,33
24,49
25,67
25,71
26,61
26,70
27,31
27,78
27,85
28,34
29,35
29,52
29,64
31,58
32,59
32,69
33,38
34,37
34,38
34,39
34,40
35,86
36,38
37,41
37,43
37,57
38,41
38,44
39,41
39,44
39,45
39,46
39,47
40,42
40,44
41,50
41,52
42,49
42,51
44,48
44,55
44,57
44,62
45,57
45,69
45,78
46,50
46,51
46,75
47,98
48,56
49,53
49,54
49,57
49,58
50,53
50,58
51,53
51,54
52,55
52,59
53,59
53,60
54,71
54,97
55,61
56,64
56,67
56,71
58,60
59,62
59,66
59,67
60,64
60,65
60,93
61,63
61,83
62,70
62,76
63,69
63,75
63,86
64,69
64,72
64,77
65,68
65,88
65,100
66,71
66,74
67,70
67,73
68,99
70,80
71,84
73,78
73,79
74,78
74,80
74,85
74,87
75,84
77,94
78,81
78,84
78,92
79,82
79,85
79,87
80,83
80,86
81,90
81,91
83,88
83,89
84,89
85,93
86,92
87,91
89,94
89,96
89,99
90,97
91,95
91,100
92,98
<end>