<number of tasks>
50
<cycle time>
1000
<order strength>
0.203
<z_alpha>
1.280
<task times>
1 86 39.8195
2 451 43338.0125
3 57 783.7640
4 371 24471.2128
5 271 8413.4315
6 469 54872.8277
7 587 23309.8429
8 48 115.5286
9 112 977.4432
10 123 700.3035
11 458 50648.4049
12 459 7129.1979
13 266 15243.5031
14 412 25670.9015
15 152 3626.4946
16 88 821.8956
17 124 808.4970
18 345 27196.4653
19 25 34.4514
20 28 171.3257
21 291 2944.7761
22 250 12360.8661
23 57 37.7004
24 112 3092.2190
25 242 3823.6360
26 249 11121.0809
27 444 39345.8849
28 118 326.9515
29 35 187.3284
30 517 11223.0071
31 271 6205.7090
32 369 8413.6005
33 241 9820.3111
34 39 280.5226
35 70 325.7371
36 388 35544.4041
37 473 21405.4249
38 266 4392.8756
39 25 52.6571
40 147 4147.9870
41 91 2056.2709
42 59 400.2302
43 145 454.8542
44 172 7123.5370
45 185 2033.4490
46 249 7482.8542
47 458 31894.7541
48 194 1831.6884
49 29 85.8646
50 41 335.3912
<precedence relations>
1,36
2,5
2,6
2,10
3,7
3,8
4,9
5,36
6,12
7,11
7,13
8,20
10,14
10,15
11,17
12,18
13,19
14,16
14,20
14,21
14,22
16,36
17,25
18,23
19,24
19,28
19,41
20,26
20,29
21,27
23,33
24,31
26,30
26,32
28,34
28,35
30,36
31,37
32,38
32,41
32,42
33,40
34,39
36,43
36,44
36,45
36,46
36,47
36,50
37,49
38,48
<end>