<number of tasks>
20
<cycle time>
1000
<order strength>
0.200
<z_alpha>
1.960
<task times>
1 315 9698.9072
2 206 2562.4655
3 84 895.1427
4 39 269.3699
5 85 1325.1480
6 185 4413.2707
7 178 5707.4669
8 59 822.2631
9 251 60.9107
10 212 3940.5784
11 121 1726.2554
12 155 3160.0320
13 24 123.3055
14 215 8594.9079
15 239 11007.8777
16 82 1233.5562
17 26 121.5350
18 167 2459.0981
19 230 7931.8189
20 35 253.5303
<precedence relations>
1,5
2,6
3,7
4,8
4,9
5,11
6,12
7,10
7,13
10,14
11,15
12,16
14,18
15,17
16,19
16,20
<end>