<number of tasks>
1000
<cycle time>
1000
<order strength>
0.895
<z_alpha>
1.645
<task times>
1 276 4260.6795
2 559 16923.4849
3 234 2285.3261
4 456 5121.5125
5 658 14941.6274
6 357 1989.5817
7 603 18983.1307
8 602 2827.7693
9 521 10064.6591
10 587 17363.5371
11 597 15702.2876
12 493 5869.1326
13 446 1412.1558
14 530 16567.2291
15 477 4097.4025
16 579 10540.5739
17 600 18579.0526
18 588 7810.8373
19 412 2650.3745
20 402 2335.5413
21 468 3385.3905
22 619 8275.8477
23 352 2283.0363
24 421 1726.1834
25 695 13082.9759
26 402 1956.5658
27 478 10629.2948
28 491 7718.8980
29 612 3074.3075
30 722 19075.6514
31 381 7961.5146
32 593 5443.4375
33 295 2781.8584
34 445 707.2010
35 731 11115.5867
36 526 3446.8685
37 687 22885.9673
38 596 3481.0917
39 327 5884.2162
40 345 6727.5234
41 409 5364.1766
42 441 1778.0151
43 456 9771.9118
44 471 11127.4949
45 228 2281.1845
46 204 2027.4578
47 351 4055.4848
48 703 7819.3123
49 715 8301.9760
50 560 14708.4388
51 351 1095.5491
52 426 477.2511
53 546 1649.2922
54 482 8013.0636
55 570 1419.7373
56 505 10893.6211
57 531 2874.9325
58 464 5628.5978
59 516 13504.8331
60 651 12199.5817
61 469 1947.8216
62 560 7942.7833
63 481 12123.1680
64 393 7875.2853
65 683 2226.3616
66 398 6472.6921
67 674 16522.3098
68 419 10620.9129
69 461 878.0347
70 509 2479.3948
71 585 13077.0948
72 782 8422.6205
73 471 5453.4114
74 757 3151.7220
75 717 10871.8680
76 491 3924.6542
77 742 284.4481
78 606 20513.5523
79 413 6970.0302
80 532 5897.2496
81 609 6499.0832
82 657 10443.0087
83 517 5061.3076
84 525 4259.3844
85 675 12402.4084
86 632 17876.6415
87 393 636.4887
88 550 5107.5295
89 623 21217.2680
90 466 9198.3386
91 515 3446.8448
92 399 1706.6313
93 279 428.0056
94 412 10010.3210
95 708 16652.0740
96 702 21501.4416
97 432 10267.2843
98 533 3835.5173
99 422 4962.7520
100 270 737.4996
101 528 2890.4319
102 354 6634.4211
103 348 1910.4132
104 459 13028.0978
105 431 972.3587
106 659 20315.6725
107 663 22963.1586
108 486 1031.6959
109 472 11123.9580
110 692 14149.5180
111 638 15915.8934
112 552 734.5168
113 475 907.3165
114 370 7784.1161
115 444 12233.2427
116 647 6858.3713
117 532 10244.8056
118 330 2204.5887
119 503 3970.3990
120 560 249.3641
121 377 355.5947
122 410 4813.2575
123 678 20395.9151
124 380 6451.2419
125 549 18588.0584
126 462 9517.4644
127 376 165.7521
128 422 6271.5643
129 277 2715.3353
130 727 8264.2152
131 600 10495.5308
132 515 1365.5693
133 570 8426.1090
134 737 1759.0015
135 592 21506.1937
136 358 4669.0732
137 397 7233.7067
138 587 15898.6238
139 629 2558.8243
140 305 5764.3101
141 382 5488.4166
142 371 5236.4293
143 569 13957.6670
144 309 5958.2436
145 477 11774.1786
146 594 11309.5471
147 335 3487.2814
148 629 14168.0877
149 372 3312.1375
150 618 22453.9622
151 556 12983.4124
152 289 5090.1907
153 546 5156.7625
154 424 9170.0378
155 651 11422.3966
156 431 8929.8020
157 723 5782.0335
158 839 4969.3129
159 408 2450.5068
160 303 3718.5341
161 429 6306.7035
162 499 13496.0945
163 230 13.2305
164 458 7864.8200
165 356 6521.8979
166 558 7983.6793
167 549 9972.2206
168 618 14658.2240
169 570 16324.3340
170 462 12403.9816
171 481 11513.4215
172 613 16362.3623
173 382 7609.4017
174 683 4036.5827
175 453 10571.2488
176 638 18262.5667
177 705 14580.0144
178 466 6604.9900
179 481 7791.6066
180 418 8885.8689
181 239 1463.1437
182 435 455.2247
183 605 8683.7680
184 640 20731.3885
185 430 8001.4852
186 531 4543.7535
187 496 13955.4634
188 396 6158.9824
189 281 3713.3999
190 344 994.1372
191 374 6778.8077
192 543 3817.5301
193 402 1875.2139
194 334 2913.2857
195 543 6837.5797
196 629 20464.7825
197 457 9529.4175
198 390 5754.8916
199 386 1391.9266
200 389 6096.7427
201 498 13263.3308
202 422 9333.0729
203 298 4350.7726
204 388 5462.5492
205 230 1960.5769
206 468 8357.1104
207 451 12364.3047
208 639 1940.6433
209 670 15604.8546
210 541 9931.4340
211 619 14684.5305
212 377 3648.1269
213 502 11495.4192
214 534 11427.7978
215 337 3690.2961
216 353 4093.2186
217 574 3905.5975
218 609 4938.6264
219 317 2146.6729
220 491 12277.6953
221 566 14771.1985
222 499 11318.0635
223 343 1171.2019
224 513 15324.0087
225 497 855.7712
226 512 9071.7919
227 624 2999.2987
228 512 3521.7386
229 546 8468.3714
230 533 10985.2160
231 389 9240.9257
232 668 9727.1708
233 355 3126.3498
234 287 814.4780
235 309 3773.8238
236 651 4539.7198
237 669 15920.0605
238 715 20484.7259
239 459 12435.5879
240 445 11273.7866
241 434 10931.6091
242 438 763.6129
243 416 8574.3578
244 718 3785.8623
245 434 4237.1742
246 640 19508.9960
247 523 891.8773
248 620 22243.7121
249 415 657.1955
250 643 20828.2083
251 627 23146.5057
252 689 7157.3532
253 557 14802.3021
254 722 10879.4951
255 503 4181.2630
256 571 2819.9103
257 526 2266.5491
258 537 14823.1519
259 546 15023.7172
260 248 418.3394
261 744 9334.2393
262 643 21784.2888
263 639 4481.8870
264 389 3517.3569
265 331 1238.2372
266 594 17048.3079
267 573 6142.2580
268 642 8807.0545
269 621 9568.0447
270 514 10777.2207
271 471 10223.7750
272 361 6825.8514
273 611 15704.6047
274 579 9056.8967
275 469 3859.6026
276 606 16497.7117
277 594 17564.5655
278 439 4738.5495
279 647 4081.0566
280 433 1800.4608
281 423 4153.9755
282 272 1996.5110
283 547 1584.7688
284 490 12588.7384
285 486 5618.2378
286 480 3049.2158
287 702 8008.3339
288 540 15782.2475
289 661 17056.4786
290 438 1333.5190
291 597 21670.3435
292 592 20206.0009
293 482 12653.4877
294 514 2749.7099
295 670 26812.7024
296 550 8118.2573
297 518 13623.7569
298 590 15219.0677
299 475 13834.9023
300 434 9353.5373
301 632 22805.1492
302 474 4530.6600
303 402 7121.9007
304 562 13159.8611
305 512 6120.2775
306 548 16628.4482
307 383 5138.5385
308 487 8834.1064
309 652 3391.9270
310 487 3387.2404
311 477 13036.5690
312 401 10049.8542
313 586 9099.1432
314 664 15286.9361
315 402 3092.4862
316 685 16098.1672
317 566 15057.8707
318 695 8097.9676
319 717 13698.2591
320 391 4167.6978
321 490 12203.3689
322 550 13783.0371
323 465 3541.1180
324 610 809.9815
325 458 8366.8571
326 614 116.7117
327 431 5908.8725
328 341 6771.3722
329 505 11062.1417
330 443 7353.4584
331 495 3848.3320
332 610 13638.2714
333 669 4742.0783
334 642 1867.6871
335 495 9803.7524
336 556 6070.5657
337 391 3530.2827
338 466 2054.1258
339 584 3295.6252
340 364 8181.5533
341 491 5077.5701
342 307 4590.5333
343 473 11334.9049
344 336 2552.5305
345 637 15600.6845
346 486 9179.9399
347 567 14479.7307
348 272 303.3304
349 419 5472.3362
350 252 3216.4415
351 607 19581.9269
352 708 18268.5687
353 465 6972.3658
354 490 3407.1692
355 585 10258.9933
356 459 3826.1382
357 462 990.3010
358 504 6494.0327
359 410 2909.7354
360 583 13290.8205
361 256 3582.8778
362 431 8255.3253
363 458 12102.1264
364 546 11438.8544
365 404 1979.0615
366 437 10527.1327
367 300 465.0650
368 536 7986.5934
369 451 8020.6181
370 604 12925.6500
371 298 5529.1464
372 604 19287.5324
373 528 6177.6787
374 680 16635.5606
375 427 9125.5122
376 300 565.8905
377 383 6653.9102
378 571 16232.0350
379 586 1726.8346
380 419 775.2849
381 459 8830.2765
382 645 195.2738
383 265 3883.9922
384 427 7905.2808
385 557 3663.5444
386 589 1603.0091
387 665 16872.1667
388 537 5570.6090
389 235 391.9162
390 202 2239.8262
391 611 2221.1916
392 475 11272.7733
393 655 20003.1670
394 365 1633.6085
395 386 7188.8382
396 548 13966.0796
397 520 6393.1241
398 481 5481.8041
399 337 3852.8037
400 606 9573.7254
401 588 14100.7453
402 392 6442.3004
403 578 13096.6308
404 581 11043.6434
405 701 3468.9454
406 574 12778.5701
407 430 11335.4080
408 386 4357.0650
409 686 1324.4004
410 460 13120.2743
411 544 5886.9472
412 412 1414.3186
413 467 10626.5335
414 380 768.1525
415 475 4131.4624
416 263 2700.5223
417 635 4807.0853
418 531 12087.4217
419 494 2770.3351
420 436 6349.1332
421 255 2806.6718
422 534 2713.8860
423 396 1056.5194
424 557 13243.9224
425 595 15948.3666
426 659 21446.5408
427 577 14852.7353
428 428 10785.0538
429 489 8581.5753
430 478 10604.0877
431 349 1192.8194
432 469 7481.5046
433 390 2579.0647
434 676 16792.4663
435 710 19244.9494
436 693 10028.6626
437 408 9488.1094
438 579 2613.6595
439 389 2621.3172
440 451 9823.0022
441 790 1919.7638
442 455 12480.5899
443 391 8953.0544
444 490 13240.3222
445 564 14060.1793
446 461 4352.1043
447 499 9501.1943
448 338 6911.5844
449 523 14513.7241
450 360 6580.0472
451 641 17429.3594
452 390 4990.6979
453 465 10513.9865
454 478 3137.2997
455 531 11664.1165
456 437 11561.8018
457 605 19096.3100
458 272 4522.6408
459 404 254.9807
460 644 18984.3965
461 632 6043.3186
462 610 10604.1497
463 576 12118.7204
464 606 15658.5126
465 478 4619.1666
466 573 3953.3977
467 434 1607.2354
468 610 8849.3810
469 464 5309.4179
470 690 4325.7353
471 332 347.7195
472 345 5778.7174
473 544 4342.8829
474 550 16823.1077
475 382 5928.3956
476 624 18582.6384
477 264 2826.2592
478 273 2200.2569
479 289 2121.2198
480 586 20260.5454
481 335 3720.6215
482 709 15640.4250
483 410 6612.3123
484 765 332.8216
485 512 12964.1986
486 456 8352.2034
487 729 3302.5158
488 293 4434.8414
489 554 3575.8319
490 472 4077.4523
491 516 123.8260
492 506 15349.1251
493 594 15581.0697
494 464 13276.9608
495 569 6542.8421
496 345 96.4234
497 552 15581.9127
498 635 2113.8212
499 458 548.6401
500 294 5308.6304
501 553 6908.4894
502 534 8262.9813
503 580 5854.3220
504 491 13469.2573
505 374 5064.4031
506 364 441.8904
507 413 9509.9403
508 527 11894.1531
509 495 9168.3769
510 697 20051.2705
511 360 7354.5394
512 475 5625.2850
513 655 9202.2903
514 438 3927.1820
515 742 12555.1577
516 607 5917.0201
517 463 7671.6217
518 431 7944.6030
519 509 5251.4511
520 525 14676.9087
521 395 2231.7876
522 620 19435.0184
523 670 3873.4098
524 624 9818.0046
525 727 19279.9215
526 374 7278.0924
527 511 4341.6056
528 403 7815.2385
529 611 9259.2192
530 494 12025.8007
531 573 17801.6688
532 503 12190.8487
533 675 21014.7067
534 526 11874.7567
535 481 12184.2011
536 375 5587.4075
537 337 435.0802
538 512 13954.2533
539 529 4819.9375
540 422 3215.0019
541 587 15302.8556
542 560 12139.8061
543 472 11685.1018
544 436 1313.8931
545 520 7278.3683
546 486 10086.5237
547 679 7635.6968
548 381 6913.5388
549 430 11464.4514
550 571 16003.9249
551 505 14406.1019
552 199 214.8626
553 712 15219.5689
554 438 5334.1000
555 485 6778.2348
556 246 3560.3745
557 534 14897.6300
558 527 3061.6961
559 433 10245.7025
560 661 3700.3168
561 393 8323.8028
562 333 6043.5529
563 268 3729.6384
564 609 8318.1836
565 602 15694.2523
566 640 5614.6565
567 526 15392.9664
568 569 12996.6237
569 531 4818.2332
570 309 439.1125
571 489 10637.7363
572 553 11.3481
573 369 3912.3458
574 718 2834.4092
575 668 26278.8536
576 463 1109.1657
577 483 13173.4336
578 543 9617.6512
579 498 2662.7108
580 408 7609.1515
581 760 12649.6123
582 269 2844.7091
583 509 1572.3126
584 507 15066.7547
585 605 14137.4349
586 602 10849.2230
587 465 3282.3340
588 467 13235.9114
589 376 6557.8139
590 537 2687.5743
591 622 8724.6264
592 372 5741.6006
593 584 1939.2054
594 536 881.0696
595 564 9036.6323
596 574 705.8221
597 507 5159.0009
598 307 209.6624
599 428 4584.1492
600 414 9285.4931
601 638 6294.7067
602 383 3284.8207
603 520 1106.8204
604 567 10358.3574
605 476 3366.5043
606 284 3097.4667
607 459 5849.8037
608 437 2220.2036
609 608 8210.6678
610 292 3496.4440
611 288 284.5563
612 423 10930.2943
613 470 6920.4272
614 490 8071.0177
615 697 13170.5810
616 429 6978.0656
617 256 2102.2035
618 355 6653.7812
619 508 4696.2206
620 474 11406.8753
621 581 20147.3546
622 529 1464.8669
623 527 5710.2294
624 651 13194.2485
625 385 1435.3316
626 660 1868.5408
627 580 18087.2161
628 459 7711.0381
629 407 5464.9035
630 606 2729.8436
631 589 10391.7425
632 558 13122.8351
633 412 4062.2742
634 688 10802.2005
635 509 7305.6743
636 595 16718.6714
637 312 6051.7513
638 644 13715.1618
639 662 16677.0276
640 533 642.5772
641 264 1953.7731
642 330 6087.8209
643 494 11066.4147
644 413 1633.9781
645 367 5374.5640
646 630 12331.6770
647 502 5215.8206
648 571 5283.5833
649 606 11284.7864
650 651 21011.3055
651 538 6630.3092
652 414 4895.4801
653 469 11513.3347
654 374 6228.0799
655 617 14047.2413
656 689 9547.9287
657 297 4572.0906
658 596 20492.3270
659 422 2136.5759
660 278 3435.7469
661 612 23189.7189
662 354 5245.0803
663 693 5544.1745
664 631 8571.2585
665 579 2581.2093
666 483 5781.4533
667 335 425.6824
668 421 10338.9625
669 553 2660.4767
670 560 10740.5340
671 356 39.6479
672 448 10310.9960
673 451 11753.6037
674 602 6169.1439
675 447 2524.0702
676 720 6575.8087
677 702 16529.1401
678 674 13275.0434
679 621 16002.1445
680 662 7892.0632
681 676 18398.6898
682 484 13383.4438
683 643 20321.3229
684 708 11103.8621
685 418 1520.7160
686 433 10825.3377
687 463 1854.3844
688 691 20075.2019
689 584 19988.7130
690 403 1899.9664
691 464 10271.7410
692 396 5589.5984
693 219 546.2411
694 709 5361.0765
695 541 16069.5529
696 588 10932.2227
697 457 148.3469
698 686 24400.8753
699 283 2591.4809
700 571 19971.9218
701 557 2324.7151
702 561 17892.2085
703 660 10410.1362
704 605 22167.5152
705 416 7141.5752
706 606 22203.7161
707 450 2786.0320
708 638 1155.2732
709 355 1887.0405
710 560 13682.8884
711 522 727.0994
712 667 12109.7435
713 473 6019.7110
714 630 19863.1696
715 457 2430.7370
716 695 23353.1351
717 688 10689.1423
718 199 1395.4846
719 521 11723.1298
720 577 7520.1371
721 428 6929.9553
722 530 42.6055
723 454 8587.8399
724 668 25893.0162
725 458 5111.6776
726 327 6048.1925
727 452 1500.8362
728 472 3094.4852
729 758 12881.0701
730 583 4157.0536
731 221 1889.5748
732 641 23255.8718
733 550 7109.3769
734 548 14125.0699
735 438 7560.1216
736 614 22713.5039
737 466 6886.6519
738 678 556.1260
739 773 10130.0227
740 561 13520.4312
741 394 4212.1379
742 404 6223.9432
743 506 3246.6053
744 406 7216.5624
745 439 5975.1036
746 607 13560.9350
747 534 6226.1764
748 775 3210.8162
749 482 4623.7432
750 748 713.0789
751 494 11608.4000
752 642 18402.5276
753 548 7934.2368
754 469 12477.0390
755 177 926.9501
756 519 211.1077
757 470 2878.5601
758 195 475.0717
759 394 6572.6433
760 423 10449.2093
761 532 9656.4142
762 479 4707.6154
763 619 19045.6367
764 539 11618.1335
765 498 2765.6623
766 447 6655.5764
767 437 2222.0310
768 606 16067.8803
769 593 9236.7252
770 922 3.5245
771 649 4908.2512
772 199 174.8110
773 642 199.2460
774 439 5709.1325
775 513 2825.6756
776 516 12659.8729
777 517 10728.3687
778 366 5455.1283
779 552 1282.8280
780 516 2943.6342
781 457 6712.2476
782 486 12572.0551
783 475 2456.2336
784 436 8142.0369
785 593 1049.5473
786 292 5067.6647
787 506 15802.5031
788 600 1113.8570
789 411 5837.9654
790 529 2623.8225
791 391 7348.1974
792 473 2091.5418
793 470 10150.7093
794 476 11422.7380
795 544 9168.1291
796 439 2021.0041
797 407 466.6780
798 250 36.6600
799 504 6738.9871
800 423 6920.3984
801 472 8504.0279
802 494 60.4778
803 624 21477.3832
804 410 7434.1619
805 529 6225.6526
806 251 25.1796
807 488 9529.0737
808 341 278.8517
809 529 9499.8732
810 661 10530.2946
811 503 7583.6359
812 336 616.3161
813 512 4151.3935
814 327 5590.0527
815 297 3018.2946
816 619 23767.6642
817 407 8859.9132
818 472 6670.3653
819 647 10783.7460
820 577 9900.6479
821 624 16209.7334
822 434 10495.8461
823 347 6570.2999
824 394 938.5227
825 542 6771.9735
826 273 288.8345
827 680 8537.6316
828 509 3992.6333
829 493 14137.3971
830 616 581.7953
831 431 1591.7347
832 405 6249.7083
833 508 14571.7238
834 541 8333.0487
835 672 25849.7805
836 489 6504.8560
837 492 6346.7423
838 431 2255.8122
839 498 13285.4504
840 734 5824.4566
841 504 13994.5749
842 449 3862.1227
843 630 15297.4057
844 572 4578.3783
845 465 8741.7399
846 268 1721.8889
847 613 4214.0203
848 388 8795.8913
849 384 2265.8525
850 494 12857.3650
851 541 17811.6722
852 553 8108.2479
853 418 6411.1873
854 563 7988.4744
855 364 1370.4368
856 655 18362.2108
857 383 7119.4621
858 513 16220.2782
859 616 883.1978
860 365 3825.3350
861 549 10449.7497
862 513 16.1106
863 314 524.0479
864 374 3950.9595
865 784 9060.3428
866 535 16332.4079
867 485 5178.6366
868 390 6244.7947
869 395 2241.2604
870 282 4542.2777
871 473 212.1305
872 743 8182.5556
873 582 1250.3650
874 623 17790.5904
875 424 10547.8676
876 255 1717.3084
877 555 5295.0587
878 444 1463.3945
879 357 4976.9769
880 554 19112.5137
881 482 14340.9280
882 654 22827.2170
883 504 5582.1387
884 434 2816.8674
885 378 3072.1955
886 573 14955.2097
887 722 12048.1692
888 615 7601.6405
889 575 2446.2550
890 340 4653.4634
891 710 12159.8773
892 526 8137.7140
893 444 1093.4800
894 374 6822.8688
895 697 23367.7388
896 433 5251.6692
897 515 9187.5412
898 481 11862.6647
899 334 3283.2805
900 486 978.2836
901 553 12236.9749
902 334 1075.2104
903 712 11574.8707
904 552 9078.6513
905 408 163.5853
906 342 998.7529
907 570 10611.4206
908 553 17623.7067
909 474 66.5424
910 581 15031.4023
911 403 5829.0418
912 492 10050.3123
913 594 823.9556
914 403 1316.7028
915 562 12350.8259
916 314 5796.5625
917 524 16339.4283
918 583 5302.0141
919 370 5274.6770
920 295 2987.5456
921 618 7135.9397
922 263 1479.4978
923 481 6269.0601
924 454 552.1518
925 465 4131.6838
926 564 18410.9207
927 484 3414.9093
928 538 16030.5511
929 285 1594.0111
930 450 10337.2244
931 421 1340.2597
932 530 14548.2626
933 414 5379.1425
934 345 1371.5022
935 646 22927.8769
936 357 7167.7820
937 441 8672.9791
938 498 987.8576
939 426 8962.2482
940 435 5302.6300
941 484 13384.2541
942 613 20641.1594
943 401 9943.0713
944 267 4070.3925
945 642 5922.8081
946 479 4769.6561
947 523 7398.9943
948 491 7334.0420
949 442 11696.8492
950 246 2088.7257
951 458 7304.9747
952 490 4799.3433
953 391 399.9066
954 405 770.5681
955 542 3802.5473
956 397 365.0882
957 641 19058.6937
958 681 11371.3266
959 454 7109.9146
960 570 1091.2455
961 454 1729.7554
962 539 10755.1960
963 500 12316.6755
964 433 7741.2162
965 330 6001.8816
966 622 862.0956
967 386 3638.4594
968 461 3606.4565
969 414 4638.4510
970 240 2965.2443
971 458 12584.7682
972 554 12960.0181
973 580 11175.9591
974 595 2819.9483
975 467 11965.3920
976 585 2981.6334
977 449 4360.4293
978 374 8447.5627
979 372 2616.2338
980 454 2992.0715
981 476 2512.0115
982 503 13665.4847
983 389 3584.5935
984 443 5305.9794
985 558 6735.2377
986 536 8347.3797
987 379 33.5277
988 670 18204.7839
989 408 9525.1487
990 615 17331.2893
991 422 11025.5502
992 312 196.9077
993 446 10487.4516
994 632 10623.9247
995 349 6719.5206
996 626 1632.9441
997 369 2364.2589
998 670 12296.8181
999 424 10084.5428
1000 528 16707.8678
<precedence relations>
1,9
1,52
1,69
2,9
2,10
2,11
2,12
2,13
2,14
3,9
3,10
3,11
3,12
3,13
3,14
4,9
4,10
5,12
5,13
5,14
6,9
7,9
7,11
7,14
7,19
8,9
8,10
8,11
8,12
8,13
8,14
9,20
9,191
9,200
10,15
10,16
10,19
11,18
12,15
12,16
12,17
12,18
12,20
13,15
13,16
13,17
13,18
13,19
13,20
14,15
14,16
14,20
14,27
15,21
15,22
15,23
15,24
15,25
15,26
16,21
16,22
16,23
16,24
17,21
17,24
17,25
17,26
17,27
18,21
18,23
19,21
19,22
19,24
20,266
20,280
21,33
22,28
22,29
22,30
23,28
23,29
24,28
24,29
24,30
24,31
24,33
25,28
25,29
26,28
26,29
26,30
26,31
26,32
26,33
27,28
27,29
28,34
28,35
28,36
28,37
28,38
28,39
28,40
29,34
29,35
29,36
29,38
29,40
30,34
30,35
30,37
30,39
30,40
31,34
31,35
31,36
31,37
31,38
31,40
32,34
33,34
33,35
33,36
33,37
33,38
33,40
34,41
34,42
34,43
34,44
34,45
34,46
34,47
34,48
35,41
35,42
35,43
35,44
35,45
35,46
35,47
35,48
36,41
36,42
36,43
36,44
36,45
36,46
36,48
37,41
37,43
37,46
37,47
37,48
38,41
38,42
38,43
38,44
38,45
38,46
38,47
38,48
39,41
39,42
39,43
39,44
39,45
39,48
40,45
41,49
41,52
42,49
42,50
42,60
42,62
43,49
43,50
43,51
43,52
43,53
44,49
44,50
44,51
44,52
44,53
45,49
45,50
45,51
45,52
46,51
47,49
47,50
47,51
48,49
48,50
48,51
48,53
49,54
49,55
49,56
49,57
49,58
49,59
49,61
50,54
50,55
50,56
50,68
51,57
51,59
51,60
52,62
53,54
53,55
53,56
53,57
53,58
53,67
54,63
54,64
54,65
54,69
55,799
56,63
57,63
57,64
57,65
57,66
57,68
57,69
58,63
58,64
59,64
60,67
60,68
61,190
62,63
62,65
63,70
63,71
63,74
63,75
64,70
64,71
65,73
65,74
65,75
66,70
66,71
66,72
66,73
66,74
66,75
67,70
67,71
67,72
67,73
67,74
67,75
68,70
68,71
68,72
68,73
68,74
68,75
69,70
69,71
69,72
69,75
70,76
70,77
71,76
71,77
71,78
71,79
72,514
72,626
73,171
73,183
74,76
74,77
74,78
75,76
75,79
76,80
76,81
76,82
76,83
76,84
76,85
76,86
77,80
77,84
77,85
77,93
78,80
78,81
78,82
78,83
78,84
78,86
79,80
79,81
79,82
79,83
79,85
79,86
80,87
80,88
80,89
81,87
81,88
81,89
81,90
81,91
82,666
82,674
83,87
83,93
84,87
84,88
84,89
84,90
84,91
85,87
85,88
86,87
86,88
86,89
86,90
86,91
86,92
86,93
87,94
87,95
87,100
88,94
88,95
88,96
88,97
89,94
89,95
89,96
89,97
89,98
89,99
89,106
90,94
90,95
90,96
90,97
90,98
90,108
91,94
91,95
91,96
91,97
91,98
91,99
92,95
92,96
92,113
93,94
93,95
93,96
93,97
93,98
93,108
94,101
94,102
94,113
95,101
95,102
95,103
95,104
95,120
96,101
96,102
96,103
96,105
96,120
97,101
97,102
97,107
98,101
98,102
98,104
99,108
100,101
100,102
100,106
100,120
101,109
101,110
101,111
101,121
101,122
102,109
102,110
102,111
103,109
104,109
104,110
104,111
105,124
106,109
106,111
107,109
107,110
107,111
107,112
107,113
108,109
108,110
109,117
110,114
110,115
110,118
110,119
110,127
111,169
111,183
112,114
112,115
112,116
112,117
112,122
113,114
113,116
113,120
113,121
114,123
114,124
114,125
114,126
114,128
115,123
115,124
115,139
116,123
116,124
116,125
116,126
116,127
116,129
116,130
117,123
117,124
117,125
117,126
117,127
117,128
117,129
117,130
118,170
119,123
119,129
119,130
120,123
120,124
120,126
121,123
121,124
121,125
122,123
122,124
122,139
123,132
123,135
124,136
124,143
124,144
125,131
125,132
125,133
125,135
125,136
125,137
125,138
125,139
126,131
126,132
126,133
126,134
126,138
126,139
127,131
127,132
127,139
127,144
128,131
128,132
128,133
128,134
128,138
128,139
129,131
129,132
129,133
129,134
129,136
129,137
129,138
129,139
130,131
130,132
130,144
131,140
132,140
132,141
132,142
132,143
133,144
134,140
134,141
134,142
134,143
135,140
135,141
135,142
135,143
136,140
136,141
136,150
137,140
137,141
137,142
137,143
137,144
138,140
138,141
138,142
138,143
139,140
139,141
139,150
140,145
140,146
141,145
141,146
141,147
141,148
142,145
142,148
142,150
143,149
143,152
143,158
144,145
144,146
144,147
144,148
144,149
144,150
145,151
145,156
145,158
145,166
146,151
146,152
146,155
146,166
147,151
147,152
147,154
147,155
147,156
147,157
147,158
148,151
148,152
148,153
148,154
148,155
148,156
148,157
148,158
149,151
149,153
150,151
150,152
150,153
150,154
151,159
151,162
152,159
152,160
152,161
152,163
152,164
152,165
153,166
154,159
154,160
154,161
154,162
154,163
154,166
155,159
156,159
156,160
156,161
156,162
157,159
157,161
157,163
157,165
157,166
158,159
158,160
158,161
159,167
159,169
159,170
160,168
160,175
160,176
161,167
161,168
161,169
161,170
162,167
162,168
162,169
162,170
163,167
163,168
163,169
163,170
164,167
164,168
164,169
164,170
165,167
165,168
165,169
165,170
166,226
167,171
167,172
167,173
167,174
167,175
167,176
167,177
167,178
168,171
168,172
168,177
168,178
169,171
169,172
169,173
169,174
169,177
170,171
170,172
170,173
170,174
170,176
170,183
171,179
171,180
172,179
172,180
172,181
172,182
173,179
173,180
173,181
174,179
175,179
175,180
175,183
176,317
176,327
177,180
177,182
177,189
178,179
178,180
178,181
178,182
178,183
179,184
179,185
179,186
179,187
179,188
179,189
179,190
179,191
180,185
180,199
181,184
181,186
181,187
182,184
182,185
182,186
182,190
182,191
183,184
183,185
183,186
183,189
184,192
184,195
184,198
184,199
184,200
185,192
185,193
185,194
185,195
185,196
185,200
186,192
186,193
186,194
186,200
187,192
187,193
187,194
187,196
187,200
188,192
188,193
188,194
189,192
189,193
189,194
189,200
190,192
190,193
191,192
191,193
191,194
191,195
191,196
191,197
191,198
192,204
193,201
193,202
193,205
193,209
193,210
194,201
194,202
194,203
194,204
194,205
195,201
195,202
195,203
195,204
195,205
196,201
196,202
196,203
196,204
196,205
197,201
197,202
197,203
197,204
197,205
198,201
198,202
198,203
198,204
198,205
199,201
199,202
199,203
199,205
200,201
200,202
200,210
201,206
201,207
201,208
201,212
202,206
202,207
202,208
202,211
203,209
203,210
204,206
204,207
204,208
205,206
205,207
205,208
205,222
206,213
206,214
207,213
208,213
208,216
208,217
208,228
209,213
209,214
209,215
209,217
210,213
210,214
211,213
211,214
211,215
211,216
212,307
212,318
213,278
213,324
213,325
214,218
214,219
214,221
214,228
215,218
215,219
215,222
216,268
216,292
217,218
217,219
217,220
217,223
218,226
218,229
219,224
220,224
220,225
220,226
220,235
220,236
221,227
222,224
222,225
222,228
223,225
223,245
224,230
224,231
224,232
224,242
224,243
225,230
225,231
226,230
226,231
226,233
226,243
227,230
227,231
228,230
228,231
228,232
228,233
228,236
229,230
229,231
229,234
229,235
229,245
230,237
231,237
231,238
231,239
231,240
231,241
232,237
232,238
232,239
232,244
232,245
233,237
233,240
233,241
233,242
234,237
234,238
234,239
234,240
234,243
235,237
235,240
236,237
237,246
237,247
237,248
237,249
237,252
237,261
238,246
238,247
238,248
238,249
238,253
239,246
239,247
239,248
239,249
239,250
239,251
240,246
240,247
241,246
241,249
242,246
242,250
242,261
243,246
244,246
244,247
244,248
244,251
245,248
245,289
246,254
246,255
246,256
246,258
246,262
246,268
247,254
247,255
247,268
248,254
248,257
249,254
249,289
250,254
250,255
250,256
250,259
251,254
251,256
251,262
251,284
252,364
253,254
253,255
253,256
253,257
253,260
253,261
254,263
254,264
254,265
254,266
254,267
255,263
255,269
255,277
256,263
256,264
257,263
257,264
257,265
258,263
258,264
258,284
259,263
259,382
260,263
260,264
260,266
261,263
261,264
261,265
261,266
261,268
261,289
262,263
262,264
262,267
263,495
263,557
264,275
264,292
265,270
265,271
265,272
265,273
265,278
266,283
266,286
267,270
267,277
267,286
268,270
269,270
269,274
269,276
269,286
270,279
270,280
270,281
271,281
271,282
272,279
272,280
272,281
273,279
274,279
274,283
274,284
274,302
275,279
275,280
275,281
276,279
276,280
277,279
277,280
277,281
278,314
278,322
279,285
279,290
279,293
280,464
280,475
281,285
281,287
281,299
281,300
282,286
283,285
283,291
283,292
283,308
284,288
284,289
285,294
285,297
286,296
286,310
287,294
287,295
287,296
287,297
287,301
287,302
288,294
288,298
288,299
289,294
289,300
290,295
290,301
291,294
292,294
292,298
293,294
293,295
293,296
293,297
293,298
294,303
294,304
294,305
294,306
294,307
294,310
294,311
295,303
295,304
295,305
295,310
295,311
296,303
296,306
296,308
296,311
297,303
297,304
297,309
297,311
298,310
298,326
299,303
299,304
299,305
299,306
299,311
300,303
300,304
300,311
301,303
301,304
301,307
301,310
301,311
302,303
302,304
302,305
302,306
303,312
303,313
303,314
303,315
303,316
303,317
303,318
303,319
304,312
305,364
305,370
306,312
306,313
306,326
307,312
307,313
308,736
308,754
308,756
309,314
310,312
310,318
311,312
311,313
311,314
311,316
311,317
312,320
312,321
312,322
312,323
313,324
313,339
314,320
314,321
314,326
314,333
314,334
315,320
315,321
315,322
315,323
315,326
315,334
316,320
316,321
316,325
316,334
317,434
318,320
318,321
318,322
318,334
319,320
319,321
319,322
319,326
319,333
319,334
320,327
320,328
320,330
320,332
320,341
321,327
321,328
321,329
321,330
321,331
321,337
321,341
322,327
322,328
322,341
323,327
323,333
324,334
325,327
325,328
325,329
325,330
325,331
325,332
325,341
326,327
326,328
326,331
327,335
327,336
328,335
328,342
329,335
329,346
330,339
330,340
331,335
331,338
332,335
332,337
332,362
333,335
333,336
333,337
333,338
333,339
334,341
334,370
335,343
335,344
335,370
336,343
336,344
336,345
336,347
337,343
338,583
339,345
340,343
340,344
340,345
340,370
341,343
341,344
342,343
342,346
342,348
342,366
343,353
344,349
344,350
344,351
345,349
346,349
346,350
346,352
346,388
347,349
347,351
347,354
348,350
348,355
348,356
349,357
349,358
349,359
350,357
350,358
350,359
350,360
350,364
351,357
351,358
351,366
352,563
353,357
353,363
353,365
354,359
355,358
355,362
356,361
356,367
356,380
357,371
357,378
357,389
358,368
359,368
359,372
360,375
361,370
361,396
362,368
363,368
363,374
364,368
365,368
365,369
365,373
366,368
366,369
367,368
367,369
367,370
367,395
368,376
369,375
369,376
369,379
369,381
370,375
371,375
371,380
371,390
372,375
372,376
372,377
373,438
373,439
373,440
374,375
374,376
374,377
374,378
374,379
374,380
374,381
375,382
375,383
376,382
377,382
377,383
377,384
377,385
377,386
377,389
378,390
379,382
379,384
380,382
380,383
380,384
380,385
380,386
380,387
381,388
381,402
382,391
382,392
382,393
382,394
383,391
384,396
385,391
385,392
385,393
385,394
385,395
385,396
386,475
386,529
386,578
387,391
387,392
388,573
388,595
389,391
390,391
390,392
390,393
391,397
391,398
391,402
392,397
392,398
392,399
393,397
393,400
393,401
393,402
394,397
394,398
395,398
396,401
396,402
397,403
397,404
397,405
398,553
399,714
399,758
400,403
401,403
401,404
401,405
402,495
402,633
403,406
403,407
404,406
404,407
404,408
404,409
404,410
404,412
405,406
405,407
405,408
405,409
405,410
405,411
406,464
406,475
407,413
407,414
407,432
408,413
408,414
408,415
408,418
408,419
409,413
409,414
409,415
409,416
409,417
409,418
410,604
411,413
411,414
412,413
412,417
413,572
414,420
414,421
414,439
415,420
415,421
416,420
416,421
416,422
416,424
417,547
417,571
418,422
418,423
418,440
419,420
420,425
420,429
420,431
420,433
421,427
422,426
422,428
422,432
423,444
423,456
424,425
424,430
424,433
424,446
425,434
425,671
425,675
426,434
426,571
426,631
426,675
427,440
428,434
428,435
428,436
428,437
428,438
429,434
429,435
429,436
429,437
430,439
431,434
431,435
431,437
431,438
431,440
432,434
432,435
432,436
433,434
433,435
433,436
434,621
434,648
435,445
436,453
437,441
437,442
437,443
437,444
437,445
438,441
438,446
439,441
439,443
439,444
440,441
440,442
440,443
440,444
440,445
440,446
441,447
441,448
442,447
442,448
442,449
443,448
443,460
444,447
444,457
444,463
445,447
445,449
445,457
446,447
447,450
447,451
447,452
447,455
447,458
448,450
448,452
448,453
448,454
448,457
449,450
449,451
449,452
449,456
450,459
450,461
451,564
452,507
453,459
453,463
454,459
454,463
455,460
455,537
456,459
456,463
457,462
458,459
458,460
458,462
459,464
459,465
459,466
459,467
460,574
460,586
461,559
462,464
462,474
462,475
463,467
464,468
465,468
465,474
465,475
466,468
466,469
467,469
467,470
467,471
467,472
467,473
468,476
468,477
468,478
468,479
468,480
468,481
468,482
469,480
470,509
470,513
471,476
471,478
472,708
472,742
472,802
473,791
473,797
474,486
475,581
476,483
476,484
477,483
477,486
477,488
478,484
478,489
478,499
479,483
479,484
479,487
480,485
481,483
481,499
482,879
482,881
482,900
483,494
483,495
483,539
484,490
484,491
484,492
484,504
485,496
485,519
486,702
487,490
488,490
488,491
488,499
488,505
489,490
489,492
489,493
489,504
490,497
490,498
490,514
491,498
492,500
492,526
493,497
493,514
494,736
495,509
495,594
496,499
496,515
497,501
497,507
498,501
498,506
499,502
499,504
499,506
500,501
500,502
500,503
500,505
501,508
501,515
502,514
502,536
502,577
503,508
503,509
503,587
504,671
504,704
505,565
506,511
506,513
507,508
507,509
507,510
507,512
507,522
508,631
508,644
508,664
509,562
509,611
509,717
510,516
510,519
511,516
512,516
512,517
513,516
514,645
514,700
514,861
515,517
515,518
516,524
516,526
517,520
517,542
518,520
518,521
518,522
518,523
518,524
518,525
519,523
520,527
520,528
520,529
520,530
520,533
521,527
521,528
521,529
521,530
522,527
522,534
523,530
524,527
524,528
524,529
524,530
524,532
525,527
525,528
525,529
525,530
525,531
526,535
526,560
527,536
527,537
527,538
527,539
528,536
528,537
528,538
529,579
529,586
530,540
530,541
530,560
531,536
531,537
531,542
532,679
533,537
533,568
534,536
535,536
535,537
535,538
535,555
536,543
537,543
537,546
537,553
538,543
538,544
538,547
539,543
539,544
539,545
539,571
540,543
541,544
541,548
542,543
542,545
543,549
544,549
545,550
545,554
545,555
546,549
546,550
546,552
546,556
546,557
547,549
547,550
547,551
548,549
548,550
548,551
548,553
549,558
549,559
549,562
550,558
550,559
550,561
550,565
551,595
551,640
551,645
552,576
553,558
553,564
554,560
555,558
555,559
555,563
556,595
557,558
558,566
559,566
559,578
559,580
560,566
560,567
561,566
562,678
563,568
564,571
564,593
565,567
565,569
565,570
566,572
566,576
566,585
567,900
568,573
569,574
570,572
570,573
570,575
570,577
570,578
570,595
571,572
572,656
572,667
572,680
573,580
573,596
574,579
575,752
576,579
576,581
576,582
577,579
578,579
579,587
580,583
580,584
580,585
580,586
580,587
580,600
581,584
581,588
581,589
581,594
582,583
582,586
583,590
583,591
584,590
584,592
585,590
585,591
586,594
587,590
587,591
587,592
587,593
587,610
588,590
588,591
588,592
588,593
588,595
588,596
589,618
590,598
590,667
591,597
591,598
591,599
591,603
592,597
592,599
593,601
593,602
594,597
594,598
594,599
595,600
596,597
596,598
597,604
597,612
598,608
598,611
599,604
599,605
599,606
599,607
600,610
601,604
601,612
602,604
603,604
603,605
603,607
603,609
603,612
604,613
604,619
605,691
605,750
606,613
606,620
606,621
606,698
606,744
607,660
607,736
608,616
608,622
608,696
608,720
608,722
609,614
609,617
609,618
609,669
610,613
610,614
611,613
611,621
611,658
611,731
612,613
612,615
612,623
612,629
613,624
613,625
613,776
614,624
614,625
614,627
615,624
615,625
615,821
616,875
616,939
617,802
618,624
618,628
618,647
619,626
620,625
620,724
621,759
621,802
621,839
622,763
622,809
623,624
623,739
624,902
624,915
625,635
625,737
626,632
626,634
627,629
627,630
627,631
627,633
628,629
628,630
629,636
629,639
629,675
631,721
631,760
631,820
632,638
632,640
633,636
633,637
634,903
635,816
635,877
636,648
636,661
637,641
637,642
638,641
638,642
638,643
638,644
638,645
638,646
639,642
640,647
640,718
641,679
641,680
641,685
642,651
642,764
643,649
643,650
644,649
645,749
645,770
645,878
645,883
646,890
647,652
648,650
648,653
648,680
649,654
649,659
650,654
650,656
650,657
650,658
650,667
651,660
651,701
652,655
652,661
652,720
653,654
653,686
654,687
654,713
654,722
655,662
655,688
655,722
656,662
656,700
657,662
657,664
657,668
658,662
659,662
659,663
660,846
660,853
660,891
661,739
662,665
662,736
662,756
663,665
663,666
663,667
663,668
663,669
664,665
664,698
665,672
665,837
666,670
666,675
667,670
667,676
668,673
668,674
669,671
670,677
670,678
670,679
671,680
672,763
672,861
672,870
672,962
673,723
673,813
673,841
673,941
674,731
675,677
675,679
676,756
676,780
677,682
677,684
678,685
678,719
678,721
679,681
679,682
679,683
679,684
680,681
680,682
681,686
681,689
682,688
682,690
682,708
683,691
684,686
684,687
684,688
684,722
685,686
685,687
685,712
686,805
686,927
687,697
687,698
688,696
689,713
690,692
690,693
690,694
690,695
690,696
690,718
690,720
691,693
692,699
692,706
693,699
693,806
693,807
693,808
694,734
695,705
696,702
696,705
696,707
697,702
697,703
697,704
698,700
698,701
698,705
699,709
699,751
700,708
700,796
700,845
701,727
702,716
702,723
702,724
702,727
703,708
703,821
703,901
704,708
704,710
705,842
706,712
707,711
707,713
708,718
708,822
709,792
709,812
709,818
709,826
710,714
710,720
710,739
710,756
711,714
711,717
712,714
712,715
712,722
712,843
713,716
713,719
713,721
714,829
716,725
716,726
717,799
717,807
719,727
720,723
720,724
720,759
721,795
722,723
722,830
723,818
724,859
724,876
725,730
725,829
726,731
727,728
727,729
728,813
728,897
729,732
729,733
729,735
730,732
730,734
731,736
732,737
732,740
732,765
733,738
733,742
733,745
733,785
734,751
735,840
736,739
736,741
736,749
736,753
736,759
737,745
737,812
738,743
739,744
739,746
740,743
740,746
740,824
741,762
743,900
744,748
744,750
745,747
745,749
745,751
746,772
747,753
747,756
748,757
748,758
749,755
750,764
750,813
750,830
751,752
751,754
751,833
751,851
752,759
752,801
753,804
754,863
754,916
755,891
755,903
757,762
757,763
757,764
758,760
758,761
759,782
759,800
759,909
760,854
760,987
761,765
761,766
761,769
762,767
762,768
764,765
765,845
765,869
765,908
766,774
766,775
767,770
767,771
767,773
768,772
768,854
769,770
769,771
769,772
769,788
770,782
771,814
772,778
772,779
773,780
773,781
774,777
774,783
775,776
775,777
775,778
776,788
777,785
777,787
778,784
778,911
779,807
780,784
780,789
781,784
781,833
782,786
783,905
783,954
785,795
785,797
785,798
785,811
786,794
787,793
788,791
788,794
788,796
788,831
789,790
789,791
789,792
791,815
792,799
792,800
793,800
793,806
793,807
793,831
793,832
793,842
794,810
794,874
795,803
795,804
795,805
796,805
796,915
797,801
797,802
797,848
798,806
799,811
801,809
802,810
803,808
803,812
803,855
804,808
804,809
806,823
806,846
806,849
807,862
808,814
808,847
809,813
809,814
809,839
810,879
811,814
811,815
813,817
813,818
814,822
814,824
814,830
814,890
815,816
815,819
815,820
815,821
816,827
816,875
817,826
818,824
818,931
818,935
818,944
819,823
821,828
821,841
821,882
821,977
822,825
823,833
823,835
824,979
825,831
827,829
827,830
827,832
828,834
829,839
829,878
830,867
830,992
831,933
831,986
833,838
833,960
834,916
835,836
835,837
835,840
835,841
836,848
837,845
837,857
837,881
838,864
838,961
839,842
839,846
839,849
839,881
840,843
840,847
840,850
841,844
842,857
843,856
844,851
844,853
844,943
846,852
846,855
847,854
847,857
847,874
850,868
850,875
850,877
851,858
851,863
851,916
852,926
853,861
853,948
855,864
855,956
856,859
856,861
856,862
857,860
858,865
858,867
859,866
859,905
860,868
860,870
860,872
861,865
861,890
861,928
862,868
863,865
863,871
864,869
864,975
866,875
866,877
868,873
868,876
870,965
871,874
871,899
871,918
873,879
873,883
875,878
875,881
875,920
875,922
876,880
876,882
876,884
876,885
877,962
879,891
880,892
880,938
880,986
881,908
882,887
882,888
882,890
883,937
883,939
883,943
885,886
885,889
885,913
887,893
887,895
888,897
889,898
891,894
891,896
893,902
893,905
894,901
894,904
894,906
894,908
894,914
895,903
897,921
897,963
898,899
898,900
898,903
898,907
899,909
900,912
900,914
900,915
901,913
902,932
903,910
905,988
906,910
906,911
906,912
906,915
907,964
908,931
909,921
909,995
910,960
910,988
911,920
911,961
912,916
912,953
913,919
913,924
914,918
915,917
916,923
916,925
916,947
917,922
917,924
918,923
918,926
919,927
919,992
919,996
920,981
922,929
922,932
922,934
922,935
923,930
924,928
924,931
925,936
926,928
927,933
928,984
929,943
930,942
930,944
931,937
932,941
932,968
933,939
933,940
934,942
935,938
935,971
936,974
937,946
937,947
937,951
938,945
938,950
939,952
939,998
940,985
941,953
942,945
942,948
943,949
944,958
946,956
946,957
947,957
947,958
948,962
949,954
949,959
950,955
954,960
955,966
956,963
956,964
956,965
958,961
958,968
959,962
959,967
961,973
961,975
963,970
963,982
964,992
966,972
967,969
967,974
968,971
970,1000
972,977
973,978
973,980
974,979
974,981
975,976
975,979
976,982
976,986
978,985
979,984
980,983
982,991
982,992
982,994
983,989
984,993
985,987
985,988
985,990
986,989
987,998
988,995
988,999
989,1000
990,997
991,996
<end>