<number of tasks>
100
<cycle time>
1000
<order strength>
0.595
<z_alpha>
1.645
<task times>
1 671 13847.3060
2 430 785.3723
3 429 44708.2097
4 619 5924.0960
5 381 23621.3351
6 506 11435.2407
7 384 25179.1993
8 296 2919.2606
9 581 45316.9875
10 539 19773.3392
11 663 801.1949
12 412 16864.1025
13 472 23768.4638
14 652 28936.4385
15 531 32088.1415
16 691 12484.1062
17 407 24837.3060
18 438 37595.3185
19 641 26008.2502
20 288 8692.2910
21 443 15373.3262
22 429 1324.4468
23 598 21626.9222
24 507 52602.5257
25 322 3600.1543
26 535 55069.8319
27 393 4922.1441
28 597 22732.5032
29 431 45373.1713
30 441 23046.1040
31 547 36495.5112
32 484 2253.0747
33 461 18965.1483
34 564 28729.9011
35 512 24929.2074
36 538 15963.0312
37 505 32048.6309
38 591 28618.1351
39 589 19633.3998
40 458 44219.2078
41 156 3836.4541
42 325 19575.4428
43 521 37698.4520
44 364 12597.8478
45 582 4448.6613
46 623 22823.6236
47 376 30447.6290
48 482 16198.3780
49 448 16459.1175
50 343 12119.6138
51 608 6835.2256
52 521 34867.2567
53 455 1471.2265
54 347 2819.9276
55 460 42632.3516
56 490 26585.9401
57 561 784.6361
58 519 6484.1517
59 626 23201.6023
60 596 23954.2174
61 285 18335.8073
62 578 2419.5488
63 684 14685.9004
64 529 6102.8637
65 643 27447.6713
66 723 10093.9932
67 676 5221.2007
68 769 9436.1754
69 498 57590.2930
70 645 23301.5980
71 349 3281.4070
72 381 7266.3513
73 501 10627.3164
74 767 12612.0879
75 489 54401.8812
76 464 936.7006
77 545 24641.7065
78 329 1426.4511
79 399 23195.7034
80 314 21030.5360
81 542 18672.9121
82 579 7451.4008
83 564 10877.1519
84 521 9935.8978
85 510 32034.0060
86 318 15489.9980
87 399 11371.2189
88 402 25359.0543
89 664 21550.5290
90 638 8093.1903
91 491 28930.4343
92 475 7484.1725
93 532 1553.2375
94 357 13722.3187
95 603 19950.0950
96 530 2020.1929
97 609 39208.3278
98 619 34301.3696
99 595 18641.3849
100 576 32068.2684
<precedence relations>
1,9
2,7
2,10
2,11
3,8
3,10
3,11
4,10
5,11
6,10
7,12
8,13
9,14
10,15
10,16
10,17
10,21
11,16
11,17
11,21
12,20
13,21
14,18
15,19
16,22
17,20
18,24
19,23
20,24
20,25
20,26
20,27
21,24
21,25
22,24
22,25
22,26
22,27
23,28
24,30
24,31
24,32
25,29
25,33
26,31
26,47
27,30
27,31
27,32
27,33
28,34
29,38
30,35
30,37
30,40
30,41
30,51
31,36
31,40
31,41
31,46
32,39
32,40
32,59
33,39
33,40
33,41
34,45
35,42
36,43
37,44
38,45
39,46
39,47
40,74
40,78
40,79
41,45
41,57
42,48
43,51
44,49
45,59
45,77
45,83
46,50
46,52
46,78
47,53
47,54
47,72
48,57
49,55
50,56
51,57
51,58
51,59
51,60
52,58
52,76
53,60
53,66
54,73
54,88
55,61
56,64
57,62
57,63
58,71
59,66
60,65
60,77
61,69
62,67
63,68
64,69
65,70
65,71
65,73
65,75
66,70
66,75
66,96
66,97
67,72
68,75
69,73
69,77
70,76
70,78
70,79
71,74
72,83
72,99
73,80
73,93
73,96
74,81
74,82
74,83
75,88
78,93
79,93
80,85
81,86
82,84
82,88
83,87
84,90
85,89
86,92
87,91
88,93
89,94
90,96
91,97
92,95
93,98
93,99
93,100
<end>