<number of tasks>
100
<cycle time>
1000
<order strength>
0.605
<z_alpha>
1.645
<task times>
1 173 446.3639
2 133 841.3753
3 116 449.1464
4 129 468.8797
5 33 12.3023
6 32 57.8380
7 164 1176.5017
8 150 582.8633
9 79 251.5155
10 318 3211.7783
11 108 644.5503
12 248 23.7015
13 114 690.6826
14 146 483.0742
15 214 177.3354
16 72 206.2919
17 212 724.7287
18 178 957.8354
19 104 318.8063
20 102 8.9409
21 219 1773.1833
22 242 871.9993
23 184 112.0818
24 22 27.6235
25 92 493.0994
26 41 95.5235
27 124 367.1150
28 212 1690.7990
29 224 1577.5205
30 41 5.2918
31 77 362.8592
32 236 581.3277
33 190 2064.8220
34 236 932.8477
35 77 67.3158
36 155 658.2221
37 148 1128.7087
38 147 1271.2930
39 102 642.4295
40 95 540.1068
41 43 68.4189
42 152 734.1671
43 25 9.8356
44 140 587.9315
45 77 210.6787
46 171 372.1360
47 155 1249.4377
48 144 198.5260
49 81 169.6667
50 57 22.6745
51 150 1301.0618
52 24 35.0858
53 37 27.1366
54 115 722.0747
55 255 1422.9569
56 90 11.6902
57 166 829.8327
58 67 217.6008
59 295 1821.5882
60 147 645.6861
61 81 123.8534
62 166 1434.9800
63 93 306.3772
64 74 215.7629
65 48 4.1263
66 146 127.9804
67 192 1009.3961
68 92 41.1861
69 160 481.1947
70 174 730.6864
71 191 479.5881
72 320 578.8854
73 70 276.1116
74 212 2805.8848
75 110 443.4717
76 125 764.9738
77 140 101.6843
78 54 151.1101
79 296 2937.8683
80 63 59.3610
81 239 2045.0778
82 60 216.8966
83 47 112.2106
84 159 618.4044
85 111 673.0338
86 213 952.7987
87 270 2815.3262
88 116 407.7884
89 332 3413.6396
90 72 220.2962
91 157 1391.0131
92 75 233.5683
93 200 1387.1222
94 173 1790.4125
95 167 1573.2436
96 328 3036.5456
97 207 775.2720
98 185 1400.6128
99 104 319.4415
100 23 13.7773
<precedence relations>
1,8
2,6
2,7
3,9
3,10
3,11
4,11
4,12
5,9
5,24
6,13
7,14
8,16
9,15
9,18
10,17
10,18
10,19
11,17
12,19
12,29
12,30
12,35
12,39
13,22
14,23
15,20
16,21
17,23
17,24
17,25
18,23
18,25
19,45
19,60
20,26
21,28
22,27
23,28
23,30
24,65
25,29
25,77
26,32
27,34
28,31
28,33
28,35
28,39
29,70
29,76
30,36
30,37
30,38
31,40
32,42
33,44
34,45
35,41
35,45
36,43
36,45
36,56
37,57
37,62
38,45
39,45
39,49
40,47
41,46
42,49
43,48
44,50
45,50
45,51
45,52
46,53
47,54
48,55
49,56
49,60
50,90
50,100
51,66
52,57
52,66
53,58
54,60
55,59
55,61
55,62
56,67
56,79
57,65
57,67
58,63
59,64
60,65
60,66
60,67
61,66
61,67
61,74
62,65
63,70
64,68
65,69
65,70
65,71
65,72
65,74
66,72
67,75
68,74
69,73
70,75
70,78
70,79
71,75
71,77
71,78
72,75
72,76
72,77
72,78
72,79
73,80
74,81
74,82
74,83
75,83
75,94
77,83
78,89
79,90
80,85
81,87
82,88
83,84
83,86
83,89
83,90
84,91
85,94
86,92
87,93
88,94
89,95
89,98
91,96
92,97
93,98
94,98
94,100
95,99
<end>