<number of tasks>
100
<cycle time>
1000
<order strength>
0.895
<z_alpha>
1.960
<task times>
1 250 781.0335
2 104 1.9210
3 403 3171.8756
4 341 1054.8393
5 439 2340.0198
6 509 14563.8695
7 510 1087.6176
8 178 553.5608
9 89 336.9980
10 206 957.4255
11 274 1510.1371
12 457 8521.9208
13 110 220.8883
14 39 49.3752
15 69 14.2433
16 190 787.3426
17 122 185.5032
18 274 2536.3227
19 464 9101.7783
20 116 585.4214
21 154 925.4239
22 178 833.5914
23 123 570.3664
24 51 23.5272
25 93 299.3901
26 138 521.2014
27 213 771.8381
28 29 23.0583
29 87 347.1160
30 184 1113.7489
31 109 160.1367
32 22 17.3881
33 40 2.2357
34 76 346.4439
35 311 3949.4176
36 57 87.6756
37 477 11477.9421
38 334 6163.0792
39 63 94.4295
40 292 4547.7693
41 200 1964.0835
42 101 332.5017
43 120 119.9759
44 568 12594.3999
45 100 323.8611
46 541 13110.8628
47 89 21.1748
48 101 122.7757
49 36 49.7191
50 262 3085.8017
51 268 3429.8616
52 107 77.7977
53 48 0.6803
54 93 296.1759
55 71 298.3708
56 71 225.4588
57 29 22.5140
58 506 3430.3609
59 475 8031.7945
60 313 4245.3145
61 540 567.6138
62 102 109.2080
63 140 1062.6145
64 71 220.0443
65 37 75.2283
66 185 1781.3366
67 511 14792.1624
68 122 65.1482
69 492 1409.9014
70 44 111.1916
71 113 43.9179
72 425 9311.7368
73 98 411.5237
74 557 16963.3373
75 115 268.7403
76 124 879.7004
77 142 1058.6593
78 110 704.2911
79 207 1542.4366
80 277 4667.9560
81 336 5003.3616
82 328 4587.0138
83 275 3572.2500
84 454 5212.3196
85 78 160.4747
86 143 529.7242
87 473 3999.4467
88 178 829.1527
89 295 4907.3746
90 353 4507.0041
91 250 478.3679
92 131 971.5586
93 289 645.5750
94 482 3255.3494
95 140 384.9577
96 220 2082.9529
97 110 375.7920
98 28 31.3873
99 88 260.7913
100 79 104.0983
<precedence relations>
1,3
1,4
1,5
2,3
2,4
2,5
3,6
3,7
3,8
4,6
4,7
4,8
5,6
5,7
5,8
6,9
6,10
6,11
6,12
6,13
7,9
7,10
7,11
7,12
7,13
8,9
8,10
8,11
8,12
8,13
9,14
9,15
9,16
9,17
10,14
10,15
10,16
10,17
11,14
11,15
11,16
11,17
12,14
12,15
12,16
12,17
13,14
13,15
13,16
13,17
14,18
14,19
14,20
15,18
15,19
15,20
16,18
16,19
16,20
17,18
17,19
17,20
18,21
18,22
18,23
18,24
19,21
19,22
19,23
19,24
20,21
20,22
20,23
20,24
21,25
21,26
21,27
21,28
21,29
22,25
22,26
22,27
22,28
22,29
23,25
23,26
23,27
23,28
23,29
24,25
24,26
24,29
25,30
26,30
27,30
28,30
29,30
30,31
30,32
30,33
31,42
31,50
31,51
32,34
32,35
32,36
33,34
33,35
33,36
34,47
35,39
35,40
36,37
36,38
36,39
37,41
37,42
37,44
37,45
38,46
39,43
40,41
40,43
40,46
41,47
42,48
43,49
44,47
44,50
44,51
45,47
45,50
46,47
46,49
46,50
46,51
47,52
47,53
47,54
47,55
48,52
48,53
48,54
48,55
49,52
49,53
49,58
50,54
50,58
51,52
51,53
51,54
51,55
52,56
52,57
53,57
54,57
55,56
55,58
56,61
56,78
56,79
57,59
58,59
59,60
59,61
59,62
59,63
60,64
60,66
61,80
61,82
61,86
62,64
62,65
62,66
63,64
63,65
63,66
64,68
64,70
64,88
65,71
66,67
66,68
66,69
67,77
67,88
69,71
69,72
70,74
70,91
70,95
71,74
71,75
71,76
72,73
72,75
72,78
73,79
75,80
75,86
76,77
76,78
76,80
77,87
77,94
78,81
78,82
78,95
79,81
79,82
80,83
80,84
80,90
81,86
81,98
82,87
82,91
82,94
83,85
84,92
85,88
86,87
86,91
87,90
87,93
88,89
88,91
88,92
91,93
92,94
92,95
93,96
93,97
94,98
94,99
94,100
95,98
<end>