<number of tasks>
100
<cycle time>
1000
<order strength>
0.600
<z_alpha>
1.645
<task times>
1 278 1138.7216
2 311 23031.3121
3 414 30449.8637
4 600 19098.0656
5 391 2604.5592
6 830 2416.8113
7 479 34462.4449
8 556 15500.2849
9 378 26952.7963
10 615 5761.7902
11 657 8967.7030
12 417 26521.2025
13 620 15347.1135
14 546 4011.8557
15 511 9519.3585
16 545 5748.4163
17 245 8330.7347
18 392 17581.6312
19 683 840.9631
20 315 15237.5845
21 361 5703.1385
22 545 32025.2729
23 411 28921.2130
24 636 32409.4125
25 547 41617.6221
26 379 21316.1840
27 624 22808.9724
28 383 32038.9204
29 589 13031.9441
30 652 30602.5983
31 566 3507.8769
32 484 49147.3548
33 548 5763.5307
34 397 28171.0578
35 584 1823.1106
36 789 11191.6255
37 593 13288.5477
38 295 12651.1720
39 445 7611.4194
40 421 31264.6765
41 461 51087.6467
42 446 2457.3882
43 446 39197.4519
44 530 48648.3717
45 414 42684.4860
46 602 30788.4682
47 415 25579.4411
48 684 5168.4745
49 695 17685.6673
50 609 7474.0563
51 262 14694.1582
52 324 9877.7600
53 411 12460.1296
54 591 17964.9907
55 419 40002.6530
56 502 9850.8136
57 408 23860.8152
58 550 14257.4787
59 488 19115.6824
60 581 23520.3399
61 456 9355.4708
62 410 32729.2193
63 477 30137.6074
64 386 35886.5752
65 485 33645.0168
66 346 4097.8054
67 606 28375.1413
68 311 23143.6239
69 445 8167.9523
70 430 37721.9862
71 652 658.9294
72 328 23244.0697
73 512 5654.5697
74 358 15691.9527
75 428 27564.3273
76 542 29969.6379
77 781 447.2503
78 481 14190.3954
79 417 32787.5675
80 579 37902.2019
81 447 44068.0842
82 329 10822.2694
83 699 7357.6650
84 901 1405.5423
85 700 20346.3065
86 524 324.0745
87 458 3360.3216
88 226 7857.6928
89 451 29545.4085
90 582 27103.2242
91 566 24175.5109
92 457 44478.8056
93 524 17843.5108
94 389 4939.2060
95 451 22498.5962
96 429 32320.1229
97 426 39250.2818
98 580 34649.4406
99 355 12928.2843
100 452 36291.4921
<precedence relations>
1,40
2,40
3,22
4,22
5,22
6,7
6,8
6,9
6,10
6,11
6,12
7,74
8,74
9,22
10,51
11,51
12,13
12,14
12,15
12,16
12,17
12,18
12,19
12,20
13,74
14,22
15,22
16,22
17,51
18,51
19,51
20,21
20,23
20,24
20,25
21,40
22,29
22,30
22,31
22,32
22,33
22,34
22,35
22,36
22,37
22,40
23,51
24,28
24,38
24,42
25,26
25,27
25,42
26,40
27,40
28,40
29,41
30,70
31,67
32,39
32,71
33,42
34,41
35,39
35,43
35,48
36,61
36,64
37,68
38,43
38,70
39,74
40,44
40,45
40,46
40,47
40,49
41,51
42,48
42,50
42,64
43,71
43,72
44,51
45,51
46,51
46,52
47,68
47,69
47,71
48,51
49,51
50,53
50,72
51,54
51,55
51,56
51,57
51,58
51,59
52,60
53,90
53,91
54,61
55,72
57,63
57,75
58,67
59,62
59,73
59,86
60,64
60,65
61,74
62,87
64,66
65,67
66,68
66,69
67,70
67,71
68,74
69,72
70,85
70,88
71,73
72,74
73,75
73,76
73,77
74,78
74,79
74,80
74,81
74,82
74,83
74,84
74,85
74,86
75,87
78,87
79,88
80,87
81,87
82,89
83,87
83,90
84,90
84,91
85,87
86,87
86,90
87,92
87,93
87,94
87,95
87,96
87,97
87,98
87,99
87,100
<end>