<number of tasks>
100
<cycle time>
1000
<order strength>
0.596
<z_alpha>
1.280
<task times>
1 479 31060.3081
2 510 33430.5741
3 133 433.3035
4 241 14365.7099
5 285 20187.8827
6 83 629.8569
7 149 1892.1756
8 40 333.0547
9 30 197.5877
10 74 554.2745
11 45 217.9120
12 78 89.9497
13 325 10398.1118
14 82 397.6347
15 33 138.9496
16 228 5409.1175
17 254 5176.5679
18 141 2309.2252
19 192 7140.0913
20 66 77.2217
21 157 1244.2264
22 104 2223.4863
23 539 12529.9983
24 115 998.9483
25 72 477.3768
26 102 1411.0325
27 283 8647.3924
28 261 6237.3995
29 155 1576.1536
30 204 6589.6138
31 307 5056.6339
32 169 6592.3092
33 128 670.9511
34 208 5609.4149
35 236 9191.4984
36 320 14746.3246
37 482 2121.6479
38 63 881.0656
39 193 5841.1030
40 176 213.1188
41 341 28318.1327
42 63 870.2051
43 99 493.9866
44 202 4056.8109
45 104 361.0897
46 154 2202.9842
47 86 94.9348
48 39 231.2838
49 232 145.8637
50 60 575.9980
51 553 10627.0055
52 353 3235.9561
53 115 1567.1179
54 28 50.1549
55 430 16001.6094
56 180 1201.0654
57 427 38662.7595
58 207 10511.4675
59 266 17151.3065
60 237 13637.7424
61 100 2083.3269
62 303 13393.9210
63 523 31091.2064
64 109 2101.6885
65 171 427.8934
66 172 1652.3996
67 192 4361.8429
68 254 10788.9529
69 240 5600.2132
70 531 37061.7402
71 491 9784.6074
72 136 2488.7758
73 477 26608.8316
74 85 277.3924
75 80 485.2166
76 120 2093.2719
77 230 7927.2135
78 214 865.5211
79 29 11.8547
80 127 3249.5260
81 442 33376.0026
82 473 20107.5629
83 264 5880.3988
84 139 1472.3400
85 49 242.5781
86 320 10290.9794
87 64 209.4300
88 550 33173.4307
89 25 24.0293
90 114 1338.7275
91 423 4753.4062
92 299 14004.1653
93 74 1108.8644
94 110 872.6271
95 473 2219.3592
96 25 8.3974
97 373 4231.0067
98 25 9.9044
99 128 459.2026
100 369 30220.2966
<precedence relations>
1,10
2,10
3,10
4,10
5,10
6,32
7,32
8,46
9,11
9,12
9,13
9,14
9,15
10,16
10,17
10,18
10,19
10,20
10,21
10,22
11,60
12,32
13,46
14,46
15,23
15,24
16,32
17,26
17,35
17,50
17,59
18,48
19,28
19,30
19,33
20,25
20,27
20,31
21,35
21,72
22,60
23,33
23,72
24,26
24,29
25,60
26,60
27,32
28,46
29,31
29,33
29,36
29,37
30,34
30,35
31,60
32,38
32,39
32,40
32,41
32,42
32,43
32,44
32,45
32,46
33,80
34,46
35,46
36,47
36,62
37,47
38,78
38,86
38,92
38,94
39,48
39,59
40,50
40,59
40,66
41,59
42,50
43,49
43,50
44,50
44,62
45,49
46,51
46,52
46,53
46,54
46,55
46,56
46,57
46,58
47,59
47,77
48,60
49,60
50,80
51,65
51,74
52,62
52,73
53,67
53,73
53,79
54,61
55,60
55,67
56,79
56,80
57,62
57,63
57,78
57,79
58,61
58,63
58,66
58,67
59,64
59,67
60,68
60,69
60,70
60,71
61,80
62,80
63,80
64,72
64,73
65,96
65,97
66,73
66,75
67,86
68,74
68,75
69,81
70,75
72,80
73,78
74,80
75,76
75,77
75,78
75,79
76,80
77,81
79,81
79,93
80,82
80,83
80,84
80,85
80,86
80,87
81,88
82,89
84,92
85,88
85,93
86,89
87,98
88,90
88,91
88,92
88,94
89,90
89,91
89,93
90,96
91,97
93,95
93,99
93,100
94,99
96,98
96,99
96,100
<end>