<number of tasks>
20
<cycle time>
1000
<order strength>
0.174
<z_alpha>
1.280
<task times>
1 129 711.4956
2 243 1825.1881
3 30 19.3021
4 23 32.2564
5 121 327.0292
6 102 111.3498
7 182 403.1119
8 234 1458.2936
9 173 1416.9725
10 267 2062.7602
11 229 3149.3686
12 38 77.4245
13 278 4721.7554
14 166 1418.1502
15 77 324.7020
16 128 139.7277
17 112 256.3601
18 170 1249.7256
19 168 438.3968
20 70 285.0862
<precedence relations>
1,5
3,6
3,7
3,8
3,9
4,10
5,13
5,14
6,11
7,15
9,12
11,16
11,17
13,18
16,19
17,20
<end>