<number of tasks>
50
<cycle time>
1000
<order strength>
0.204
<z_alpha>
1.280
<task times>
1 531 17437.1426
2 429 29276.9415
3 480 47175.9687
4 580 42462.3478
5 376 33443.0619
6 503 41494.1742
7 496 27022.4074
8 569 23972.3225
9 581 30803.9999
10 326 4807.2293
11 611 22422.8786
12 532 19613.3871
13 590 14051.3911
14 537 2940.3316
15 472 36740.5350
16 256 8158.5657
17 372 11473.4964
18 502 31018.9638
19 405 18119.2664
20 392 1523.1008
21 450 50309.6726
22 674 4688.7596
23 384 620.7068
24 442 18576.6987
25 606 12702.1543
26 509 31568.0451
27 573 32180.1558
28 644 6535.9382
29 442 44277.7139
30 522 13393.7961
31 542 16903.2023
32 304 8669.1990
33 326 8601.2597
34 738 10712.8218
35 688 17323.0551
36 290 978.7708
37 539 16623.5741
38 500 37792.1663
39 531 18692.7612
40 389 11307.3920
41 361 13181.3611
42 413 301.8402
43 506 32582.4983
44 506 54956.1842
45 405 27913.7300
46 534 17512.7820
47 432 769.0953
48 620 11235.7236
49 591 9608.9651
50 714 3165.1646
<precedence relations>
1,5
1,6
1,8
2,7
2,9
5,10
6,11
7,12
8,14
8,15
8,16
9,13
9,43
9,46
10,20
11,17
12,22
13,18
14,21
15,19
15,46
16,28
16,48
17,25
18,26
19,23
19,29
20,35
21,24
21,28
21,30
22,27
22,49
23,32
24,33
25,31
26,34
27,43
28,35
29,36
30,35
31,37
32,39
33,38
34,40
35,41
35,43
36,41
36,42
37,46
38,46
39,44
40,45
41,47
42,48
42,49
43,50
<end>