<number of tasks>
50
<cycle time>
1000
<order strength>
0.200
<z_alpha>
1.280
<task times>
1 589 6202.5653
2 549 42575.3578
3 255 10263.5731
4 400 34181.8456
5 643 32307.4104
6 472 46877.6632
7 504 28246.9730
8 356 22754.3558
9 639 32879.2815
10 407 19529.6680
11 524 37820.3424
12 487 53307.9748
13 631 25968.8233
14 497 5955.7006
15 373 5350.5055
16 434 1593.6802
17 712 11406.2003
18 496 13670.9647
19 427 34272.8213
20 438 23857.0618
21 385 4726.4613
22 449 10693.9242
23 557 35857.9049
24 695 15126.8322
25 565 28315.7774
26 435 23458.5946
27 459 30032.7267
28 570 34391.9051
29 494 17369.1060
30 378 21846.4299
31 536 7067.4653
32 582 9701.1409
33 384 4561.7639
34 685 8461.2999
35 521 10310.5459
36 497 41213.8374
37 507 13216.2737
38 566 9402.6288
39 490 28043.2116
40 384 32655.6508
41 404 1189.3761
42 443 4789.4064
43 483 19745.9039
44 509 59560.1398
45 480 48741.3916
46 234 485.9903
47 459 50246.5567
48 508 41843.0571
49 540 18991.5381
50 314 9329.2916
<precedence relations>
1,7
2,8
3,10
4,9
6,11
7,12
8,12
10,14
11,13
12,15
13,16
13,19
13,20
13,21
14,17
14,18
14,22
15,23
16,25
17,24
17,26
17,28
18,27
18,29
19,29
20,45
22,50
23,30
24,31
25,32
26,33
27,35
28,34
28,38
29,36
29,37
29,39
30,43
31,43
32,41
33,44
34,42
35,43
36,40
38,45
38,46
39,47
40,48
41,49
42,49
45,50
<end>