<number of tasks>
1000
<cycle time>
1000
<order strength>
0.596
<z_alpha>
1.645
<task times>
1 86 484.7872
2 125 2663.9843
3 114 627.9794
4 129 4094.4546
5 225 2806.6642
6 53 475.9374
7 165 671.5911
8 259 5302.3579
9 94 2020.0145
10 54 129.0121
11 269 12136.1022
12 273 8140.3261
13 48 99.0991
14 134 2872.1826
15 42 209.1068
16 228 258.0423
17 36 209.0878
18 119 707.4979
19 96 262.5726
20 103 2370.6240
21 125 668.4161
22 46 410.2669
23 119 1198.5602
24 57 707.4775
25 76 402.8607
26 111 309.1341
27 42 139.0023
28 108 1050.1683
29 52 380.5921
30 101 312.0782
31 111 1394.0987
32 72 885.4983
33 37 90.6339
34 39 153.0755
35 119 3534.0810
36 142 1914.7757
37 30 39.6659
38 120 2873.2883
39 345 3621.2275
40 224 10184.5610
41 105 211.7373
42 125 1374.1930
43 306 13279.0552
44 67 1079.6920
45 99 2291.0483
46 180 5762.3277
47 132 3901.0537
48 158 4938.3414
49 74 820.3851
50 108 1575.8553
51 70 917.9087
52 120 1681.4967
53 180 190.6681
54 114 1062.5022
55 21 23.2535
56 93 524.6615
57 74 1171.8581
58 78 203.8300
59 209 9714.1974
60 94 2188.6419
61 195 2053.0254
62 76 651.1024
63 272 1320.9884
64 131 4075.3340
65 135 1246.7065
66 117 2719.5662
67 209 6562.9749
68 149 4629.8780
69 205 5208.9750
70 101 1104.9017
71 289 1514.2310
72 312 22979.0812
73 133 2190.9269
74 42 196.0936
75 249 11157.9145
76 59 565.0992
77 38 96.3116
78 188 8435.2100
79 154 5135.0545
80 97 445.4329
81 104 1353.8052
82 141 4567.4471
83 188 8214.1765
84 45 402.4168
85 84 860.8697
86 28 17.9061
87 37 132.9808
88 47 284.5938
89 52 526.9442
90 119 2195.3775
91 138 1865.5797
92 79 25.4590
93 74 402.4920
94 113 2177.2232
95 215 10453.1891
96 187 6127.4462
97 179 7571.5362
98 259 16454.3317
99 268 9978.0352
100 293 21035.0992
101 61 618.7590
102 63 98.9616
103 36 83.4321
104 108 730.3820
105 73 880.1335
106 216 2146.8421
107 223 3540.9042
108 206 3614.4343
109 223 492.4134
110 204 9406.1762
111 72 375.4825
112 200 2478.3407
113 113 1066.2515
114 191 5399.3752
115 36 36.0639
116 72 758.4878
117 53 63.2886
118 120 1687.2116
119 156 5411.3302
120 117 3262.4627
121 131 2756.1695
122 59 0.3971
123 225 5203.9491
124 97 1640.4518
125 32 165.6703
126 34 278.5015
127 89 1720.4199
128 129 332.4062
129 36 3.1142
130 102 2051.7639
131 24 51.9894
132 129 2942.6596
133 137 2541.4671
134 129 1183.0078
135 192 7990.3574
136 32 232.3747
137 102 172.4725
138 186 717.6026
139 254 2628.6187
140 106 2687.8914
141 32 106.7885
142 37 246.1016
143 40 68.0970
144 225 6212.2686
145 31 30.7749
146 223 3877.6402
147 61 80.2806
148 175 5625.1424
149 106 2624.0167
150 42 144.7392
151 50 334.0139
152 215 7976.8624
153 80 874.4491
154 155 899.2537
155 82 1529.1351
156 201 5239.6659
157 172 4886.8438
158 184 415.8868
159 27 113.1823
160 97 1898.0736
161 75 492.4879
162 160 1349.2536
163 48 255.3840
164 140 1992.6711
165 103 1023.2293
166 27 158.9959
167 169 1803.9782
168 84 568.5084
169 223 674.5632
170 42 109.2533
171 119 1873.1529
172 93 2086.5483
173 307 15699.6679
174 115 2894.5529
175 134 1307.8143
176 121 1930.7037
177 118 3280.5296
178 110 2002.6004
179 100 1094.0369
180 109 666.0696
181 21 10.5245
182 47 365.5443
183 75 1391.7151
184 213 7891.3937
185 101 976.3122
186 136 3447.4160
187 87 975.6077
188 178 6516.8836
189 201 2246.3990
190 62 708.1926
191 308 9638.1549
192 303 12336.0191
193 94 722.3223
194 57 487.5741
195 33 136.2682
196 71 966.1875
197 35 263.1360
198 261 7597.6260
199 118 920.6693
200 78 1341.1752
201 155 3922.4951
202 217 6526.5888
203 109 359.6373
204 83 697.4176
205 76 483.7776
206 36 271.2978
207 148 3963.0966
208 179 2633.7476
209 69 955.4120
210 87 1028.5112
211 214 4937.5864
212 193 4665.9776
213 147 499.5976
214 47 530.8096
215 232 9441.4719
216 58 678.1125
217 112 396.6097
218 143 387.7120
219 186 7284.3671
220 131 617.3668
221 73 338.6809
222 41 183.3502
223 227 432.1637
224 170 7142.3935
225 35 44.4577
226 140 3671.6950
227 85 201.7033
228 190 7641.9371
229 124 1644.9806
230 21 4.9877
231 136 2602.0399
232 201 1930.4215
233 106 1637.9886
234 88 556.4698
235 146 1573.3870
236 241 11821.4006
237 64 407.9318
238 240 9819.9706
239 154 2308.6837
240 109 729.8722
241 109 1583.8609
242 182 5435.7739
243 158 3955.1936
244 166 5575.1782
245 153 5099.9529
246 66 946.1205
247 102 2138.2185
248 125 476.5379
249 144 872.9586
250 158 956.4685
251 138 117.1739
252 143 4419.5763
253 47 540.9833
254 199 2307.6497
255 157 1312.6114
256 216 7215.9056
257 142 876.0671
258 168 4896.3515
259 207 3953.3620
260 125 1801.2808
261 164 800.4112
262 261 2418.1985
263 199 7816.4536
264 31 128.2608
265 181 5752.3718
266 153 914.6969
267 46 17.3084
268 164 6149.7302
269 175 3695.1115
270 116 1377.3575
271 164 6530.7002
272 190 3563.6434
273 81 1534.0479
274 106 2730.7103
275 111 2950.5029
276 39 62.2103
277 438 22511.6205
278 38 331.7261
279 128 137.4070
280 24 14.1854
281 239 5862.8555
282 79 1253.7671
283 139 3127.0813
284 185 6664.6755
285 66 826.1970
286 300 8930.7361
287 301 11398.7417
288 35 292.6018
289 61 625.7055
290 134 3908.1775
291 178 3963.0123
292 267 10761.6801
293 52 504.1212
294 207 2454.7225
295 56 209.4838
296 157 4336.3875
297 68 1146.0735
298 76 1188.1880
299 48 64.6339
300 239 4844.4564
301 69 521.0461
302 100 1822.8757
303 129 2110.5815
304 174 3779.0037
305 55 239.6873
306 61 419.3017
307 84 1253.1350
308 109 2755.2989
309 149 4507.6636
310 86 1524.5938
311 325 17605.3951
312 236 5840.1875
313 88 1856.9332
314 164 5205.0475
315 177 3509.7370
316 175 1327.1880
317 222 6821.7695
318 32 12.6915
319 66 972.9561
320 44 395.9650
321 42 183.8952
322 140 2168.9762
323 76 53.4118
324 79 1103.1601
325 224 6189.8707
326 43 241.8394
327 174 3609.8927
328 103 1255.1321
329 27 37.6639
330 42 411.1654
331 95 1216.6937
332 86 1151.6835
333 102 810.1219
334 443 45276.3893
335 61 21.6853
336 69 125.1125
337 161 2145.5964
338 26 24.2573
339 167 6571.3590
340 198 4762.5680
341 60 510.6955
342 158 3218.8941
343 280 12428.2068
344 72 1206.3192
345 199 7307.4811
346 45 491.3685
347 128 3255.4934
348 24 44.9109
349 149 619.1327
350 35 273.6204
351 198 3753.5498
352 75 603.8518
353 159 3654.2970
354 97 1069.9941
355 133 1151.6983
356 94 2150.2674
357 43 460.4177
358 72 715.8166
359 59 574.6074
360 283 15422.2656
361 215 7136.2053
362 117 1316.5542
363 81 1184.4872
364 31 216.6315
365 72 732.6881
366 165 3318.8691
367 297 4972.6521
368 64 608.2840
369 117 1778.6448
370 145 429.7751
371 41 113.6874
372 178 7666.3747
373 218 4195.0064
374 116 1379.5559
375 80 943.5892
376 82 352.7719
377 57 266.5063
378 169 2749.9071
379 86 1294.1188
380 130 2277.8265
381 145 1589.9467
382 56 3.5773
383 249 11121.8013
384 198 5751.5754
385 42 284.4617
386 173 1461.0238
387 255 7601.0256
388 158 1520.1118
389 115 709.8069
390 52 227.8192
391 53 141.7071
392 118 91.2551
393 131 794.2707
394 45 111.8464
395 140 4294.8664
396 76 1347.0990
397 38 157.6584
398 178 596.1188
399 130 2113.6780
400 58 92.1035
401 152 1128.6738
402 42 111.4551
403 99 19.7693
404 346 9035.3695
405 52 427.0496
406 134 154.5039
407 238 6204.6414
408 115 2204.1554
409 97 695.1595
410 259 14242.1810
411 352 15329.6425
412 234 6697.7093
413 241 6992.1114
414 34 77.8507
415 148 4622.4857
416 248 3626.6218
417 118 2455.0815
418 124 643.3769
419 113 1877.2513
420 46 274.2710
421 100 2313.5041
422 79 42.5177
423 72 567.6562
424 179 7589.3117
425 252 9425.8343
426 105 636.4159
427 128 1087.0015
428 117 3283.8029
429 170 3955.3412
430 170 6074.0326
431 100 1784.5705
432 104 1855.0985
433 134 1605.7000
434 137 3636.3442
435 77 649.0678
436 175 7180.9918
437 127 467.1999
438 137 3341.4654
439 286 16014.6540
440 55 724.4544
441 117 898.5328
442 83 583.6261
443 102 269.8060
444 163 127.6865
445 268 14538.5267
446 139 3927.4624
447 23 10.6563
448 159 6241.0964
449 42 401.9207
450 36 235.1858
451 260 2776.6544
452 101 1621.3462
453 186 8375.1991
454 204 9639.3788
455 85 1545.8129
456 194 4970.1038
457 117 106.1631
458 131 3864.3615
459 115 1985.9273
460 198 745.0809
461 178 2524.3109
462 36 113.6581
463 181 7962.6051
464 111 2987.5685
465 88 770.2352
466 95 1833.9528
467 243 8589.0568
468 217 5408.1065
469 141 3353.3793
470 166 6281.3846
471 187 3659.1983
472 253 11740.1183
473 20 49.4411
474 238 10334.4205
475 230 201.9565
476 273 17541.7743
477 60 295.2299
478 190 3171.9881
479 66 58.7341
480 106 1429.6366
481 127 1015.3880
482 155 5669.9851
483 25 17.1350
484 141 1477.9893
485 113 1297.0745
486 124 811.9884
487 77 820.6203
488 51 65.6493
489 326 12722.9743
490 71 683.7562
491 123 3340.3312
492 206 5527.7102
493 322 17563.7982
494 77 579.6274
495 55 650.1179
496 156 4318.8712
497 104 1296.4395
498 204 2157.0567
499 188 1590.6805
500 231 5248.7359
501 227 3232.3502
502 68 546.4583
503 205 612.6608
504 143 4125.5527
505 120 2425.9583
506 91 1372.3447
507 220 7856.3907
508 84 955.9876
509 55 351.3248
510 140 4421.4382
511 190 1059.0342
512 145 67.6414
513 74 227.6927
514 53 517.2735
515 21 67.5659
516 350 17464.9211
517 142 3553.7194
518 126 2960.6685
519 130 3313.7937
520 131 4166.2744
521 197 1487.2709
522 178 3789.3221
523 103 647.6480
524 21 105.1909
525 109 121.8072
526 239 6332.2656
527 268 14016.6107
528 221 8310.6856
529 199 7600.9329
530 233 4239.5056
531 98 54.4155
532 208 7601.2074
533 200 5095.9704
534 319 4347.7166
535 93 643.8206
536 104 1380.2555
537 131 3695.3007
538 249 10445.8711
539 162 1523.8579
540 177 6203.4309
541 34 278.0242
542 198 2009.6359
543 71 104.7354
544 232 13386.9067
545 207 7026.6138
546 141 349.7803
547 303 15619.0918
548 119 3140.7448
549 47 443.6409
550 156 825.6692
551 256 4754.5110
552 271 4571.1916
553 286 9844.2879
554 167 4012.9816
555 142 3012.1240
556 214 8848.7761
557 41 275.8621
558 186 8236.3465
559 107 63.7441
560 50 389.0273
561 282 7307.5748
562 184 1371.5351
563 72 285.4533
564 112 1920.3392
565 31 46.2504
566 283 13148.5160
567 82 648.2106
568 32 184.4007
569 50 441.6662
570 123 2721.6369
571 116 3033.6978
572 162 4932.6627
573 236 9820.0146
574 57 465.8513
575 241 4237.7950
576 46 47.6073
577 64 568.2047
578 131 1993.9827
579 229 11318.8923
580 82 1279.3950
581 195 8259.9701
582 73 1169.6404
583 79 1359.0928
584 193 8423.9370
585 163 1640.8398
586 155 2695.2370
587 295 7192.3881
588 73 369.7938
589 146 3235.5343
590 113 2411.7016
591 56 587.2090
592 261 7347.1545
593 318 19916.2791
594 43 427.4747
595 90 787.7904
596 151 4275.9990
597 184 2688.7055
598 21 22.6617
599 71 530.8380
600 75 698.1616
601 136 4593.9079
602 194 6248.9032
603 38 132.4014
604 99 805.1101
605 40 162.8857
606 77 1391.2287
607 38 134.3134
608 102 308.8857
609 188 4950.6336
610 158 4153.5444
611 160 3093.7068
612 76 1083.8090
613 26 76.9367
614 215 7701.6450
615 109 2705.3272
616 70 341.2521
617 96 802.4194
618 40 324.1594
619 161 384.6586
620 109 1987.2155
621 41 403.7663
622 43 294.7228
623 104 156.5684
624 124 1038.6394
625 130 636.2242
626 153 5355.7052
627 116 42.3660
628 51 99.2205
629 46 94.5351
630 57 433.0109
631 160 1204.9496
632 67 329.8515
633 132 4259.3660
634 49 440.8693
635 161 394.3492
636 228 3769.9110
637 142 2595.8118
638 264 9900.9877
639 50 461.2289
640 120 1089.5697
641 118 1697.8341
642 160 2417.3273
643 81 148.1142
644 59 47.3002
645 239 11889.4888
646 95 733.0161
647 269 11002.2333
648 169 274.0746
649 155 4802.1129
650 144 3728.0137
651 265 5242.4692
652 309 9277.2298
653 26 71.5254
654 246 2939.1081
655 206 4050.3083
656 114 1853.6123
657 100 384.9893
658 119 1234.9314
659 281 1023.4426
660 243 13868.1216
661 186 8086.4414
662 42 150.6966
663 141 4927.8665
664 26 21.3426
665 162 951.4183
666 81 891.7981
667 142 4642.1452
668 210 10112.4105
669 32 57.2702
670 149 4115.3647
671 205 26.3389
672 271 16398.4803
673 282 7752.1127
674 109 791.4832
675 143 4370.6418
676 160 2477.4243
677 187 3113.4889
678 163 2076.3729
679 83 1490.4286
680 74 154.5002
681 248 11018.6828
682 181 596.9275
683 153 5060.0433
684 91 640.4873
685 270 10813.7385
686 46 182.9890
687 162 554.3806
688 212 6155.7467
689 118 3430.7790
690 113 2167.1283
691 61 242.6941
692 102 83.6350
693 128 3387.7229
694 150 4769.9727
695 142 265.1230
696 179 7324.0511
697 77 219.5617
698 135 2991.5976
699 43 373.8007
700 115 2784.0821
701 194 2642.9639
702 283 9801.9032
703 205 5075.4896
704 178 5902.7590
705 158 3561.7183
706 51 376.0461
707 109 269.9619
708 194 1784.9423
709 101 2446.7734
710 85 140.1185
711 251 3236.0346
712 110 2571.1026
713 113 1228.2135
714 152 3436.4071
715 79 101.0525
716 249 3725.7805
717 194 1017.8185
718 249 10580.1801
719 217 11080.8226
720 56 499.7020
721 173 6648.5045
722 106 2738.8285
723 96 1633.2495
724 118 1037.9509
725 92 575.2209
726 122 795.2114
727 38 280.6051
728 44 19.6157
729 26 15.9258
730 218 414.7727
731 169 6940.2273
732 133 4089.5652
733 96 2006.3273
734 137 2574.4948
735 55 583.4271
736 135 3465.0722
737 52 611.6056
738 135 1409.4761
739 46 41.7446
740 257 3369.2826
741 81 821.2897
742 105 82.2913
743 240 3864.7074
744 68 212.0159
745 234 11112.4490
746 72 508.8054
747 214 9913.7015
748 146 682.4346
749 135 320.1998
750 157 2461.9767
751 253 3508.7137
752 134 304.3366
753 188 6300.0589
754 167 5211.3617
755 111 2378.4024
756 121 2856.5339
757 94 149.1804
758 136 1514.8946
759 157 472.3073
760 53 330.7794
761 208 2947.2528
762 64 701.0510
763 32 111.5158
764 79 233.5820
765 88 1492.1473
766 263 3143.1691
767 109 1416.4759
768 76 1040.0982
769 168 6790.1528
770 71 1185.6014
771 248 1641.5338
772 132 1484.3134
773 111 369.9586
774 218 2153.7989
775 68 800.4745
776 150 5178.2005
777 134 2822.6310
778 132 163.3338
779 141 2936.9620
780 24 142.9501
781 143 4013.7301
782 113 2653.9698
783 95 947.7246
784 154 3027.8375
785 197 4002.8105
786 95 1820.9248
787 133 1376.1712
788 33 149.5608
789 165 1236.7050
790 197 2062.4628
791 183 6693.1948
792 119 1950.9908
793 60 407.3865
794 52 501.7587
795 151 1711.4745
796 135 2057.7874
797 113 1686.1518
798 56 234.9659
799 169 211.0581
800 81 936.1818
801 177 7828.9571
802 86 887.2912
803 341 3520.9604
804 273 1447.7247
805 89 1158.1385
806 204 8829.4757
807 225 8763.9952
808 123 1261.3028
809 111 933.8621
810 90 649.3261
811 147 2397.4674
812 192 5511.6005
813 115 259.5816
814 87 1514.5325
815 301 8755.3051
816 70 585.0569
817 235 3590.0673
818 50 592.3154
819 120 3429.4417
820 172 2261.7435
821 47 397.8311
822 104 2648.8131
823 110 23.7464
824 364 30810.4461
825 212 2485.2799
826 156 1394.2813
827 147 995.1599
828 109 1550.4173
829 127 886.4668
830 178 1373.6156
831 201 1263.3114
832 114 906.5953
833 264 2235.1406
834 276 13575.9566
835 95 734.7014
836 126 1480.5268
837 98 5.7056
838 99 1827.2436
839 230 10664.1231
840 145 1609.2724
841 232 1210.3682
842 34 26.4733
843 85 431.3848
844 81 450.7410
845 40 395.1642
846 117 1051.0345
847 237 10197.8802
848 24 18.8830
849 227 12588.7188
850 188 2316.0256
851 161 802.2150
852 67 1026.8873
853 174 1053.7694
854 205 972.9734
855 198 2775.1842
856 218 11228.0683
857 105 511.2953
858 296 17916.5796
859 57 449.0198
860 146 5313.7979
861 59 640.2071
862 209 693.6215
863 84 439.6396
864 118 854.1137
865 71 306.3787
866 103 2419.9922
867 104 570.4723
868 210 568.9121
869 62 914.5424
870 224 1753.2287
871 96 2036.4076
872 46 282.8536
873 156 1067.8886
874 42 389.4590
875 34 62.5154
876 236 10190.2771
877 214 217.5653
878 90 428.0120
879 308 16697.2962
880 29 18.4220
881 94 311.3629
882 136 663.0208
883 187 534.9085
884 85 1175.5240
885 158 4009.4379
886 123 2532.9085
887 177 6115.6644
888 119 13.4849
889 170 321.6137
890 171 276.8016
891 235 1443.7899
892 91 1553.5200
893 152 567.7498
894 74 328.7408
895 129 2863.0659
896 62 222.0355
897 76 168.7929
898 243 12370.3985
899 117 402.8352
900 71 325.1603
901 142 193.1715
902 299 11195.4041
903 70 768.4116
904 31 64.5314
905 197 1097.0266
906 103 1230.4315
907 132 1739.8914
908 220 11009.8588
909 55 20.0363
910 170 1612.7027
911 47 294.4037
912 38 138.7766
913 256 10344.2501
914 94 618.3516
915 111 1159.8198
916 74 1062.2251
917 83 1592.7291
918 54 378.2210
919 189 5508.2358
920 110 2182.5978
921 221 8839.6896
922 23 28.9495
923 209 10111.7356
924 109 373.3421
925 46 52.5235
926 121 3552.8678
927 31 82.2555
928 77 881.3132
929 149 3625.7861
930 284 2186.8472
931 124 2505.4978
932 154 2321.4962
933 300 16649.1761
934 182 1494.9212
935 385 36461.2663
936 143 4605.1168
937 116 416.8773
938 97 1322.9898
939 28 8.2414
940 147 198.7216
941 220 7582.5666
942 146 1428.6050
943 74 169.9185
944 103 1414.3022
945 182 2193.5772
946 58 260.0573
947 153 2327.3416
948 175 237.9846
949 178 2881.5879
950 26 111.5180
951 341 11344.8641
952 42 327.6637
953 29 166.3446
954 247 9392.7286
955 102 2248.7630
956 352 11406.7367
957 74 1154.8340
958 86 633.4128
959 146 5296.3127
960 173 5304.0150
961 93 1765.9816
962 180 2625.0011
963 165 3474.8870
964 185 3259.2598
965 165 5249.3917
966 115 1409.1970
967 175 1318.4724
968 31 62.0840
969 130 1793.6012
970 58 657.2820
971 215 6233.2106
972 156 1331.5765
973 125 1036.0105
974 46 44.8256
975 282 2479.7333
976 237 6967.9107
977 94 363.7957
978 87 1488.1845
979 147 1274.2209
980 118 58.6099
981 76 644.1763
982 23 19.1676
983 55 182.6334
984 113 1994.1825
985 64 79.2083
986 143 4647.6979
987 103 1549.3142
988 272 5928.3916
989 110 482.1434
990 25 113.1376
991 86 268.2030
992 193 7025.3793
993 125 3828.5807
994 189 243.5627
995 49 10.1535
996 192 7371.1968
997 87 1332.5156
998 150 3545.1586
999 148 5475.0018
1000 115 2359.1092
<precedence relations>
1,24
2,15
2,23
3,15
3,69
4,18
5,16
5,31
5,112
6,15
6,16
6,20
7,15
7,17
7,25
8,29
8,144
9,19
9,26
9,32
10,15
10,21
10,28
11,15
12,22
12,30
12,34
12,38
13,15
14,15
14,16
14,27
15,39
15,47
16,40
17,33
18,59
19,33
19,34
20,43
21,33
21,172
21,178
22,41
23,33
23,44
24,38
25,42
25,89
25,178
26,33
26,148
27,490
27,922
28,36
29,37
29,46
30,33
30,35
31,36
32,34
32,45
33,48
33,50
33,54
34,48
34,178
36,287
37,452
38,48
38,49
38,96
39,48
39,55
40,136
40,158
41,48
41,51
42,48
42,49
42,50
43,48
43,49
43,53
43,56
44,48
44,49
44,50
44,178
45,52
46,48
46,49
46,57
47,48
48,58
48,180
49,932
50,65
51,67
52,58
52,59
52,60
52,66
52,69
52,176
52,178
53,58
53,59
53,60
53,128
54,58
54,61
54,62
54,64
54,68
55,58
55,59
55,60
55,63
56,523
56,538
57,135
58,76
58,77
59,70
59,71
59,72
60,70
60,71
61,70
61,71
61,156
62,161
62,280
63,70
63,73
64,75
64,186
65,70
65,71
65,90
66,70
66,72
66,74
67,96
67,165
68,159
68,188
69,593
69,665
70,87
71,78
71,79
71,83
72,86
72,89
73,82
73,91
73,92
74,115
74,235
75,78
75,84
75,93
76,79
76,80
76,81
76,93
76,171
77,78
77,79
77,85
77,88
77,90
78,94
78,95
78,99
78,146
79,94
79,95
80,100
80,102
80,507
80,655
81,97
81,169
82,94
83,136
84,555
85,242
85,443
86,95
86,98
86,138
86,289
87,94
87,95
88,354
89,94
89,101
89,103
89,218
90,94
90,95
91,94
91,96
92,135
92,166
93,94
94,107
94,115
94,215
95,104
96,105
96,111
96,112
96,113
96,114
97,117
98,669
99,104
99,106
99,110
100,314
100,382
100,484
101,108
101,109
102,710
102,806
103,116
104,118
105,123
105,127
105,159
106,290
107,122
107,130
107,306
108,118
108,124
108,125
110,192
110,449
111,118
111,228
112,118
112,119
113,249
113,308
113,387
113,510
114,118
114,119
114,120
114,121
114,126
114,128
115,129
115,170
116,118
116,212
117,118
117,119
118,133
118,137
119,143
119,240
119,441
120,347
120,395
121,139
121,140
121,142
122,492
122,542
122,632
123,131
123,299
123,569
124,144
124,288
124,376
125,447
126,131
126,136
126,141
127,131
127,134
127,162
128,131
128,132
129,213
129,221
130,135
130,138
131,557
132,145
132,213
133,145
133,149
133,153
134,146
134,151
135,147
136,150
137,222
137,341
137,353
138,662
138,695
139,145
140,152
141,148
141,716
142,361
143,713
144,479
144,548
145,164
145,321
146,154
146,155
146,161
146,166
146,246
147,162
147,165
147,214
148,381
149,159
149,160
149,184
150,163
150,316
150,334
151,154
151,156
152,154
152,155
152,156
152,157
152,158
153,154
154,167
154,181
154,321
155,620
156,171
156,173
156,176
157,167
157,168
157,172
158,178
158,517
159,185
160,170
161,179
161,182
161,286
162,175
163,180
164,167
164,174
164,247
165,168
165,169
165,174
166,167
166,177
167,183
167,184
168,428
169,633
170,185
170,306
171,183
171,186
171,214
173,184
173,192
173,240
173,253
174,183
174,184
174,189
176,532
176,533
176,721
176,802
177,315
179,216
180,228
180,286
181,183
181,190
181,315
182,187
182,188
183,612
184,191
184,195
184,199
184,200
184,202
185,191
185,192
185,198
186,194
186,195
186,196
186,197
186,205
187,191
187,192
187,203
188,193
188,283
189,191
189,201
189,204
189,207
190,794
190,915
191,272
192,208
192,211
193,295
194,206
194,207
194,215
195,206
196,206
197,217
197,218
198,206
198,213
198,214
199,209
199,210
200,206
201,217
202,340
203,212
204,206
204,216
204,234
204,301
205,294
206,226
206,227
207,302
207,309
207,355
208,294
209,224
210,223
210,335
211,243
212,228
213,266
213,368
213,463
214,219
215,220
215,225
215,336
216,219
217,221
217,222
218,389
219,231
219,239
219,240
219,397
220,232
220,236
221,229
222,433
223,235
223,375
224,229
224,230
225,229
225,233
225,241
225,350
226,229
227,237
227,238
227,241
227,242
228,229
228,230
228,234
228,236
228,243
229,250
230,419
230,426
231,244
231,245
231,352
232,676
232,988
233,246
234,475
235,325
235,647
236,253
237,248
237,252
238,558
238,579
238,673
239,312
240,244
240,245
240,251
240,261
240,365
241,249
242,625
243,247
243,420
243,457
243,493
244,268
245,267
245,379
246,360
246,481
247,333
247,521
247,558
248,254
248,258
248,261
249,266
249,480
250,254
250,255
250,257
250,264
251,260
251,265
252,256
252,259
252,263
253,262
254,268
254,273
255,268
255,271
255,450
256,268
256,278
257,270
257,281
257,481
258,268
258,269
258,280
259,274
259,373
260,269
260,275
261,693
261,799
262,279
262,383
263,277
263,598
264,272
265,268
265,276
265,450
266,703
266,893
267,390
267,695
268,295
269,282
269,284
269,287
269,290
269,294
270,282
270,320
272,292
272,318
272,431
273,282
273,332
274,477
274,739
274,744
275,293
276,435
277,283
278,411
279,285
279,289
280,282
280,286
281,288
281,291
282,299
283,489
283,590
284,518
284,629
285,301
286,807
287,296
287,302
288,356
289,306
290,304
290,518
291,300
291,388
292,297
292,307
292,308
292,469
293,296
293,305
294,298
294,309
294,463
295,302
295,303
295,456
296,310
296,324
297,317
297,355
298,319
298,437
298,444
299,689
299,930
300,314
300,352
301,361
301,564
301,565
302,320
303,312
304,310
304,311
304,316
305,318
305,322
306,321
307,311
307,315
307,322
308,313
309,310
309,323
310,837
312,332
313,372
313,742
314,483
315,328
315,382
316,325
316,326
316,327
317,520
318,326
318,337
318,488
319,334
319,832
320,325
320,331
320,354
320,463
320,641
321,325
321,327
321,343
322,329
322,330
322,335
323,336
324,325
324,326
324,333
326,338
326,339
326,340
327,678
328,344
329,338
329,527
329,604
331,371
331,540
331,839
332,343
333,338
333,554
334,509
335,342
336,341
336,471
337,338
337,367
338,345
338,347
338,348
338,535
338,556
339,349
339,354
339,357
340,345
340,355
340,505
341,350
341,352
341,410
341,472
342,353
343,346
343,358
344,345
344,346
344,347
344,351
344,356
345,360
346,366
346,476
347,487
348,359
348,575
349,361
349,363
349,370
349,409
350,796
350,893
351,362
351,365
352,359
352,368
352,369
352,370
353,359
353,364
353,378
354,425
356,484
357,954
358,364
358,367
359,372
359,376
359,384
360,380
361,379
361,381
362,373
362,374
362,518
363,371
363,981
364,375
364,382
364,385
364,411
365,446
366,371
366,378
366,381
366,488
366,492
367,371
367,377
367,480
368,371
368,383
368,386
368,459
368,498
369,371
369,546
369,710
370,374
370,430
371,387
372,432
373,397
373,575
373,656
374,389
375,392
375,394
375,396
376,534
378,387
378,393
378,395
378,399
379,387
379,388
380,391
381,387
381,798
382,804
383,504
384,603
384,746
384,789
385,388
385,470
385,481
385,690
386,390
386,553
387,718
388,701
389,406
389,482
390,401
390,408
391,400
392,449
392,476
393,403
393,566
393,586
394,405
395,398
395,404
396,399
396,402
397,403
397,407
397,430
397,527
398,420
398,423
398,426
399,409
399,410
399,412
399,419
399,518
400,416
400,474
401,422
401,874
401,913
402,413
402,418
402,425
402,532
403,606
403,878
404,411
404,421
404,839
405,606
405,989
406,417
406,424
407,415
408,414
409,837
410,436
410,439
411,550
411,810
411,834
412,429
412,495
413,427
413,433
413,634
414,431
414,432
415,441
416,564
416,898
417,428
417,440
418,889
418,914
419,427
419,430
419,545
420,854
421,637
421,957
422,698
423,435
424,438
424,675
425,546
426,427
426,434
426,437
426,506
427,442
427,665
428,442
428,609
429,515
429,540
429,593
429,748
430,849
431,444
431,672
432,446
432,677
433,598
433,681
434,449
435,442
435,624
436,442
436,443
436,447
436,448
437,442
437,445
438,740
439,443
439,555
439,732
439,835
440,447
440,450
440,549
441,827
442,451
442,457
442,459
443,460
444,456
444,537
445,452
445,455
446,451
447,454
447,461
448,458
449,453
450,451
450,622
451,485
452,467
453,463
454,462
454,609
455,471
455,472
455,561
456,469
456,470
456,742
457,699
458,465
458,468
458,523
459,464
460,462
460,830
461,466
462,777
463,504
464,480
465,474
465,489
466,475
466,477
467,475
468,473
468,478
468,479
468,481
469,473
469,476
470,499
470,775
471,482
472,861
473,570
473,697
473,698
474,497
475,487
475,490
475,493
476,483
476,488
476,492
476,621
477,535
478,881
478,904
479,654
479,876
480,485
480,489
480,491
480,494
480,508
481,483
481,484
481,485
482,486
482,489
482,546
483,495
483,503
483,581
484,508
484,636
485,495
485,507
486,501
486,557
487,496
487,497
487,586
487,655
488,830
488,971
489,553
490,960
491,727
491,765
492,506
492,586
493,498
493,504
494,495
494,499
494,500
494,502
494,505
495,511
495,514
496,605
497,519
498,509
498,517
499,509
499,512
499,738
500,558
500,951
501,510
501,513
502,531
503,613
503,918
504,520
505,509
505,515
506,518
506,584
508,516
509,526
509,685
509,729
510,531
511,528
511,529
511,533
513,664
514,525
514,809
515,591
516,786
516,924
517,521
517,524
517,528
519,522
519,525
519,530
520,523
520,527
520,532
521,540
521,541
522,548
522,749
523,544
524,545
524,547
525,988
526,653
527,539
527,557
527,645
528,534
528,707
529,542
529,543
529,626
530,536
530,537
530,546
531,549
531,567
532,535
532,538
532,852
533,633
534,639
536,552
536,570
537,559
537,699
539,579
539,747
540,640
540,785
540,792
541,553
542,560
542,851
543,551
543,625
544,554
544,777
544,838
545,550
545,552
545,556
546,557
547,561
547,730
549,555
549,558
549,704
549,824
550,940
551,564
551,568
552,562
552,567
552,581
553,569
553,570
553,725
554,924
555,958
556,565
556,572
556,575
556,576
557,562
557,570
557,573
557,574
559,563
559,622
560,571
560,912
561,566
561,577
561,929
562,583
563,835
564,591
564,596
564,656
565,582
565,586
566,587
566,705
567,578
567,579
568,617
568,775
568,777
569,617
570,761
571,580
571,959
572,578
572,843
572,873
573,584
573,585
573,592
574,581
575,588
575,589
575,590
575,818
576,581
576,637
576,646
578,694
578,903
579,599
580,603
580,820
581,694
581,764
581,803
581,906
582,593
582,601
582,602
583,595
583,596
583,600
583,898
584,662
585,598
585,605
585,791
586,597
586,629
587,604
588,753
588,964
589,861
591,668
591,720
591,783
592,594
592,678
592,726
593,615
594,618
595,608
595,713
595,867
596,981
598,610
598,731
599,612
600,611
600,896
601,607
601,609
601,613
601,614
602,606
602,624
604,617
604,946
605,616
605,845
605,868
606,804
607,647
608,630
609,622
609,824
610,623
610,626
610,632
611,621
611,658
611,1000
612,628
614,620
615,625
615,661
616,631
616,888
617,627
617,791
618,619
618,624
618,629
618,631
619,633
620,635
620,799
621,649
622,640
622,641
622,642
623,643
624,634
624,637
624,638
624,644
625,645
626,744
628,636
628,646
628,676
629,639
631,952
633,650
634,654
635,655
635,808
636,648
636,649
636,651
636,652
637,659
639,647
639,653
641,709
642,656
643,657
643,658
644,977
645,703
646,919
646,924
647,664
647,666
647,669
648,668
649,667
650,660
651,661
651,775
653,662
653,839
654,663
656,733
656,794
657,665
657,697
657,712
658,764
659,775
659,983
660,676
660,679
661,672
662,799
663,671
663,677
664,675
664,680
665,685
666,670
666,724
667,678
667,849
668,674
668,919
669,673
670,681
670,686
670,732
671,695
672,682
672,691
672,692
673,689
673,916
674,684
674,687
675,683
675,901
676,759
677,690
677,693
677,694
678,861
679,685
679,688
680,704
680,827
680,929
681,696
681,704
681,805
682,697
682,700
683,698
683,934
685,699
686,717
686,729
687,818
688,804
689,917
690,701
691,864
692,702
693,891
694,703
695,907
697,706
697,711
698,709
699,705
700,704
700,710
701,707
702,712
703,708
704,715
704,718
704,744
705,713
705,746
706,821
707,719
707,720
707,824
707,826
708,716
708,721
708,738
708,988
711,714
711,768
711,916
712,717
712,722
712,780
713,728
713,750
713,801
713,850
714,959
716,723
716,749
717,757
718,774
719,724
719,727
719,731
720,730
722,725
722,726
722,729
724,739
725,967
726,741
726,742
726,998
727,733
727,738
728,734
728,864
729,735
729,737
729,740
730,732
730,736
731,820
732,745
732,747
734,757
734,917
735,746
735,750
735,752
735,758
736,755
736,756
736,759
736,769
736,863
737,743
738,749
738,753
739,748
740,751
740,754
740,842
742,744
743,985
744,816
746,763
747,761
748,858
748,946
750,838
750,977
751,809
751,880
752,765
752,768
752,770
753,769
754,762
755,764
755,853
756,767
757,945
758,760
758,766
759,927
760,873
761,775
761,776
761,778
761,781
762,779
763,772
763,774
764,771
764,830
765,777
767,773
767,780
770,782
770,957
771,862
771,927
772,849
772,867
774,784
774,792
774,794
774,881
775,790
775,840
776,789
776,791
777,786
778,787
778,788
779,783
780,795
781,793
782,785
783,802
783,803
784,796
784,903
784,960
784,994
785,872
786,805
788,799
790,846
790,901
791,798
792,800
792,804
792,885
794,797
794,801
795,806
796,808
797,814
797,933
798,815
798,821
799,811
799,822
799,887
800,829
801,826
801,957
802,809
802,818
802,819
803,823
803,824
804,810
804,812
804,816
805,817
805,868
806,807
806,813
806,820
806,825
807,830
807,948
808,886
809,831
810,988
811,828
812,964
814,828
814,833
815,871
817,827
817,829
818,883
820,879
821,883
824,839
825,832
826,943
827,840
827,841
827,846
828,842
828,848
828,935
829,836
829,842
829,843
829,847
829,896
830,846
830,901
831,834
831,882
832,838
832,839
832,845
833,835
833,837
833,844
835,966
836,849
837,852
838,862
839,853
839,855
839,861
840,859
840,863
841,858
841,899
842,860
842,927
844,857
845,850
845,856
846,851
846,918
847,854
847,933
849,863
849,865
849,871
849,876
849,948
850,873
851,879
852,866
852,867
853,868
855,864
855,874
855,875
855,877
856,869
857,969
858,872
859,916
860,925
862,870
863,878
863,879
866,884
867,975
869,882
872,880
872,881
873,883
874,923
876,888
878,888
878,894
879,895
879,966
880,970
881,889
881,893
882,886
882,887
882,890
883,885
883,891
883,892
885,904
886,902
886,907
887,897
887,905
889,898
890,896
890,915
891,903
892,899
892,906
893,901
894,900
894,927
896,908
896,912
899,914
901,918
903,916
904,909
904,915
904,917
905,913
905,914
906,910
906,911
908,974
908,986
909,924
910,987
911,922
911,923
911,931
912,919
912,955
913,929
913,930
913,967
914,920
914,926
915,921
916,927
916,928
917,925
917,932
920,933
920,936
920,938
920,942
921,943
921,990
925,939
927,934
927,941
927,945
928,937
929,935
930,988
930,995
931,933
932,940
932,943
932,944
933,951
934,950
935,946
935,952
935,958
937,948
938,953
938,954
938,957
938,959
939,960
940,947
940,955
943,954
944,990
945,949
945,956
948,969
949,963
950,964
950,967
951,966
951,970
952,961
953,962
953,969
953,973
955,978
957,968
957,971
957,972
960,965
960,971
961,983
961,984
962,985
965,974
965,980
965,982
968,976
968,977
968,979
968,986
970,987
973,975
973,978
973,981
973,988
975,990
976,989
976,996
977,997
978,992
978,995
978,1000
980,1000
982,997
982,999
983,994
984,993
986,991
986,993
986,998
<end>