<number of tasks>
20
<cycle time>
1000
<order strength>
0.532
<z_alpha>
1.280
<task times>
1 94 131.0352
2 512 546.2245
3 106 616.8057
4 114 699.6281
5 529 3002.7456
6 128 978.7984
7 295 4702.5327
8 61 170.3509
9 90 461.9375
10 142 889.7372
11 54 120.3709
12 449 7044.5872
13 102 505.7291
14 543 6285.1400
15 55 49.3684
16 136 360.5368
17 110 607.1132
18 171 1413.6879
19 359 6865.8851
20 361 5707.3427
<precedence relations>
1,14
2,5
2,6
3,4
4,7
4,8
4,10
5,7
6,8
6,9
6,10
7,14
9,12
10,11
10,13
11,14
12,14
13,15
13,16
14,17
14,18
14,19
14,20
<end>