<number of tasks>
100
<cycle time>
1000
<order strength>
0.198
<z_alpha>
1.280
<task times>
1 266 246.9013
2 20 73.4258
3 226 549.9238
4 184 697.0968
5 162 3933.9756
6 68 652.4070
7 499 12982.9743
8 492 52392.7733
9 50 156.1701
10 432 12505.5156
11 330 21112.5256
12 238 7226.4524
13 68 248.5483
14 212 2293.2023
15 221 820.8305
16 209 4789.8880
17 242 12267.9109
18 525 47049.0972
19 26 140.2262
20 53 506.8075
21 192 687.2482
22 234 1424.7313
23 96 2165.7994
24 154 2519.4500
25 529 24404.6621
26 551 17025.5847
27 291 11790.6050
28 86 1063.7917
29 117 3067.5103
30 170 2602.9393
31 338 7215.0673
32 616 8958.1574
33 409 8377.6871
34 87 1763.2906
35 69 468.2607
36 149 2095.2147
37 513 1081.5069
38 520 58046.5082
39 293 14696.2554
40 51 200.1901
41 322 6605.4674
42 140 1396.0293
43 241 8374.7574
44 121 2539.8511
45 407 7452.3187
46 56 230.9851
47 64 329.9828
48 82 1304.7053
49 216 10073.6773
50 127 1317.2360
51 151 3803.3826
52 34 4.1511
53 65 409.5846
54 79 949.6063
55 335 9447.7590
56 61 694.1880
57 54 278.4137
58 105 1633.8220
59 190 6968.9492
60 156 2580.6978
61 356 11869.3139
62 535 26193.6238
63 236 6179.0620
64 106 243.2077
65 175 1225.7719
66 435 34955.8654
67 500 33497.8200
68 456 32834.4318
69 206 1517.2178
70 300 2182.9432
71 511 50751.5048
72 298 19093.6369
73 120 3312.0305
74 500 59762.0270
75 113 1061.0326
76 61 722.8730
77 38 60.1333
78 257 15328.3852
79 458 25087.6946
80 341 21981.3735
81 112 1460.1597
82 25 37.4568
83 37 331.5710
84 175 3995.6190
85 148 3684.0414
86 86 1508.7661
87 27 16.7306
88 80 475.7011
89 389 1950.2765
90 497 28645.9624
91 254 606.0045
92 59 832.2827
93 107 431.7881
94 138 2762.5616
95 526 14778.4736
96 195 5847.4842
97 270 16210.7775
98 209 8738.1202
99 21 64.8259
100 477 35420.3089
<precedence relations>
1,64
2,8
2,11
2,12
2,13
2,15
3,9
4,10
5,7
6,14
6,16
6,17
7,64
8,48
9,48
10,48
11,18
12,19
13,20
14,21
14,22
14,26
17,23
17,24
17,25
18,29
19,27
20,27
21,28
22,30
23,31
23,32
24,34
26,33
26,35
27,48
28,39
31,37
31,38
31,41
31,43
32,44
33,42
34,36
35,40
36,64
37,64
38,48
39,49
40,45
41,47
41,54
43,46
43,50
43,52
43,53
44,51
45,64
46,64
47,64
48,56
48,57
48,58
48,59
48,60
48,62
49,61
51,63
54,55
55,64
56,66
57,72
57,73
58,69
59,71
60,70
61,65
62,67
63,68
64,74
64,75
64,76
64,77
65,82
66,80
67,81
68,78
69,79
77,87
77,88
77,89
78,83
79,84
80,85
81,86
83,90
84,91
85,92
86,93
86,94
86,95
87,96
88,97
94,98
96,99
96,100
<end>