<number of tasks>
20
<cycle time>
1000
<order strength>
0.189
<z_alpha>
1.960
<task times>
1 667 6277.4437
2 474 765.7943
3 640 14725.9221
4 402 613.3636
5 615 20800.2365
6 555 7168.9097
7 578 13697.2389
8 393 196.0587
9 473 5474.8696
10 628 12487.9188
11 494 6445.2856
12 430 1661.1968
13 553 6826.2429
14 489 4121.8270
15 550 6309.7492
16 377 317.6938
17 654 18717.4690
18 507 15361.7792
19 620 6059.5772
20 598 12948.6203
<precedence relations>
1,8
3,9
6,7
7,13
8,11
8,12
9,10
10,14
11,16
12,15
14,19
15,18
15,20
16,17
<end>