<number of tasks>
20
<cycle time>
1000
<order strength>
0.179
<z_alpha>
1.960
<task times>
1 122 816.8041
2 242 3109.7093
3 543 38085.4041
4 390 27109.2069
5 162 3620.4904
6 24 117.1566
7 616 18111.7305
8 239 5005.7989
9 62 600.4716
10 229 4375.2507
11 71 146.1324
12 113 2169.3547
13 318 9290.1668
14 333 8609.4615
15 264 14594.5075
16 120 1235.0876
17 177 5391.5951
18 127 1657.6807
19 79 385.9012
20 372 17503.9096
<precedence relations>
1,7
2,8
3,9
6,10
7,13
8,11
9,12
10,14
10,15
11,17
12,17
14,16
15,18
16,19
18,20
<end>