<number of tasks>
1000
<cycle time>
1000
<order strength>
0.197
<z_alpha>
1.280
<task times>
1 68 499.6611
2 102 1755.1626
3 108 2721.9863
4 87 1314.9782
5 342 11360.5059
6 443 34051.8762
7 154 4865.0303
8 233 3941.0125
9 131 2362.9278
10 162 1829.4584
11 107 1688.3169
12 161 2376.7767
13 433 33979.7162
14 595 12580.6334
15 115 1502.2916
16 122 209.0243
17 52 17.0936
18 173 6643.1423
19 34 10.1369
20 266 2851.8390
21 306 18387.2773
22 104 1108.5138
23 101 347.1001
24 268 13837.8661
25 475 30483.0110
26 106 796.4051
27 297 21563.8688
28 183 5179.3147
29 136 133.7098
30 26 113.9668
31 488 15212.0327
32 262 1867.2380
33 43 111.3369
34 127 729.3597
35 239 13125.8044
36 232 1335.2515
37 572 9733.1547
38 488 7147.6115
39 64 536.8942
40 171 4665.7773
41 110 2225.2386
42 81 431.4424
43 118 417.2289
44 232 11462.4435
45 456 27721.1276
46 155 1375.4404
47 519 42775.1151
48 247 5648.2891
49 224 6430.2550
50 530 4182.0479
51 165 785.9866
52 62 786.6243
53 539 4018.9382
54 66 1013.7549
55 282 11564.4708
56 176 5482.8850
57 596 8742.0766
58 44 343.0761
59 82 628.0374
60 174 3932.7360
61 559 44440.6356
62 471 51087.7275
63 100 755.2273
64 154 1746.1117
65 98 135.8170
66 62 26.5225
67 146 3466.5695
68 250 334.6335
69 93 309.2263
70 62 153.4268
71 88 1373.4311
72 101 1652.1042
73 142 4040.1107
74 183 4951.8229
75 42 334.0404
76 538 55137.6946
77 39 10.5464
78 412 11898.8036
79 372 18693.5921
80 30 149.4854
81 503 49147.1866
82 355 14236.8286
83 222 1029.2086
84 428 10940.8464
85 31 134.9201
86 470 37703.0927
87 246 9119.0521
88 203 7014.1029
89 330 15315.2565
90 468 5550.6307
91 279 10045.9094
92 450 18387.9737
93 94 1929.5777
94 451 28961.4238
95 461 3160.1058
96 111 2836.1382
97 227 1904.4471
98 200 9651.0265
99 385 7362.9701
100 101 2322.3202
101 497 12036.5841
102 42 317.3464
103 228 3193.8148
104 170 4801.1287
105 97 957.0993
106 491 27532.9158
107 72 816.2837
108 540 1644.1606
109 141 4934.1006
110 55 612.8720
111 76 1306.0413
112 191 796.2004
113 38 106.1350
114 441 4069.0834
115 142 939.6788
116 86 1784.5462
117 316 24924.8396
118 193 6127.2846
119 428 40024.7419
120 79 1316.4322
121 436 4314.6345
122 55 169.4922
123 112 363.6985
124 379 9948.9818
125 274 5962.7281
126 475 40701.0280
127 87 1742.1419
128 52 654.0308
129 226 8314.6788
130 196 2922.8960
131 323 9122.1266
132 35 256.0482
133 29 6.8089
134 231 2064.2504
135 45 166.6683
136 307 18324.3534
137 472 31461.1442
138 220 8619.3832
139 187 2021.2362
140 98 837.7538
141 75 1261.8848
142 100 638.1547
143 362 22120.0606
144 125 634.2013
145 443 30693.1596
146 361 23433.0347
147 215 5945.8101
148 27 57.0605
149 517 44052.5248
150 205 4240.6332
151 353 1428.2719
152 156 5894.0060
153 39 313.4132
154 208 7197.0774
155 107 836.6534
156 313 11971.9535
157 316 16944.1971
158 276 12007.3208
159 114 534.5392
160 162 3929.3560
161 285 7710.4141
162 118 590.7929
163 216 4026.9584
164 218 7382.0829
165 526 25190.0866
166 502 43800.8394
167 168 2853.1394
168 146 3473.2328
169 40 344.6389
170 291 21124.3384
171 162 175.1810
172 341 9870.3392
173 328 9273.4999
174 218 11498.9322
175 45 19.1941
176 293 10070.7509
177 133 3014.4991
178 488 16284.9500
179 55 317.5287
180 41 5.7362
181 257 7111.9734
182 523 33573.9388
183 102 1695.9689
184 192 2681.5805
185 481 14899.3457
186 117 1200.4741
187 171 3600.4378
188 333 24357.8091
189 186 3486.0837
190 113 1567.3663
191 285 18110.6228
192 100 2139.3294
193 132 1587.1594
194 58 464.0578
195 498 39025.0737
196 152 1659.9431
197 248 11381.8772
198 33 184.0179
199 490 50842.0711
200 483 27187.1221
201 204 5875.9718
202 24 78.7569
203 56 452.6476
204 31 198.4308
205 188 8033.4216
206 43 401.2699
207 95 866.9032
208 147 774.2648
209 145 3946.0662
210 544 11077.6406
211 122 381.6092
212 297 11474.3304
213 116 543.7567
214 160 1218.3974
215 218 3053.6684
216 85 4.8362
217 58 504.5093
218 583 39983.4881
219 531 51631.8125
220 267 4536.5583
221 253 7676.2201
222 24 26.6156
223 127 1236.3502
224 206 7016.7305
225 191 7056.4392
226 145 125.2414
227 65 46.8379
228 128 3539.1780
229 304 14893.5052
230 82 690.9774
231 166 1217.3004
232 469 33738.4541
233 511 59047.7311
234 120 3450.5709
235 289 9273.3878
236 52 212.7612
237 28 131.3678
238 87 1639.9536
239 63 675.6575
240 239 3626.9063
241 184 4033.6278
242 208 5992.5787
243 207 4780.0402
244 338 2308.5649
245 175 4575.9938
246 483 37436.8278
247 53 696.8336
248 537 2950.7457
249 63 360.7385
250 332 12123.1771
251 94 2165.8348
252 214 5950.3954
253 110 1655.4745
254 122 1824.3912
255 120 1504.2069
256 515 37383.4364
257 162 5336.5244
258 75 752.0708
259 535 44454.1822
260 252 13710.4595
261 284 11996.2874
262 86 7.7206
263 477 19014.3766
264 64 154.1258
265 234 1994.2925
266 492 10488.8622
267 408 17520.9339
268 417 3339.5450
269 319 13875.1958
270 258 5606.9572
271 581 1809.6207
272 101 1871.5792
273 237 13463.8971
274 98 693.9830
275 575 1284.9111
276 215 3210.5161
277 205 3091.5811
278 169 5763.1499
279 332 2720.2239
280 35 144.0735
281 288 19593.2944
282 283 1619.7787
283 66 590.6258
284 134 356.8303
285 404 23502.7990
286 489 19859.5322
287 248 13039.6376
288 247 4836.7855
289 88 1374.3943
290 133 2331.1471
291 165 352.5449
292 168 3226.7239
293 544 32522.6297
294 127 3843.1747
295 236 9958.1246
296 316 821.3149
297 93 1847.3678
298 203 470.7024
299 201 4174.1164
300 307 21938.7181
301 384 27688.2385
302 323 18382.5715
303 230 7042.7325
304 505 46847.1434
305 209 3428.9466
306 155 4416.2418
307 22 60.6530
308 116 1463.1966
309 242 12341.5649
310 473 33567.5308
311 138 2727.2623
312 129 2787.5887
313 425 13990.3029
314 521 10679.3031
315 92 1264.0813
316 509 49028.8813
317 27 3.3082
318 316 24850.8537
319 238 974.0425
320 523 21713.2916
321 92 1156.5814
322 170 1703.8967
323 118 2992.9866
324 375 18636.8774
325 166 4644.8090
326 129 2247.8381
327 362 8328.1349
328 224 10597.8421
329 466 36895.2831
330 171 3926.0731
331 80 1065.6027
332 151 5680.1323
333 288 3912.5890
334 268 4766.0788
335 285 11679.1563
336 276 5957.5319
337 451 47082.7888
338 555 2504.2959
339 66 452.8545
340 138 2213.7049
341 197 4635.3778
342 150 339.3437
343 447 4543.8767
344 410 911.1438
345 130 1054.4086
346 178 924.5246
347 450 47876.4371
348 448 25249.4339
349 496 42792.4471
350 152 1434.9703
351 169 6945.2235
352 75 323.8537
353 96 1802.3941
354 191 8864.4902
355 403 22979.8552
356 233 2834.0401
357 327 7685.5213
358 222 6767.7219
359 57 41.2325
360 123 2592.6131
361 118 1983.0007
362 316 8156.0916
363 57 276.2816
364 165 4734.5275
365 60 225.2084
366 449 22372.0374
367 255 14614.2298
368 269 4865.4055
369 173 5782.4907
370 64 554.6813
371 246 14689.0133
372 384 32336.0506
373 62 874.6369
374 553 27372.1352
375 233 8376.9845
376 131 594.0394
377 225 1153.2453
378 253 11076.5880
379 50 378.6589
380 171 6536.4857
381 293 20848.5797
382 71 86.5460
383 266 7258.3003
384 294 13811.4230
385 258 2371.0096
386 467 17852.7270
387 320 24382.7190
388 157 1160.0527
389 66 271.1860
390 523 234.2286
391 219 7726.2447
392 128 2251.7102
393 174 7020.8868
394 38 72.3004
395 248 5573.7895
396 481 52202.5316
397 447 41382.3254
398 254 2946.3647
399 266 3516.4595
400 57 618.4216
401 464 11412.4410
402 312 17795.0518
403 521 51374.0531
404 56 269.4903
405 193 828.7739
406 72 211.4234
407 56 313.8162
408 114 1445.2038
409 349 11437.5041
410 514 15036.2856
411 167 3070.2850
412 206 4043.2113
413 148 631.9672
414 458 11601.3439
415 138 2052.9186
416 387 33895.9196
417 244 13610.3320
418 249 7459.3698
419 27 27.2388
420 173 3612.2021
421 122 3068.5797
422 22 16.3163
423 144 2395.8978
424 250 6989.4722
425 50 101.6558
426 522 23047.0643
427 506 61143.2618
428 62 132.2750
429 269 15150.8817
430 134 3329.5782
431 335 23230.7920
432 202 6041.8975
433 510 60713.7214
434 45 416.2644
435 275 10551.8732
436 76 714.8795
437 202 663.1081
438 358 3269.2218
439 188 3763.0961
440 56 766.5667
441 315 9518.4102
442 261 11741.9399
443 285 1569.2181
444 26 54.4420
445 127 2207.8334
446 142 1649.4529
447 24 133.1502
448 258 5484.8146
449 55 52.8177
450 345 10716.3920
451 117 73.3864
452 530 4433.7325
453 143 1571.5717
454 597 39018.0166
455 331 22517.1040
456 61 803.8380
457 526 45940.9250
458 516 55782.0998
459 196 1549.9059
460 48 235.7812
461 110 1929.0655
462 29 80.1032
463 371 13966.1030
464 230 4438.1957
465 266 7628.2975
466 290 17284.2387
467 100 1671.8878
468 583 2976.4616
469 148 3362.1282
470 157 3760.4106
471 161 4094.4112
472 536 50502.9041
473 244 13516.2160
474 215 1174.0163
475 113 2524.6035
476 86 1064.1778
477 277 12592.7414
478 40 348.1929
479 33 214.2760
480 500 15633.4056
481 418 2356.6057
482 130 871.1648
483 212 2852.5569
484 252 4822.3343
485 299 15684.0446
486 263 4831.4365
487 541 45000.9101
488 62 730.4071
489 64 793.3608
490 157 5863.9850
491 50 551.0619
492 163 3324.9647
493 240 11050.8154
494 148 3733.9394
495 171 2696.4337
496 251 522.2158
497 157 3069.5104
498 47 420.1483
499 23 11.6554
500 541 10833.2034
501 447 30303.1462
502 144 3846.1829
503 300 4017.2327
504 25 63.4085
505 293 18413.1417
506 151 1278.8507
507 144 3350.1264
508 335 23848.7596
509 104 2450.0255
510 417 18611.4102
511 132 1193.4302
512 100 653.8793
513 215 7774.5444
514 126 3465.2667
515 51 378.1238
516 515 24463.8444
517 42 41.3069
518 113 2098.4229
519 253 13671.2750
520 287 18891.0003
521 228 10082.2838
522 148 5151.4646
523 189 6779.6865
524 112 741.8631
525 221 1074.9532
526 207 2303.6531
527 143 2896.3424
528 531 12335.6878
529 477 13338.9454
530 37 255.8525
531 177 6789.3604
532 166 6214.8027
533 101 951.6839
534 500 60269.0784
535 181 7407.0916
536 228 4501.5171
537 219 6656.1176
538 176 177.9778
539 72 295.5258
540 455 25762.0971
541 28 125.1621
542 147 4505.1797
543 363 16540.4874
544 186 1656.5624
545 33 77.3670
546 380 32130.0574
547 164 87.4443
548 279 8356.6570
549 44 186.6340
550 556 19625.6539
551 194 391.5473
552 493 58061.7218
553 315 2775.5360
554 111 2654.0648
555 418 36857.6034
556 142 1792.1051
557 205 3622.0551
558 234 1819.4960
559 291 7118.8615
560 192 5895.2254
561 83 372.5498
562 141 4034.1313
563 173 248.5095
564 553 9972.2611
565 88 1856.8334
566 97 1876.7455
567 159 465.4738
568 154 4645.9451
569 351 25475.8328
570 171 1117.0477
571 110 1226.5651
572 185 6554.3458
573 120 1332.4910
574 157 1996.2720
575 237 2730.8244
576 538 21334.4704
577 267 4344.4037
578 235 12175.8398
579 105 904.8543
580 557 2676.5720
581 302 9548.7135
582 237 3044.5993
583 514 29325.3812
584 288 15973.9573
585 358 6780.1435
586 457 44570.3166
587 157 2410.7360
588 581 14305.0833
589 299 1149.1704
590 103 1856.0330
591 536 51612.1284
592 30 67.3493
593 572 4788.5570
594 140 4489.6785
595 178 2467.0172
596 372 33988.1630
597 272 3471.2043
598 87 1430.6984
599 213 78.9906
600 392 2445.5164
601 172 505.6784
602 474 13609.9238
603 91 642.3229
604 336 3098.5785
605 24 53.5823
606 136 1499.3578
607 235 4887.6036
608 128 3659.4235
609 133 2933.8707
610 256 15258.9466
611 312 7012.0359
612 180 6544.4762
613 586 12783.5375
614 316 21450.2583
615 423 42121.2827
616 169 2339.8330
617 31 94.7392
618 115 371.1654
619 87 413.4731
620 211 5984.0218
621 206 7375.6447
622 86 1144.6640
623 67 51.5316
624 165 865.2633
625 464 44674.9315
626 223 3669.9141
627 120 725.1276
628 169 5834.3297
629 24 26.1945
630 239 11883.6108
631 177 66.8557
632 299 5003.6901
633 79 1491.8284
634 43 343.0164
635 38 234.4444
636 130 3936.4419
637 259 8985.1925
638 55 151.8989
639 39 78.9067
640 234 9964.1446
641 148 1256.7035
642 109 1039.1231
643 187 1055.4128
644 154 1914.5186
645 164 2052.9311
646 242 6975.7107
647 164 5972.2924
648 201 7711.7734
649 51 54.1595
650 559 44797.2002
651 169 4499.4138
652 142 3340.6472
653 471 5305.8506
654 494 50246.9561
655 27 165.0079
656 96 1863.3181
657 160 5691.7618
658 159 2243.1059
659 512 42706.6442
660 351 75.0202
661 250 9635.7974
662 51 649.7226
663 347 27912.0439
664 96 1739.4163
665 98 1167.8248
666 447 36887.5680
667 171 5537.8003
668 21 104.7372
669 161 1696.1597
670 250 8308.4013
671 107 376.1113
672 223 3918.6107
673 508 6440.6181
674 279 5441.4418
675 437 36957.9353
676 266 322.3390
677 280 1706.1409
678 23 117.9262
679 193 8429.0410
680 155 874.9408
681 96 1294.5165
682 49 224.2866
683 72 877.8167
684 33 156.3098
685 585 21823.5165
686 126 1881.2868
687 156 4231.6549
688 238 11455.1030
689 98 1924.0642
690 203 1912.5204
691 234 6084.5704
692 111 65.9171
693 471 47000.2193
694 356 248.8884
695 71 1075.8241
696 175 7181.7481
697 195 7076.2004
698 289 13726.8627
699 204 6446.9316
700 504 18473.9936
701 127 1928.4589
702 282 11699.4272
703 85 1036.3115
704 251 1033.9739
705 557 3430.8568
706 317 22542.2173
707 305 6791.1148
708 298 13849.6918
709 127 2537.4215
710 225 252.0975
711 132 4157.7219
712 124 3706.2590
713 133 1372.1401
714 485 1272.9995
715 245 14515.8244
716 60 851.3723
717 176 3054.8975
718 162 6546.5746
719 122 795.0140
720 60 602.4426
721 44 380.8221
722 70 1134.9359
723 411 32442.4317
724 135 414.8644
725 82 583.5220
726 500 37375.7240
727 90 655.2741
728 75 748.5321
729 213 2200.2495
730 527 39988.4707
731 38 307.5691
732 127 1511.5007
733 444 5444.8154
734 419 16043.3848
735 272 15825.2622
736 452 27490.5271
737 22 81.4077
738 505 22727.1928
739 177 5017.1447
740 37 39.7953
741 133 369.0898
742 172 5915.8908
743 246 12242.1770
744 91 1913.9324
745 172 2921.2858
746 154 644.3500
747 313 5879.5616
748 142 1634.1768
749 181 4015.9920
750 504 29723.5651
751 229 4801.1292
752 185 1975.2300
753 71 648.4611
754 284 10560.1904
755 504 45919.9567
756 217 3172.5468
757 71 228.0463
758 201 7507.6614
759 556 10417.4869
760 22 95.1425
761 423 39149.4861
762 526 26806.1981
763 113 549.1181
764 68 510.8810
765 320 21553.1636
766 133 516.7845
767 391 19764.6898
768 143 3939.0084
769 321 24241.9520
770 148 2931.8811
771 226 3031.8218
772 144 4993.4193
773 52 236.5965
774 271 16871.5038
775 503 24158.8799
776 275 1155.3419
777 32 84.2644
778 313 5296.9969
779 135 3251.9149
780 125 2906.4286
781 427 26558.7088
782 385 6955.3753
783 185 274.2924
784 62 209.2256
785 535 28144.4695
786 149 1198.1889
787 513 26603.5079
788 401 32726.5009
789 503 3693.2082
790 187 8355.3498
791 209 7952.2617
792 37 33.4976
793 33 145.4374
794 76 545.8863
795 132 1291.4308
796 190 4653.9457
797 37 252.2661
798 86 298.2399
799 134 1169.9566
800 223 1189.6072
801 92 1246.5157
802 103 1180.9287
803 175 3247.4352
804 166 5677.3679
805 512 2029.9636
806 368 11365.0715
807 473 25033.8200
808 42 29.5390
809 334 12567.2437
810 492 52694.8881
811 212 10753.8526
812 239 4250.2639
813 40 250.7158
814 287 19750.0437
815 470 21534.0053
816 162 1537.0311
817 96 2130.6674
818 77 581.8185
819 39 247.2769
820 224 5860.8516
821 36 156.5341
822 60 231.3084
823 149 3938.6058
824 217 4188.8553
825 284 14928.1195
826 30 125.7618
827 196 2380.6382
828 304 16551.2481
829 133 826.6757
830 308 9412.8109
831 465 34772.1003
832 533 42143.0441
833 141 4237.4294
834 236 2653.4225
835 229 4685.0164
836 304 2190.0738
837 464 7019.9617
838 540 29024.9556
839 35 15.2367
840 39 346.1832
841 146 4114.8688
842 195 9440.0401
843 324 15510.4688
844 49 198.9173
845 573 44321.5643
846 202 4689.7677
847 348 3326.3719
848 282 4087.8026
849 428 31737.3518
850 233 1804.9803
851 139 760.1248
852 165 338.8091
853 162 3055.1630
854 293 3353.9512
855 267 14855.9155
856 611 6386.9837
857 190 2675.5833
858 477 50057.6294
859 138 95.4520
860 182 964.5957
861 309 408.6930
862 46 507.2241
863 185 4881.6362
864 298 19108.1759
865 533 24166.1513
866 544 44883.6686
867 63 289.2809
868 76 35.8866
869 207 8517.7837
870 333 77.5720
871 520 29504.5607
872 193 5707.4520
873 175 1471.2833
874 181 5326.6840
875 586 8649.2240
876 106 61.6859
877 27 177.8898
878 535 45089.9216
879 51 430.1840
880 316 22738.6164
881 252 6902.0639
882 121 189.5950
883 151 999.9038
884 130 1412.3174
885 100 2486.2960
886 143 898.2665
887 613 1478.0620
888 71 1254.1521
889 346 29413.0174
890 118 3273.5394
891 169 1421.7859
892 441 20877.7982
893 137 806.6866
894 42 105.7262
895 473 47510.9883
896 206 4889.3477
897 29 1.7408
898 213 2957.4844
899 218 7094.8992
900 204 2049.6532
901 166 4599.1593
902 66 847.6153
903 146 2825.8116
904 284 8947.2414
905 134 1723.9783
906 478 52197.2556
907 33 174.2285
908 371 17876.3984
909 299 857.9242
910 98 706.5180
911 263 645.2091
912 283 10825.0455
913 209 7841.7506
914 296 5199.8109
915 192 4284.4338
916 145 2833.3093
917 103 1475.5977
918 283 5712.7726
919 350 24176.8361
920 516 43427.0852
921 129 837.6933
922 210 6120.8403
923 141 2105.1786
924 403 18986.7882
925 136 2509.2449
926 132 1567.1692
927 305 17026.2599
928 170 928.9391
929 63 966.8813
930 552 47986.7407
931 318 20518.8452
932 271 17633.9128
933 44 96.4405
934 198 8100.6764
935 287 13365.6553
936 81 1133.6880
937 466 39646.9791
938 57 627.3555
939 37 53.0815
940 147 1450.0674
941 31 63.1756
942 472 46503.1055
943 158 4539.7357
944 296 13052.9713
945 531 6066.6665
946 160 6162.7675
947 72 4.3398
948 122 1898.4119
949 384 30408.5007
950 111 2005.8231
951 47 172.5965
952 586 23543.0241
953 123 366.1778
954 33 244.2546
955 236 5585.8593
956 174 3691.1288
957 384 28230.7183
958 147 3545.1872
959 326 23691.2436
960 216 11375.6401
961 26 18.7179
962 42 40.2616
963 443 43251.9394
964 475 19471.3751
965 80 306.4970
966 502 16630.8442
967 117 343.3130
968 59 674.6994
969 295 1504.1817
970 67 79.8621
971 219 8443.8914
972 43 51.2109
973 239 12169.2846
974 170 6589.5784
975 196 6037.2277
976 524 32927.4616
977 220 5561.4961
978 285 985.9860
979 504 11044.5959
980 112 1008.2902
981 256 13566.4825
982 142 1663.5566
983 121 2956.9204
984 246 1709.1519
985 118 1136.0942
986 565 14232.3109
987 324 19200.5983
988 123 1383.8796
989 70 1217.3610
990 78 64.5017
991 21 74.8981
992 453 30138.8753
993 532 34724.7118
994 470 53427.2698
995 43 441.9877
996 71 938.6246
997 22 101.5159
998 123 541.4698
999 47 251.9968
1000 504 61155.1967
<precedence relations>
1,19
1,22
1,28
2,18
2,23
2,29
3,27
4,32
6,26
6,30
7,18
7,21
7,266
8,324
10,20
10,25
11,490
12,698
13,428
14,31
15,24
15,591
17,391
17,478
17,757
18,36
20,48
21,35
21,50
21,96
22,34
22,38
22,42
23,39
23,49
24,47
24,224
24,311
25,694
26,41
26,92
27,44
27,648
29,33
29,37
29,43
29,46
31,315
32,40
32,45
33,53
33,55
34,52
34,69
35,67
36,66
36,159
37,55
37,64
37,519
37,616
38,56
38,57
38,61
38,63
39,62
41,51
41,58
41,77
42,51
42,59
42,70
43,60
43,73
45,54
45,65
46,68
48,71
49,51
50,72
50,339
51,81
52,91
52,92
53,90
54,87
54,254
55,86
55,751
57,226
57,306
57,590
58,653
59,75
60,79
61,212
62,149
62,342
62,645
63,74
63,76
63,88
63,89
63,410
64,286
65,582
66,498
66,929
67,819
68,331
68,600
69,78
69,481
70,82
70,84
70,558
71,83
71,85
73,77
73,80
75,95
75,109
75,649
76,419
77,100
78,105
79,509
79,665
79,680
80,101
80,108
81,96
81,98
81,104
81,106
83,99
83,288
84,570
85,111
86,505
87,107
88,409
88,728
88,756
89,93
89,110
90,295
91,891
92,94
92,97
92,102
92,103
93,112
95,121
97,119
97,123
98,125
98,363
100,113
100,128
101,984
102,118
102,122
102,127
102,603
104,117
105,131
106,116
106,218
106,514
106,606
107,453
108,120
108,124
110,672
110,720
111,114
111,115
111,126
112,143
112,236
113,134
113,912
114,130
114,133
114,367
115,587
115,953
117,264
117,955
118,139
119,136
119,140
119,141
119,319
120,137
120,513
120,827
121,131
121,135
121,450
123,142
125,138
127,235
127,720
128,129
128,132
130,153
130,154
130,162
131,147
131,156
132,149
132,155
132,157
132,159
133,161
133,517
134,653
134,678
134,715
135,316
135,460
137,870
138,145
138,150
138,152
138,158
140,160
141,151
141,591
142,144
142,146
142,148
143,620
144,767
145,175
146,164
146,167
146,172
146,178
148,622
149,166
149,182
149,895
150,180
150,187
151,183
151,532
152,998
153,179
153,998
154,169
155,171
156,163
157,163
157,165
157,173
157,174
159,170
159,176
160,168
160,177
160,604
160,925
161,181
162,679
163,199
164,204
164,616
165,186
165,877
166,200
166,901
166,937
167,185
167,470
168,574
169,191
169,358
170,189
171,197
172,184
172,196
172,318
172,514
173,513
174,201
175,202
176,187
176,188
176,193
177,190
178,194
178,548
179,198
179,666
180,192
180,195
181,203
181,395
182,334
182,373
182,782
183,721
184,205
184,790
185,207
186,208
186,222
187,277
187,645
189,209
190,223
190,364
191,272
192,213
192,214
193,215
193,216
193,219
194,217
194,923
196,775
196,930
197,206
198,221
199,211
200,220
201,218
201,354
201,376
202,210
202,269
203,283
203,347
204,212
205,228
205,317
205,902
206,229
206,230
207,227
207,232
207,557
208,226
209,224
209,454
210,236
210,575
211,225
211,233
212,265
212,983
214,517
215,238
216,231
216,409
218,239
218,413
218,632
219,240
219,995
221,407
222,235
222,237
222,241
223,234
223,456
224,658
225,247
225,257
225,258
226,249
226,256
226,606
227,252
228,254
228,260
228,312
228,945
229,242
230,250
230,251
230,290
230,385
231,255
231,262
231,271
231,454
232,244
232,715
233,783
234,243
234,248
235,249
235,928
236,245
236,246
238,259
238,381
240,253
241,949
242,267
242,272
243,261
243,276
244,263
244,270
244,281
244,516
245,803
246,273
246,612
246,832
248,275
248,280
249,265
249,266
250,580
250,601
251,268
251,279
251,345
251,885
252,278
252,282
253,262
253,274
254,264
255,269
255,406
255,708
255,751
256,714
256,949
258,271
258,277
260,269
260,608
262,289
262,298
262,679
264,725
265,283
265,286
265,955
266,428
267,295
269,303
269,667
269,884
270,292
271,291
271,299
272,288
272,290
272,354
273,296
274,284
276,287
276,300
276,302
277,285
277,418
278,293
279,297
281,301
282,294
283,319
284,314
284,320
284,323
284,324
284,325
285,309
285,315
285,318
285,321
285,812
286,313
286,842
288,305
288,322
289,358
289,909
290,327
290,491
291,311
291,950
292,312
292,728
294,537
295,310
295,822
296,308
297,304
297,368
298,317
298,328
298,456
300,307
300,326
300,455
300,600
301,604
302,306
303,316
305,336
306,333
307,343
308,335
308,401
309,337
309,340
310,977
311,339
312,616
313,329
313,363
313,452
314,341
314,342
315,511
315,676
316,529
318,617
318,797
320,619
320,819
321,338
322,330
322,726
323,720
325,331
325,332
325,591
325,645
327,344
327,567
327,617
327,774
328,334
329,931
330,366
331,360
331,362
331,410
331,651
332,358
332,363
333,352
333,357
333,560
334,872
335,348
335,353
335,354
336,347
336,359
336,365
336,369
337,345
338,361
339,346
339,349
339,356
340,351
340,355
341,821
342,364
342,822
343,350
343,367
344,368
344,946
345,379
345,921
346,374
347,378
348,851
349,956
351,382
351,743
353,386
354,380
354,390
354,506
355,377
356,373
356,383
356,606
357,372
357,599
358,381
361,631
362,371
362,375
362,385
362,498
364,403
364,737
364,889
365,370
365,562
366,376
367,858
368,381
368,384
370,392
370,395
370,398
370,401
371,462
371,582
372,968
373,459
377,389
377,397
378,393
378,394
378,405
379,387
379,388
380,399
381,390
381,400
381,427
382,403
382,864
383,396
383,402
385,400
385,404
385,406
386,391
387,422
389,419
389,617
391,421
392,413
393,409
393,469
394,698
395,410
395,411
395,423
395,424
396,408
396,418
398,407
398,408
398,442
398,592
399,547
399,894
400,420
400,690
403,407
403,412
403,414
403,415
403,417
403,494
405,966
406,416
409,430
411,427
411,443
411,633
413,434
413,609
414,437
414,438
414,444
416,425
416,729
417,428
417,439
417,914
418,432
418,657
419,426
419,440
419,442
419,447
420,429
421,446
422,433
422,435
422,445
423,431
423,436
424,441
424,448
424,534
425,657
426,458
426,460
426,609
428,455
428,456
429,457
429,834
430,462
431,449
431,469
433,451
433,590
434,464
434,890
435,461
435,915
436,454
437,752
437,904
438,465
439,459
439,738
439,961
442,453
442,463
442,466
442,769
443,450
443,467
443,922
444,452
444,458
444,858
448,468
449,476
450,488
450,622
451,478
452,475
452,759
454,480
454,491
454,617
455,477
456,486
457,471
457,472
457,483
457,490
459,473
459,485
460,474
460,482
460,885
461,548
462,479
463,484
463,487
464,737
466,470
468,481
469,489
470,497
470,504
471,867
475,492
475,498
476,495
476,496
477,500
478,667
479,499
480,493
481,994
483,882
485,501
487,977
488,502
488,503
489,494
489,504
490,660
490,863
491,547
492,508
492,789
494,518
494,551
495,568
495,618
496,509
496,512
496,516
497,514
499,507
499,513
499,515
499,519
499,958
500,506
500,712
500,872
501,517
502,505
502,510
502,665
504,511
505,524
505,541
505,542
506,537
507,538
508,599
509,520
509,540
510,525
511,535
511,536
511,669
512,527
512,532
515,529
516,523
516,528
516,531
516,795
517,601
517,992
518,521
518,526
518,530
518,534
518,947
519,522
519,533
519,539
520,553
520,554
521,826
523,548
524,556
525,670
526,546
531,545
531,547
533,549
534,552
534,555
535,543
535,626
536,544
536,557
536,948
537,815
538,551
539,566
541,550
543,569
545,558
545,572
545,573
545,576
546,570
547,561
547,567
547,571
547,599
547,658
548,563
549,562
550,558
550,568
550,749
551,574
551,575
552,566
553,559
555,564
555,565
556,560
557,577
557,980
558,585
559,596
559,653
560,591
560,594
561,592
562,851
563,587
565,588
565,678
566,583
567,580
568,597
569,584
569,586
569,595
569,602
570,579
571,581
572,578
573,582
574,589
574,593
575,711
576,598
577,590
579,601
580,611
580,616
581,606
581,608
584,614
584,911
585,607
585,610
585,612
586,603
586,604
586,619
588,599
589,602
589,605
589,615
591,617
592,609
594,613
595,618
597,942
598,600
599,626
600,636
601,659
603,625
603,628
605,621
605,916
606,632
606,634
609,622
609,912
610,623
611,627
612,635
613,620
613,629
615,654
615,945
616,624
616,626
616,631
618,633
619,630
620,807
620,868
622,923
623,640
624,654
625,779
625,887
626,638
626,656
626,657
627,642
627,649
627,651
628,643
628,647
628,648
629,644
629,655
630,658
631,935
632,637
632,650
633,641
633,652
633,702
634,659
634,997
635,639
635,646
636,645
636,653
636,687
636,703
640,670
641,673
642,669
642,672
643,660
643,664
643,674
644,682
645,843
646,662
649,854
650,675
650,676
650,678
651,671
651,677
652,666
653,839
654,661
654,663
656,667
656,668
656,681
657,679
657,808
658,665
658,680
658,920
661,689
661,693
662,884
664,684
664,694
667,695
669,691
671,690
671,698
672,696
672,701
673,685
673,747
674,692
674,699
675,703
676,694
676,702
678,683
678,700
679,687
681,686
682,688
682,697
683,718
684,707
685,712
687,823
689,860
690,706
692,711
692,715
693,705
693,716
693,899
693,967
696,704
696,710
696,794
698,714
699,708
700,713
703,709
703,717
703,729
703,788
704,731
704,734
705,727
706,730
706,735
707,726
707,732
709,720
710,737
710,885
712,724
712,725
712,736
712,985
714,722
714,976
715,723
715,729
716,733
716,910
717,721
717,728
718,719
719,741
720,740
720,742
723,752
725,748
726,743
726,746
726,748
726,749
729,747
730,854
732,744
733,738
733,739
733,750
733,753
735,751
735,865
735,958
737,745
740,761
740,764
741,823
742,873
743,754
744,767
745,755
745,756
745,759
746,770
747,947
748,766
748,768
750,758
750,769
751,765
752,757
753,760
753,762
753,763
754,778
755,777
755,785
757,782
760,775
760,904
761,781
761,783
762,786
763,773
764,772
764,776
764,779
764,784
766,788
767,787
768,771
770,774
770,780
770,892
771,789
773,806
773,842
773,988
774,801
776,793
776,799
778,790
779,792
779,798
780,804
782,795
782,805
783,796
783,987
784,794
784,797
785,791
785,802
785,803
788,800
788,807
789,815
789,817
792,955
795,819
796,809
797,914
798,956
801,821
801,822
802,810
802,812
803,808
803,820
804,814
804,816
805,811
805,818
807,813
808,830
809,833
810,831
810,837
812,823
812,834
813,828
814,829
814,832
814,836
815,825
816,826
818,824
819,827
821,835
822,898
823,839
823,848
825,841
825,898
826,850
827,838
827,858
828,842
828,844
828,849
828,851
828,854
828,859
830,840
831,855
831,857
832,843
832,847
833,858
835,852
836,846
837,845
837,853
837,856
838,874
839,984
840,869
841,862
841,972
842,860
842,879
844,871
846,864
846,866
846,877
847,865
848,868
848,873
849,867
851,878
854,870
855,872
856,861
856,863
858,875
858,876
862,881
862,884
863,888
865,889
865,893
865,895
866,885
868,883
868,952
869,896
872,880
872,892
873,886
874,882
874,891
875,887
875,890
877,894
880,897
881,905
882,910
885,900
885,902
886,898
886,907
886,958
890,911
890,913
891,901
892,908
894,906
894,909
895,904
896,899
896,903
896,912
896,969
897,923
897,933
898,915
898,920
898,930
899,921
900,959
902,922
902,929
903,914
903,931
903,932
904,916
905,956
906,924
908,917
908,927
909,925
909,928
911,918
911,919
912,926
916,944
917,936
917,937
917,945
919,948
919,951
921,942
922,935
922,941
922,944
922,950
924,940
925,946
927,947
928,939
929,934
929,938
931,949
932,943
934,955
934,963
935,968
936,977
937,967
938,958
942,953
944,965
946,962
947,957
947,961
948,964
948,966
949,954
949,959
949,960
950,956
951,952
952,978
953,972
955,985
956,981
956,982
956,984
958,971
960,979
961,976
962,983
963,970
964,973
964,980
965,974
966,969
966,975
966,977
970,995
971,994
972,992
972,998
973,997
976,989
977,986
977,996
978,990
978,1000
979,987
979,988
982,999
983,993
985,991
<end>