<number of tasks>
1000
<cycle time>
1000
<order strength>
0.895
<z_alpha>
1.960
<task times>
1 234 308.4273
2 80 284.1210
3 128 151.9680
4 220 197.2633
5 58 30.2623
6 123 236.1184
7 113 148.9137
8 59 195.5924
9 222 2644.9598
10 169 1606.1925
11 125 319.9306
12 102 259.6911
13 165 601.3445
14 54 49.5755
15 123 525.9124
16 212 617.9641
17 152 1074.0400
18 45 24.1371
19 67 119.9552
20 172 1303.0934
21 203 1836.5914
22 138 128.4542
23 107 258.8374
24 103 180.2044
25 137 511.4623
26 164 1506.9571
27 130 323.7266
28 181 1448.4178
29 386 3178.3976
30 119 723.5479
31 44 74.2806
32 261 263.0859
33 94 26.0922
34 145 576.6453
35 138 184.7064
36 127 111.4200
37 34 33.5088
38 40 43.1144
39 187 203.0048
40 152 932.8542
41 146 1239.9328
42 53 129.6844
43 181 1241.0376
44 147 921.0869
45 278 692.9758
46 83 425.7084
47 46 72.6810
48 32 38.5635
49 65 170.0911
50 151 1326.1367
51 178 354.2499
52 62 84.4190
53 32 48.2645
54 222 579.3036
55 35 49.4407
56 202 1718.9851
57 141 710.4021
58 160 117.5814
59 32 14.4208
60 150 738.7759
61 173 810.5103
62 134 367.4340
63 111 29.6346
64 308 666.4801
65 37 57.9268
66 215 2614.0646
67 185 0.5673
68 149 356.1318
69 35 12.7826
70 193 1239.9645
71 171 834.6067
72 86 285.7232
73 137 651.5523
74 383 2036.8186
75 58 118.5960
76 131 570.3047
77 146 337.8187
78 42 30.2170
79 167 741.8185
80 180 666.9153
81 62 34.6490
82 108 259.2755
83 94 58.5076
84 142 966.5024
85 138 611.1057
86 107 326.0389
87 61 9.2971
88 63 27.0134
89 128 772.3306
90 48 59.7831
91 87 324.9120
92 165 591.5832
93 40 76.0594
94 31 38.7166
95 77 55.8497
96 90 202.5217
97 225 60.7189
98 278 5.0117
99 80 231.2550
100 258 1857.6796
101 104 316.3244
102 109 110.5759
103 220 2555.8071
104 131 971.6338
105 164 863.1662
106 130 213.2979
107 111 3.0608
108 108 451.6220
109 103 407.7385
110 94 40.2797
111 147 1176.8238
112 94 375.6036
113 37 40.9554
114 27 43.1631
115 55 125.0037
116 32 60.2327
117 109 405.2823
118 32 31.0328
119 149 476.8995
120 109 104.7642
121 32 1.8991
122 271 357.0085
123 20 13.2171
124 68 97.9875
125 81 214.2072
126 287 3247.3977
127 83 338.1440
128 55 99.5979
129 200 1507.8062
130 27 16.4028
131 34 40.6192
132 49 55.8831
133 143 868.3266
134 213 566.8204
135 101 106.7309
136 145 1255.7699
137 89 210.9532
138 34 2.9018
139 154 989.7127
140 44 94.4892
141 135 282.7786
142 29 22.9383
143 253 3175.1090
144 99 462.3554
145 140 986.7123
146 180 291.1927
147 192 2243.3588
148 206 196.3578
149 40 65.1664
150 70 149.6095
151 48 96.6740
152 86 342.7464
153 132 416.5909
154 224 1094.3188
155 64 187.6821
156 134 952.0423
157 119 490.7915
158 215 1208.7974
159 128 408.2883
160 49 50.3633
161 35 21.9204
162 33 0.1738
163 296 4659.9758
164 193 1309.1914
165 70 279.7050
166 280 4478.3655
167 188 2186.8388
168 181 1992.7422
169 91 444.3862
170 36 60.4288
171 49 105.8897
172 134 527.3046
173 163 1423.9177
174 231 3238.7675
175 81 91.4656
176 183 186.9355
177 168 1014.6500
178 162 1242.3173
179 48 108.2169
180 244 1523.0717
181 189 1094.7149
182 124 948.6013
183 225 451.4992
184 134 95.0139
185 233 1903.2147
186 60 96.2083
187 212 1205.3021
188 32 56.3624
189 174 1468.3898
190 220 1717.6737
191 80 253.3272
192 344 6924.9273
193 224 1.4293
194 211 1967.6508
195 304 1309.8830
196 182 7.2977
197 273 3358.3938
198 221 2238.0114
199 85 18.4138
200 30 54.9466
201 315 1210.0767
202 402 6617.9538
203 105 314.2083
204 161 1035.0439
205 47 104.5049
206 126 44.0263
207 408 1899.1205
208 83 209.6043
209 231 887.5034
210 78 155.7267
211 185 93.8746
212 102 379.8011
213 30 13.0763
214 156 316.8438
215 49 86.0823
216 223 3100.0121
217 46 15.7476
218 106 348.5374
219 59 5.3202
220 217 1078.0646
221 73 168.1352
222 192 775.2945
223 213 102.5214
224 123 204.6708
225 67 260.8025
226 204 2165.2418
227 106 283.1371
228 45 25.0233
229 124 515.2426
230 117 821.0651
231 202 1566.9694
232 182 808.7064
233 223 1676.9690
234 62 203.2607
235 216 1314.1230
236 87 23.4918
237 62 115.3122
238 265 927.9388
239 81 74.1799
240 115 28.7259
241 284 3170.4174
242 196 438.6931
243 326 1195.3525
244 194 561.2778
245 258 3086.0996
246 162 219.5911
247 198 1047.2892
248 71 47.4289
249 387 2669.5678
250 78 219.6020
251 126 366.4097
252 214 412.2547
253 133 225.0249
254 164 370.6151
255 166 30.5746
256 200 743.8485
257 206 577.8521
258 241 1744.4662
259 93 520.6757
260 97 228.7660
261 157 864.0169
262 287 4494.9768
263 147 918.9058
264 79 131.0360
265 230 26.0595
266 204 2498.0680
267 196 40.8189
268 75 53.2167
269 150 1211.9521
270 139 1054.2009
271 96 505.0276
272 278 4298.0700
273 42 5.8603
274 324 19.0247
275 123 576.3674
276 230 1956.7162
277 38 18.8001
278 142 1172.9209
279 140 755.0081
280 47 7.2023
281 306 2098.8533
282 240 521.1132
283 185 900.0220
284 80 131.2196
285 190 964.3348
286 228 3120.0511
287 201 1968.2022
288 101 617.8119
289 186 1437.5241
290 130 791.8522
291 179 1441.0493
292 109 709.6780
293 220 1820.4014
294 21 24.0413
295 92 204.5289
296 82 21.0789
297 24 7.3217
298 64 90.4190
299 202 1541.4504
300 203 1994.5331
301 276 629.9565
302 111 665.9886
303 34 5.2664
304 115 600.9907
305 145 174.2216
306 25 21.4639
307 55 125.8275
308 175 590.4547
309 151 1341.5144
310 43 7.8069
311 168 1276.4618
312 66 177.7790
313 154 1227.2959
314 261 3894.0377
315 41 94.1497
316 254 3781.1676
317 82 259.3363
318 21 4.6891
319 90 146.9041
320 33 19.9629
321 108 678.6077
322 50 86.7567
323 247 2969.1060
324 124 486.5362
325 90 464.8269
326 105 114.4026
327 112 268.0632
328 52 36.1465
329 316 275.8015
330 140 1182.9268
331 164 437.8824
332 23 20.9662
333 112 83.7100
334 101 70.3173
335 81 217.2574
336 151 620.0322
337 240 537.7658
338 23 18.4354
339 191 709.2860
340 141 763.0706
341 81 356.9286
342 248 3576.7476
343 185 1448.6634
344 35 75.2580
345 162 103.9158
346 30 10.1188
347 27 34.7864
348 73 165.1269
349 50 116.0290
350 180 306.2404
351 68 243.9064
352 165 1624.3382
353 232 1360.6799
354 99 285.1513
355 109 708.6295
356 250 846.4862
357 200 1437.3116
358 165 1120.8574
359 185 1599.1756
360 174 528.9439
361 107 263.1161
362 163 628.6651
363 185 1264.4518
364 217 573.2019
365 151 218.1894
366 150 1189.0915
367 69 196.3340
368 115 540.3440
369 208 961.4093
370 53 3.2514
371 127 237.2535
372 78 298.0483
373 113 648.1743
374 210 1060.8863
375 223 2811.7376
376 219 234.5149
377 186 513.2554
378 111 415.2150
379 323 3126.9666
380 170 463.2066
381 76 348.4666
382 136 682.1354
383 73 295.2906
384 187 775.6432
385 233 1118.4217
386 300 541.6893
387 45 85.1981
388 214 828.5356
389 86 65.2765
390 303 297.9647
391 111 550.7556
392 222 2761.9435
393 66 239.6602
394 215 201.4402
395 147 1036.0599
396 36 0.0532
397 126 683.5606
398 77 51.5288
399 147 149.4415
400 65 138.0294
401 105 167.9159
402 153 1247.5995
403 107 650.0656
404 214 1950.7368
405 249 2222.1553
406 24 9.2750
407 65 247.7160
408 126 28.8347
409 423 8234.3319
410 86 68.9714
411 55 180.4637
412 84 367.8447
413 275 704.7925
414 190 1247.5152
415 45 48.2206
416 109 341.3374
417 152 690.9216
418 110 346.0381
419 125 936.0998
420 234 2913.1381
421 75 117.2121
422 91 319.8144
423 68 13.3339
424 227 2752.8876
425 123 936.0525
426 193 1298.4443
427 81 58.1111
428 41 82.3703
429 168 660.1840
430 108 339.8245
431 187 1055.7995
432 281 1272.3986
433 142 188.7979
434 214 969.6720
435 54 24.4445
436 103 99.0172
437 154 225.0293
438 153 1079.6862
439 255 2559.5527
440 208 690.1428
441 61 59.0050
442 175 1751.0810
443 220 2954.2028
444 82 92.7279
445 206 816.2595
446 175 1186.3101
447 136 828.9775
448 64 47.1220
449 219 1397.1884
450 49 46.2455
451 109 167.0641
452 125 717.4923
453 108 221.6299
454 52 38.3397
455 101 514.7784
456 139 185.4872
457 125 130.2364
458 213 1689.5737
459 240 2655.1658
460 214 475.4995
461 101 574.2918
462 38 12.5238
463 245 169.2113
464 102 338.2356
465 154 781.0914
466 229 435.3942
467 238 2177.5112
468 115 366.9357
469 176 1512.9617
470 89 188.4924
471 195 1148.1251
472 150 199.1718
473 222 2214.7766
474 113 461.5525
475 199 343.9497
476 373 8225.5302
477 25 30.5161
478 223 286.3842
479 106 84.0168
480 110 650.4425
481 148 609.7168
482 129 443.7653
483 46 88.6738
484 176 859.5666
485 130 751.7136
486 78 299.4926
487 258 2379.1633
488 188 706.9300
489 75 286.9176
490 171 1126.1782
491 108 73.3685
492 199 1116.2935
493 171 692.9759
494 106 102.6477
495 105 672.5102
496 135 384.4307
497 146 891.3594
498 209 1898.7118
499 131 611.0961
500 207 1068.5531
501 105 525.2173
502 137 613.2153
503 98 507.3932
504 39 31.3892
505 268 3200.4863
506 70 298.1251
507 58 185.8843
508 238 381.9095
509 55 143.2354
510 97 573.3718
511 258 1880.8195
512 212 138.6465
513 24 11.3727
514 178 489.9663
515 45 93.2099
516 99 441.5435
517 256 1785.8757
518 201 562.4706
519 138 929.8854
520 241 449.3742
521 161 557.9366
522 238 2978.2484
523 136 1023.5276
524 117 530.1965
525 268 1703.9084
526 292 1717.6801
527 30 37.2672
528 194 97.3982
529 228 281.8265
530 186 1346.1044
531 135 625.2805
532 171 1076.7442
533 98 377.6038
534 108 31.2428
535 195 528.7184
536 254 556.0611
537 139 719.0363
538 217 919.3084
539 104 188.3914
540 78 231.7431
541 114 178.1248
542 228 864.2454
543 236 2593.2362
544 112 585.5334
545 105 628.0677
546 35 27.4518
547 229 1706.4682
548 140 573.0922
549 106 388.9717
550 146 763.4325
551 183 713.7754
552 132 838.6660
553 30 5.7954
554 150 557.6136
555 198 726.3464
556 52 57.4412
557 164 1195.3028
558 77 70.5509
559 81 28.0966
560 89 79.8275
561 175 935.9069
562 200 1623.5799
563 105 549.1027
564 73 274.8830
565 44 48.6732
566 130 898.5742
567 153 115.6879
568 219 2573.1581
569 162 1420.0553
570 136 770.0280
571 129 427.3226
572 137 670.2613
573 102 225.0736
574 57 78.4352
575 121 746.6745
576 229 2342.7309
577 135 194.5313
578 151 698.7060
579 131 741.1969
580 158 381.6560
581 61 123.4372
582 78 239.6805
583 134 1042.5997
584 79 54.4875
585 34 60.9974
586 165 1160.9023
587 208 933.5972
588 175 1481.8389
589 100 299.1563
590 80 122.6341
591 152 193.8817
592 125 10.4558
593 67 161.3448
594 192 1512.0235
595 154 5.2408
596 153 68.4210
597 106 586.2511
598 90 319.5180
599 22 11.4080
600 163 16.9872
601 271 4285.5135
602 70 301.5894
603 279 1287.6734
604 118 139.3055
605 35 70.0717
606 195 82.6858
607 22 7.2926
608 182 1002.0099
609 140 974.4939
610 39 28.3172
611 167 1329.2005
612 35 63.8550
613 181 1532.8181
614 91 186.5727
615 87 241.0289
616 187 696.2651
617 151 557.7168
618 177 194.7781
619 115 824.9271
620 213 1722.5932
621 149 914.0651
622 78 117.6453
623 191 79.4576
624 123 730.3815
625 197 245.2765
626 103 128.9336
627 210 2375.0431
628 101 578.0251
629 155 301.0451
630 124 70.5247
631 190 365.6337
632 179 616.2408
633 127 379.0680
634 250 3639.4023
635 132 489.1303
636 23 0.7629
637 179 394.0202
638 140 695.9402
639 49 145.9104
640 146 1121.7399
641 146 213.1541
642 153 638.0719
643 69 46.5748
644 36 6.7746
645 69 215.2682
646 245 2257.0756
647 247 434.5216
648 132 368.0314
649 166 715.5854
650 82 134.6892
651 78 60.9833
652 102 279.2327
653 212 2595.2022
654 82 274.1935
655 280 2611.5266
656 205 1273.5255
657 93 166.8072
658 79 218.5979
659 59 42.1571
660 234 130.3282
661 154 765.1263
662 57 26.1256
663 225 2729.6296
664 71 241.7583
665 133 712.2323
666 88 154.8208
667 84 136.2798
668 199 1670.9929
669 193 296.9208
670 59 129.6898
671 86 411.3410
672 47 94.6220
673 101 161.5814
674 97 71.8170
675 201 2151.0095
676 92 85.6215
677 124 449.3553
678 90 426.3312
679 149 738.7606
680 135 959.0838
681 178 130.9420
682 97 287.9454
683 75 310.3411
684 61 77.8370
685 168 541.5152
686 257 295.7560
687 73 62.0225
688 50 55.3652
689 142 833.1089
690 119 18.1987
691 102 152.7557
692 135 913.7926
693 52 42.8844
694 117 701.0252
695 66 215.7264
696 77 293.7994
697 118 251.6085
698 169 1460.5768
699 231 1664.6544
700 223 960.9988
701 119 276.2499
702 64 228.2144
703 54 159.1663
704 154 516.6974
705 110 167.5878
706 78 197.8182
707 183 551.3396
708 121 276.8181
709 116 489.7078
710 23 9.9742
711 175 542.6174
712 109 740.9184
713 115 627.7912
714 152 425.6282
715 44 58.2006
716 117 267.3432
717 71 251.7218
718 151 1018.4726
719 150 757.7146
720 194 2237.5565
721 112 185.8717
722 275 2319.3593
723 122 473.8296
724 57 59.1594
725 136 67.8585
726 85 92.2908
727 39 91.8952
728 48 61.9491
729 227 2052.7081
730 91 392.0879
731 212 479.3454
732 99 5.9167
733 103 381.0288
734 172 1273.9746
735 101 583.8571
736 117 237.4792
737 59 145.7116
738 186 1127.9553
739 222 95.8085
740 139 397.6728
741 51 106.8655
742 134 811.8697
743 143 181.2679
744 129 820.9206
745 55 26.4756
746 70 260.2549
747 162 58.1903
748 80 383.8042
749 158 1280.9052
750 247 3766.1585
751 335 1825.2834
752 220 2206.3820
753 171 999.6772
754 252 2727.0042
755 63 130.2615
756 98 511.7266
757 169 578.0485
758 89 210.1061
759 35 70.0520
760 106 447.3111
761 110 691.5123
762 64 240.9011
763 157 546.3539
764 65 188.5442
765 269 590.5086
766 123 325.3002
767 150 1130.9107
768 259 3374.4189
769 187 873.3616
770 102 466.5069
771 176 1692.7106
772 429 5786.5694
773 75 328.8570
774 42 10.4138
775 200 1512.1617
776 115 88.3991
777 231 2858.5809
778 314 5645.8764
779 183 1936.4582
780 154 1100.0399
781 103 411.4739
782 103 372.2360
783 136 667.4654
784 57 152.5316
785 119 108.1207
786 140 829.6810
787 93 528.5649
788 120 353.3220
789 88 66.2357
790 114 596.6025
791 148 1301.6930
792 92 175.4335
793 154 1072.3522
794 69 72.2524
795 53 39.9345
796 46 85.7574
797 22 18.0068
798 133 217.8437
799 125 512.9516
800 210 1496.1902
801 294 5173.2265
802 250 3399.8386
803 200 390.2824
804 231 1752.5662
805 241 699.6629
806 28 33.4359
807 98 308.9342
808 109 617.6161
809 78 169.0461
810 31 12.4402
811 230 3083.4446
812 79 158.6742
813 116 319.9428
814 162 1102.2171
815 61 88.7030
816 50 103.3489
817 84 24.5054
818 157 1187.6180
819 32 54.3567
820 150 1253.9900
821 283 3995.6820
822 164 34.2009
823 283 3583.1718
824 145 247.6661
825 101 520.6412
826 146 1136.7840
827 79 62.9637
828 30 16.6597
829 42 89.8307
830 64 98.6148
831 160 1081.8785
832 165 512.1959
833 276 4209.2804
834 117 422.9305
835 93 420.4233
836 186 469.2948
837 187 1904.3868
838 101 453.9932
839 91 389.6192
840 91 430.4288
841 65 9.8048
842 114 297.4689
843 189 717.5292
844 148 755.0204
845 56 149.3400
846 71 294.0732
847 95 64.2889
848 149 806.4629
849 71 46.9434
850 103 2.4942
851 163 723.4691
852 75 346.2771
853 121 746.8289
854 68 229.8103
855 69 290.0580
856 106 184.8874
857 72 201.9412
858 76 268.1485
859 235 645.5812
860 32 19.3861
861 225 1092.6564
862 138 353.7330
863 266 2576.5749
864 24 27.1903
865 235 2431.0697
866 81 198.4709
867 55 138.0005
868 73 62.9944
869 107 610.1508
870 124 614.2638
871 150 906.3212
872 48 47.2750
873 161 1112.6989
874 46 108.0195
875 102 649.3198
876 22 11.9098
877 219 897.5382
878 71 299.8372
879 252 1012.2779
880 198 1536.3402
881 130 995.5203
882 126 332.9870
883 134 694.4299
884 153 431.5691
885 155 84.0407
886 356 2932.8112
887 65 80.3645
888 21 26.2291
889 111 458.0848
890 219 1698.3663
891 126 591.0360
892 176 553.9340
893 109 636.8318
894 37 75.9977
895 232 2775.6084
896 136 572.7498
897 162 231.3684
898 124 184.8464
899 73 286.1973
900 32 1.8449
901 93 119.9593
902 181 884.5203
903 195 1896.6378
904 212 37.3590
905 201 237.5116
906 220 1109.6721
907 235 2767.8838
908 134 501.6975
909 258 809.2976
910 59 92.7764
911 70 133.4290
912 145 35.6670
913 58 31.1889
914 135 993.6636
915 96 88.4520
916 82 306.0561
917 60 187.4886
918 93 418.2147
919 107 116.2446
920 68 236.3049
921 218 2780.9436
922 88 310.0773
923 130 362.2101
924 138 776.7973
925 89 2.2667
926 44 120.9115
927 82 212.4657
928 193 1149.2343
929 172 1107.0039
930 149 33.8476
931 102 553.2637
932 182 572.2122
933 176 833.5795
934 188 356.2375
935 70 31.8884
936 81 222.2117
937 148 577.5223
938 107 312.2842
939 293 2798.5318
940 221 1998.5065
941 73 91.1419
942 239 461.1411
943 171 457.5479
944 256 770.9044
945 148 1181.2966
946 65 237.0329
947 131 361.4641
948 126 720.1138
949 134 856.8115
950 63 59.9100
951 88 6.2292
952 89 487.5160
953 206 2014.1877
954 115 384.4850
955 39 23.1272
956 254 1655.2186
957 331 1105.9045
958 84 420.3649
959 100 587.1174
960 162 1156.0968
961 81 163.1187
962 142 1087.1087
963 206 1403.1115
964 130 461.6875
965 170 1222.8163
966 107 40.3659
967 167 717.1195
968 162 1415.7867
969 30 54.4312
970 179 114.1583
971 80 35.7856
972 240 1589.2863
973 98 33.1743
974 49 134.1676
975 118 523.8311
976 200 2299.7662
977 204 161.4248
978 285 4627.5988
979 145 411.1022
980 187 1270.9480
981 186 901.6024
982 150 261.9539
983 35 24.5789
984 200 1800.0874
985 41 94.3399
986 232 152.4211
987 104 69.5589
988 37 40.8889
989 25 31.2715
990 113 492.7760
991 184 262.9179
992 26 4.0337
993 289 3337.9024
994 91 116.5215
995 107 387.9221
996 236 862.0020
997 176 552.9165
998 56 1.5720
999 98 43.3981
1000 141 1190.8029
<precedence relations>
1,33
1,43
2,23
3,10
3,11
4,10
4,11
4,12
4,13
5,28
5,29
5,36
6,10
6,11
6,12
6,13
7,10
7,26
8,10
8,11
9,10
9,11
9,12
10,14
10,15
10,18
10,20
10,28
11,14
11,15
11,16
11,17
11,18
11,19
11,21
12,14
12,15
12,16
12,17
12,18
13,14
13,15
13,16
13,19
13,21
14,525
15,22
15,33
15,42
15,43
16,22
16,23
16,24
16,25
16,26
16,27
16,28
16,29
17,22
17,23
17,24
17,25
17,29
18,22
18,23
18,24
18,25
18,27
18,29
19,22
19,23
19,24
19,28
19,29
20,22
20,149
21,24
21,25
22,202
23,30
23,31
23,34
23,36
23,37
24,30
24,31
24,32
24,33
24,34
24,35
24,36
25,76
25,97
26,30
26,31
26,32
26,35
26,36
26,41
27,30
27,31
27,32
27,33
27,40
28,30
28,31
28,32
28,33
28,34
28,37
29,30
29,31
29,32
29,33
30,38
30,39
30,42
30,43
31,39
32,219
33,38
33,41
34,38
34,39
34,40
34,41
34,42
34,43
35,38
35,40
36,38
36,39
37,38
37,39
37,40
38,44
38,45
38,47
39,44
39,45
39,46
39,49
40,48
41,44
41,45
41,46
41,47
41,48
41,49
42,44
42,45
42,46
42,47
42,48
42,49
43,44
43,45
43,46
43,47
43,48
43,49
44,50
44,51
44,52
44,53
44,54
45,50
45,51
45,52
45,53
45,54
46,50
46,51
46,52
46,53
46,54
47,50
47,51
47,52
47,53
47,54
48,50
48,51
48,52
49,50
49,51
49,52
49,53
49,54
50,55
50,59
50,62
50,67
50,68
50,69
51,55
51,56
51,57
51,58
51,59
51,60
52,55
52,57
52,58
52,69
53,55
53,56
53,61
53,68
54,55
54,56
54,57
54,58
55,63
55,64
55,65
55,66
55,70
56,63
56,64
56,65
56,66
56,67
57,67
57,68
57,83
58,63
58,64
58,70
59,63
59,64
59,65
60,76
61,63
61,64
61,66
61,69
62,63
62,64
62,65
62,70
63,85
63,93
64,71
64,72
64,73
64,74
64,75
64,76
65,71
65,72
65,73
65,74
65,75
65,76
66,329
67,71
67,72
67,73
68,71
68,72
69,71
69,72
69,75
69,76
70,71
71,77
72,77
72,84
73,77
73,78
73,79
73,80
73,81
73,85
73,86
74,81
74,105
75,77
75,82
75,83
76,77
76,78
77,197
78,87
78,90
78,91
78,99
79,87
79,88
79,89
79,90
80,87
80,88
81,87
81,88
81,89
82,458
83,87
83,88
83,93
84,87
84,88
84,89
84,90
84,93
85,87
85,88
85,89
85,90
85,91
86,92
86,107
87,94
88,97
88,106
88,107
88,108
88,114
88,115
89,94
89,95
89,96
90,96
90,98
90,104
90,106
91,164
92,94
92,104
93,94
93,95
93,96
93,99
93,107
94,100
94,101
94,102
94,103
94,108
95,100
95,101
95,102
95,103
95,104
96,100
96,103
96,108
97,100
97,101
98,100
98,105
98,107
99,102
99,106
99,169
100,109
100,110
100,111
100,112
100,116
101,113
101,124
102,109
102,179
103,109
103,110
103,111
103,112
103,113
103,114
103,115
103,116
104,109
104,110
104,111
104,112
104,113
104,114
104,115
104,116
105,109
105,110
105,111
105,112
105,114
106,109
106,165
107,109
108,109
109,160
109,178
110,117
110,118
110,119
110,122
111,117
111,118
111,123
112,118
112,120
113,119
114,117
114,121
115,117
115,118
115,119
115,120
115,121
115,123
116,117
116,118
116,119
116,120
117,124
117,125
117,126
117,143
118,124
119,278
120,124
120,128
121,124
121,125
121,126
121,127
122,124
122,125
122,126
123,124
123,125
123,126
123,127
123,128
124,129
124,130
124,131
124,132
125,129
125,132
125,133
125,134
126,129
126,130
127,131
127,136
128,135
128,148
129,374
129,391
130,139
131,137
131,138
131,139
131,140
131,144
131,145
131,149
131,150
132,137
132,138
133,137
133,138
133,139
133,140
133,141
133,142
134,137
135,137
135,138
135,139
135,143
135,151
136,137
136,138
136,141
136,142
137,147
138,146
139,146
139,147
139,152
140,146
140,163
141,146
141,147
142,146
142,147
142,148
142,149
142,150
142,151
143,146
143,149
143,163
144,146
145,151
145,164
146,153
146,154
146,155
146,156
147,154
147,156
147,157
147,158
148,153
148,154
148,155
148,156
148,157
148,158
149,153
149,154
149,165
150,153
150,154
150,155
150,156
150,157
150,158
151,153
151,156
152,153
152,154
152,155
152,156
152,157
152,158
153,159
153,160
153,161
153,162
154,159
154,160
154,161
154,164
155,159
155,160
155,161
156,160
156,165
157,159
157,160
157,161
157,162
157,170
158,159
158,160
158,163
159,166
159,167
159,168
159,169
160,172
160,184
161,166
161,167
161,168
161,173
161,174
162,166
162,167
162,168
162,169
162,171
162,172
162,173
162,174
163,166
163,167
163,168
163,169
163,170
163,171
163,172
163,173
163,174
164,166
164,167
164,171
165,166
165,167
165,168
165,170
165,171
165,172
165,173
165,174
166,175
166,176
166,177
166,178
166,180
167,175
167,176
167,177
167,178
167,179
167,180
168,175
168,176
168,177
168,178
168,179
168,180
169,175
169,176
169,177
169,178
169,179
169,180
170,175
170,237
171,175
171,176
171,177
171,180
172,175
172,176
172,180
172,185
172,186
173,175
173,176
173,177
173,178
173,180
174,625
175,608
176,182
177,181
177,182
177,183
177,184
177,185
177,186
178,183
178,186
179,181
179,182
179,183
179,184
179,185
179,186
180,181
180,182
180,183
181,642
181,655
182,271
183,187
183,188
183,189
183,190
183,191
184,187
184,188
185,187
185,188
186,191
186,203
187,192
187,193
187,194
187,195
187,196
187,200
187,201
188,192
188,193
188,197
189,193
189,194
189,195
189,203
190,192
190,193
191,192
191,193
192,198
192,199
193,294
194,198
194,199
195,198
196,198
196,199
196,202
196,203
197,198
197,199
197,200
197,201
197,202
197,203
198,204
198,207
199,204
199,205
199,206
199,207
199,208
200,204
200,205
200,208
201,204
201,205
201,206
201,207
201,208
202,204
202,205
202,206
202,207
202,208
203,204
203,205
203,206
203,207
203,208
204,209
204,210
204,211
204,212
204,213
204,214
205,209
205,210
205,211
205,212
205,213
205,214
206,209
206,210
206,211
206,212
206,214
207,210
207,213
208,209
208,210
208,211
208,212
209,215
210,215
210,221
210,235
211,215
211,216
211,217
211,220
212,215
212,216
212,217
212,218
212,219
212,220
212,221
213,215
213,216
213,221
214,215
214,216
215,222
215,229
216,222
216,225
216,226
216,229
217,222
217,223
217,224
217,225
217,236
218,222
218,223
218,224
218,225
219,222
219,223
220,227
220,228
220,234
221,222
221,223
221,224
222,230
222,231
222,240
223,232
223,234
224,230
224,231
224,234
225,272
225,299
226,233
227,230
227,231
227,235
228,230
228,231
228,235
228,236
228,240
229,230
229,231
230,237
230,238
230,239
230,242
231,237
231,238
231,241
231,246
231,247
232,237
232,238
232,240
232,242
233,239
233,242
234,237
234,238
235,237
235,238
235,239
236,237
236,238
236,239
237,248
238,243
238,244
238,250
239,243
239,244
239,245
239,246
239,247
239,248
240,243
240,244
240,245
241,243
242,243
242,244
242,246
243,249
243,254
243,285
244,249
244,251
244,252
244,253
244,255
245,256
246,249
246,250
247,249
248,250
249,256
249,257
249,258
250,256
250,257
250,258
250,259
251,256
251,257
251,258
251,259
251,260
251,261
252,256
252,257
252,258
252,259
252,260
253,256
253,257
253,258
253,259
254,261
255,369
256,268
257,262
257,263
257,264
257,265
258,262
258,270
259,262
259,263
259,264
259,266
260,265
260,267
260,269
261,262
261,263
261,264
261,265
262,271
262,272
262,275
262,278
263,271
263,277
263,286
264,271
264,272
264,273
264,274
264,278
265,271
265,272
265,273
265,274
265,275
266,271
266,272
266,273
266,274
267,276
268,271
268,272
269,271
269,273
269,279
270,338
270,348
270,369
271,344
272,280
273,280
274,280
274,281
274,282
274,283
274,284
275,280
276,280
276,281
276,282
276,285
277,280
277,281
277,282
278,280
278,281
278,282
278,283
279,280
279,281
279,282
279,283
279,286
280,287
280,288
281,287
281,288
281,290
282,287
282,288
282,289
282,290
282,291
282,292
283,386
284,287
285,287
285,288
285,292
286,312
287,293
287,294
287,295
288,293
288,294
288,295
288,300
288,301
289,293
289,294
289,295
289,296
289,297
289,298
290,295
290,298
291,293
291,294
291,295
291,301
292,293
292,299
292,311
293,302
293,305
294,303
294,304
295,302
295,303
295,327
296,587
297,302
297,335
297,339
298,302
299,425
299,430
299,433
300,302
300,303
300,304
301,302
302,306
302,307
302,308
303,306
303,307
303,308
303,309
303,310
304,309
304,311
304,335
305,306
305,307
305,308
305,309
305,310
305,312
306,313
306,315
306,317
306,319
307,313
307,314
308,313
308,314
308,321
309,318
310,313
310,314
310,315
310,316
310,317
311,502
312,313
312,314
312,315
312,316
312,320
313,419
314,322
314,326
315,322
315,323
315,324
316,322
316,323
316,324
316,325
316,333
317,322
317,328
318,322
318,323
318,324
318,339
319,322
319,373
319,485
319,606
320,325
320,327
321,442
322,514
323,329
323,331
324,329
324,330
324,334
325,329
325,330
325,331
325,332
325,335
326,329
326,348
327,329
327,330
327,333
328,329
328,348
329,336
329,338
330,336
330,337
330,338
330,340
331,341
331,389
332,336
332,337
333,336
333,337
333,339
334,336
334,337
335,336
336,342
336,343
336,344
336,345
336,346
337,342
337,345
337,348
338,342
338,349
339,342
339,343
339,344
339,346
340,342
340,347
341,368
341,378
341,390
341,391
342,350
342,351
343,350
343,351
343,352
344,350
344,351
344,354
344,369
345,350
345,351
345,352
345,353
345,354
345,355
346,352
347,350
347,353
348,350
349,355
349,376
349,379
350,358
350,362
350,363
351,356
351,361
352,356
352,357
352,358
352,359
352,360
352,370
352,376
353,356
353,357
353,358
353,359
353,360
354,360
355,356
355,357
356,364
356,365
356,367
357,365
358,364
358,365
359,364
359,365
359,366
359,369
360,364
360,365
361,364
361,365
362,364
362,366
362,370
362,376
363,364
363,368
363,383
364,371
364,384
365,371
365,372
365,373
365,375
365,381
366,371
366,374
366,381
366,383
366,384
367,371
367,372
367,373
368,376
369,371
369,372
370,371
370,384
371,378
371,380
371,382
372,383
372,384
372,390
373,617
374,377
374,379
375,377
375,378
375,391
376,377
376,381
377,385
377,387
377,393
378,385
378,386
378,387
378,388
379,394
380,385
380,386
380,389
380,390
381,385
381,386
382,385
382,386
382,387
382,390
382,391
383,385
383,386
383,387
383,388
384,391
384,416
384,432
384,434
384,436
385,392
385,394
385,395
386,392
386,393
386,394
386,395
387,392
387,591
388,449
389,392
389,616
389,623
390,511
391,441
393,397
393,399
393,410
394,396
394,398
394,399
394,400
394,401
394,402
394,403
394,404
395,396
395,397
395,398
395,399
395,400
395,401
396,405
396,406
396,407
396,408
396,409
396,410
397,558
397,600
398,405
398,409
398,427
399,405
399,406
399,407
399,408
400,692
401,405
401,408
402,405
402,406
402,407
402,408
402,409
402,410
403,405
403,406
403,407
404,405
405,411
406,593
406,607
407,411
407,412
407,413
408,412
409,411
409,436
410,411
410,427
411,414
411,415
411,416
411,417
411,419
412,418
412,420
413,414
413,519
414,421
414,586
415,421
415,422
415,424
415,428
415,430
416,421
416,423
416,426
417,704
418,421
418,427
419,421
419,422
419,429
420,421
420,422
420,423
420,425
420,454
422,514
422,531
423,431
423,435
424,431
424,432
424,443
424,458
424,460
425,431
425,432
425,460
426,431
426,433
427,431
427,436
427,443
429,432
430,431
430,434
431,437
431,438
431,439
431,461
432,437
432,438
432,439
433,440
433,441
433,442
434,457
434,463
435,437
435,438
435,439
435,443
435,460
435,461
436,437
436,438
436,439
436,440
436,441
437,444
437,470
438,444
438,470
439,444
439,445
440,444
440,447
440,448
441,444
441,446
441,461
442,444
443,444
443,445
444,449
444,450
444,473
445,451
446,453
447,449
448,449
448,452
448,454
449,459
450,536
451,457
451,487
451,489
452,455
452,456
452,460
453,455
453,456
453,457
454,458
454,459
454,460
454,461
455,603
456,462
457,462
457,464
458,462
458,463
458,464
458,465
458,466
459,463
459,465
459,466
460,934
460,937
461,503
461,512
462,473
463,467
463,482
464,467
464,468
464,469
464,470
465,467
465,468
465,469
465,471
465,472
466,468
467,474
467,476
468,474
469,474
469,475
470,474
470,475
470,476
471,474
471,475
471,476
471,489
472,474
472,475
472,477
473,504
474,478
474,481
474,504
474,512
475,478
475,479
475,480
476,478
476,479
476,480
477,478
477,480
477,482
478,483
479,488
479,513
479,518
480,483
480,486
480,488
481,483
481,484
482,483
482,484
482,485
482,487
482,489
483,490
483,491
483,492
483,495
483,518
484,490
484,491
484,492
484,493
485,522
486,490
486,493
486,494
486,495
486,496
486,500
487,490
487,491
487,492
487,493
488,490
488,491
488,492
489,627
490,499
490,503
491,497
492,497
492,500
493,497
493,501
493,505
493,550
494,497
494,498
494,502
494,504
495,497
495,498
496,497
497,506
497,509
498,506
498,507
498,513
499,506
499,507
500,508
501,510
501,517
502,506
502,507
502,508
502,512
502,518
503,506
503,507
503,511
504,506
504,507
504,508
505,506
506,547
507,515
507,517
507,519
508,514
508,516
509,525
510,514
510,518
511,514
511,515
512,514
512,515
513,514
513,515
513,516
513,517
513,519
514,520
514,521
514,522
514,570
514,649
515,520
515,521
515,524
515,526
516,520
516,523
516,525
517,520
517,649
518,627
518,630
518,632
519,651
520,699
521,634
522,569
523,527
523,528
523,529
523,530
524,529
524,530
525,527
525,529
526,527
527,531
528,532
528,536
529,534
530,531
530,532
530,533
530,534
530,535
530,536
531,537
531,538
531,539
532,537
532,541
532,542
532,543
532,544
533,580
534,537
534,538
535,545
536,537
536,538
536,539
536,540
537,552
538,546
538,551
539,546
539,553
540,547
540,566
541,546
541,547
541,566
542,805
542,966
543,548
543,550
544,546
544,547
544,559
544,566
545,546
545,549
546,554
546,555
546,556
546,557
546,560
547,554
547,556
547,560
548,816
549,554
550,554
551,895
551,904
552,559
553,554
553,557
553,558
554,564
555,561
555,563
556,705
557,565
557,571
558,562
558,566
558,601
559,561
559,562
560,561
560,562
561,567
561,568
561,607
562,569
562,570
562,572
563,567
563,621
564,567
564,568
564,569
564,571
565,568
566,969
567,581
568,574
568,575
569,573
570,573
570,576
571,573
572,584
572,597
572,607
573,577
573,578
573,585
574,577
574,583
574,584
575,577
575,580
575,581
576,577
576,578
576,579
576,582
577,586
578,589
579,586
580,693
580,795
581,590
581,592
582,723
583,588
584,586
584,593
585,586
585,587
585,591
585,657
586,594
586,595
586,596
587,594
587,618
587,629
588,597
588,600
588,666
589,594
589,596
589,610
590,619
591,598
591,651
592,594
592,595
592,601
593,594
593,595
593,596
593,599
594,608
594,669
595,602
595,603
595,605
595,618
595,632
596,602
596,669
597,602
597,603
598,602
598,607
599,606
600,679
601,604
601,608
601,639
602,612
602,614
603,608
603,609
603,613
603,615
603,617
604,719
604,774
605,610
606,611
607,743
608,838
609,674
609,736
610,616
610,617
611,618
611,619
611,621
612,617
612,620
612,628
613,616
614,762
614,784
614,858
614,876
615,687
615,713
616,633
616,664
616,690
617,624
618,626
618,695
618,712
619,622
619,623
619,624
619,625
619,627
620,769
621,623
621,706
621,734
621,758
622,629
623,728
624,652
625,630
625,632
625,669
626,728
627,628
627,629
627,631
627,633
628,637
629,634
629,650
630,658
630,659
631,635
631,636
631,638
632,634
632,635
633,652
634,869
634,903
635,639
635,640
636,642
636,644
637,639
637,643
637,653
638,641
638,673
638,674
639,645
639,646
639,647
640,902
640,936
641,645
641,650
641,651
642,647
642,649
642,674
643,648
644,652
645,656
645,664
646,660
646,675
647,884
648,654
648,658
649,653
649,657
649,665
649,673
649,675
650,655
650,659
650,681
651,653
651,661
652,668
653,667
653,856
654,711
654,725
655,662
655,663
655,664
656,662
657,662
657,663
657,669
658,663
658,668
659,665
660,663
660,707
660,723
661,662
661,666
662,670
662,671
662,672
663,724
664,728
665,689
666,670
666,675
666,797
667,672
668,670
668,673
668,674
669,671
670,676
670,731
670,806
671,676
671,677
671,678
671,679
671,680
671,682
671,683
672,830
672,909
673,676
673,679
674,684
674,747
675,676
675,678
675,681
676,703
677,684
677,686
678,904
679,687
679,688
680,685
680,690
681,891
682,684
682,686
682,689
682,719
682,727
683,684
683,691
685,694
685,713
686,783
687,695
688,823
688,829
689,692
690,692
690,693
690,714
690,723
691,692
691,693
692,699
692,700
693,696
693,697
693,698
693,786
694,696
694,697
694,799
695,697
695,701
696,703
696,798
697,707
698,706
698,790
699,718
699,724
699,750
700,702
700,703
700,704
700,705
700,710
700,737
701,703
701,708
701,709
702,717
703,716
703,718
704,713
705,711
705,712
705,720
705,744
706,725
706,762
707,788
708,719
709,714
709,805
710,711
710,715
711,730
711,741
711,808
712,725
712,728
712,755
712,758
713,722
713,757
714,727
715,721
716,724
716,757
717,721
717,726
718,752
718,808
718,817
719,723
720,726
720,729
720,745
721,731
722,731
722,745
723,735
724,734
725,733
726,736
726,769
727,734
727,737
727,770
728,735
728,774
729,731
729,732
730,832
731,742
732,738
733,741
734,738
734,747
735,739
735,740
735,743
736,738
736,866
737,744
738,913
739,746
740,886
741,747
742,773
743,753
744,745
744,833
745,748
745,750
745,822
746,749
746,777
747,751
748,752
748,758
748,801
749,754
749,757
750,755
750,965
751,752
751,753
751,756
751,759
753,825
754,761
755,867
755,894
756,760
756,763
756,775
757,762
757,867
758,913
759,764
759,839
761,768
761,769
761,784
762,766
762,770
763,765
764,767
765,771
765,774
766,872
767,848
767,941
768,772
768,773
769,775
769,776
770,947
771,777
771,803
772,779
772,780
773,778
774,777
774,813
775,975
776,781
776,817
777,782
777,784
778,786
778,787
778,789
778,790
779,782
779,785
779,788
780,783
781,907
781,926
781,981
782,796
782,800
782,833
783,799
785,793
785,794
785,797
786,791
786,900
786,918
786,993
787,795
787,796
787,820
788,798
788,820
789,791
789,881
790,792
790,848
791,805
791,950
792,999
793,801
793,803
793,806
794,833
794,837
794,850
795,801
795,802
795,803
795,804
797,847
798,802
799,819
799,820
800,875
801,807
801,844
802,807
802,808
802,810
802,811
803,809
803,954
804,812
804,843
804,902
806,813
806,845
807,854
808,815
809,818
809,886
810,814
811,816
812,877
812,903
813,814
813,817
814,819
814,827
814,901
815,824
815,825
815,845
816,819
816,821
816,822
816,823
817,820
817,898
818,987
819,912
819,939
820,827
820,828
821,826
821,973
821,974
822,956
822,988
823,830
824,826
824,832
824,833
825,828
825,829
825,831
828,837
828,839
830,834
830,836
831,834
831,905
832,834
832,835
832,838
832,856
833,834
833,835
834,853
834,902
834,964
835,842
835,858
836,840
836,841
836,845
836,848
836,854
837,843
837,844
838,841
839,840
840,846
840,870
841,866
841,872
842,847
842,848
843,993
844,849
846,850
846,882
846,929
847,852
847,854
849,851
849,853
849,855
850,884
851,857
851,858
852,857
854,859
855,856
857,863
857,865
857,879
857,901
858,861
858,864
858,868
859,860
859,862
860,868
860,870
860,873
861,872
862,871
863,975
864,867
864,869
865,866
866,902
868,874
869,877
870,876
872,878
873,875
873,891
874,881
874,882
875,880
875,884
876,879
877,879
877,883
877,885
878,903
879,887
880,893
880,894
881,890
881,891
881,892
881,895
881,906
881,926
881,932
882,915
882,921
883,889
883,907
884,886
885,888
885,938
886,900
886,910
887,897
887,899
888,896
889,901
891,902
891,929
892,914
892,969
892,977
892,981
893,903
893,904
894,898
894,900
894,1000
896,906
896,908
897,907
899,905
899,980
900,959
900,980
901,904
901,909
902,904
902,928
902,958
903,932
904,910
904,911
904,912
905,913
906,916
906,934
907,912
908,917
909,914
909,915
910,920
910,922
910,930
911,921
911,924
912,921
912,923
912,970
913,926
914,934
915,918
915,919
917,925
918,964
919,928
919,932
920,927
920,933
921,995
922,931
923,930
924,957
925,929
927,934
927,938
927,940
928,937
928,939
928,989
930,935
930,968
931,942
932,936
932,941
933,955
934,948
935,946
936,943
936,950
938,947
939,944
940,944
940,949
942,945
942,955
943,955
944,956
945,953
945,960
947,966
948,952
948,975
948,985
949,951
950,954
950,957
950,958
952,959
952,963
953,961
953,986
953,989
954,964
955,960
956,962
958,982
960,966
960,967
960,978
961,965
962,990
963,968
965,971
965,973
966,970
966,995
967,969
967,972
969,976
969,980
970,974
970,977
971,975
971,979
973,978
973,981
977,982
977,983
977,985
978,987
980,984
980,986
981,984
982,989
983,993
985,988
985,992
986,991
987,990
987,994
988,1000
990,995
991,997
991,999
992,996
992,997
994,998
<end>