<number of tasks>
100
<cycle time>
1000
<order strength>
0.597
<z_alpha>
1.280
<task times>
1 256 1579.1583
2 570 13972.1652
3 304 2632.3169
4 543 963.2005
5 436 10102.9541
6 307 3103.4346
7 580 3331.9943
8 331 5197.0797
9 482 7095.0249
10 624 3656.4599
11 519 10231.8418
12 341 1756.7131
13 548 1688.4122
14 419 6636.1149
15 482 4516.5049
16 519 15766.6917
17 621 17035.3864
18 390 9337.2589
19 406 5782.7510
20 561 13895.1030
21 613 6861.7154
22 473 13256.3095
23 432 7038.9821
24 462 12196.9762
25 439 8872.4704
26 571 6661.1171
27 679 14960.6244
28 612 12749.1368
29 516 10822.0167
30 437 33.4921
31 615 9900.9770
32 450 12370.8700
33 227 1998.6870
34 489 8400.0700
35 385 4174.5061
36 227 1893.1133
37 486 262.6884
38 308 1967.8390
39 629 13810.4289
40 666 24869.4619
41 780 5772.0153
42 435 7671.8478
43 310 5510.1510
44 486 11280.9641
45 441 539.5030
46 432 3209.4259
47 479 7063.7828
48 439 6303.2591
49 425 11033.2138
50 489 5052.7273
51 583 14124.1250
52 545 17246.4310
53 595 11368.9509
54 600 3773.4162
55 610 5532.3859
56 495 3083.6403
57 711 16941.2748
58 516 3667.9546
59 423 6963.5505
60 511 14311.6489
61 465 4216.3733
62 399 9625.2394
63 470 272.6050
64 461 5846.0647
65 503 12034.0426
66 593 15016.1961
67 496 13901.3777
68 510 14628.4743
69 416 9281.8661
70 648 21474.1019
71 337 7000.4066
72 570 11135.9933
73 474 2345.0307
74 425 1078.7019
75 526 1837.2422
76 417 8238.2967
77 535 1483.1092
78 597 15975.5928
79 584 16041.4707
80 508 10194.6918
81 534 3833.8895
82 622 23885.1982
83 459 12638.6122
84 290 1189.2257
85 484 9734.1530
86 346 4896.0748
87 584 17629.3739
88 471 9992.0090
89 643 19039.2654
90 654 830.8590
91 485 4113.9085
92 614 8192.5537
93 356 4121.9867
94 441 2291.2262
95 672 26658.6490
96 543 12246.8907
97 349 4666.7091
98 466 2865.1575
99 500 6024.7754
100 519 9300.5406
<precedence relations>
1,8
1,12
1,13
2,9
2,11
2,32
3,14
3,18
3,30
3,34
4,8
5,8
5,10
5,11
5,16
5,43
6,11
6,17
6,18
7,9
8,33
9,15
9,16
10,15
10,17
10,18
10,36
11,38
12,16
12,18
12,19
12,20
12,30
12,39
13,15
13,20
14,31
15,21
16,24
16,26
17,81
18,27
18,45
19,22
19,24
19,35
20,23
20,25
20,27
20,28
21,30
21,33
22,40
22,45
23,29
23,32
23,34
23,38
24,29
24,31
25,35
26,29
26,31
27,29
27,47
28,29
28,36
29,37
29,41
30,44
31,57
31,61
32,37
32,44
33,37
33,38
33,39
33,41
35,40
36,37
36,38
36,62
38,45
38,49
38,59
39,42
39,47
40,43
40,44
41,42
42,48
42,54
43,46
43,51
44,46
44,47
44,48
44,49
45,46
45,60
46,50
47,50
47,53
47,54
47,58
48,51
48,52
49,52
49,55
49,79
49,80
50,56
50,79
51,58
51,59
51,60
53,56
53,57
53,59
53,68
54,57
54,94
55,76
56,61
56,63
56,84
57,62
57,81
58,66
58,70
58,72
59,64
60,63
60,65
60,88
61,73
61,93
62,66
62,70
62,93
64,67
64,69
64,71
65,67
65,68
66,71
66,76
67,73
67,75
67,92
69,72
69,74
70,96
71,78
71,79
71,88
72,80
72,96
73,81
74,77
75,96
75,98
76,82
77,84
77,85
77,87
77,89
78,89
80,86
80,88
81,83
81,97
82,100
84,90
85,93
86,94
87,91
87,92
87,96
87,97
90,99
90,100
92,98
93,95
93,96
93,97
<end>