<number of tasks>
20
<cycle time>
1000
<order strength>
0.805
<z_alpha>
1.645
<task times>
1 575 4065.8204
2 457 4509.6879
3 602 5777.0668
4 555 15555.0957
5 647 11866.1026
6 536 5243.9621
7 673 3073.2702
8 453 8238.9396
9 776 3189.0373
10 577 6805.5193
11 666 21530.4473
12 479 635.5515
13 498 11579.9578
14 473 1870.4218
15 477 14185.0318
16 339 3545.0161
17 556 13364.1804
18 399 2540.7690
19 254 2058.2199
20 592 11609.0931
<precedence relations>
1,3
2,10
3,4
3,5
4,6
4,7
5,6
5,7
5,8
6,9
6,10
7,9
8,10
9,11
9,12
9,13
10,11
10,12
10,13
11,15
11,17
12,14
13,17
14,17
15,16
15,19
16,18
16,20
17,19
17,20
<end>