<number of tasks>
20
<cycle time>
1000
<order strength>
0.226
<z_alpha>
1.960
<task times>
1 206 5026.0354
2 588 13737.6511
3 425 34192.7614
4 549 4140.0327
5 42 212.3867
6 123 867.4572
7 323 12876.5548
8 335 22288.6080
9 86 1666.4900
10 265 7071.0564
11 46 251.2763
12 503 31304.9589
13 172 5676.2728
14 34 251.2190
15 232 4249.9080
16 116 2905.8589
17 206 3.7738
18 110 1128.8213
19 185 5122.1740
20 247 7899.5266
<precedence relations>
1,8
2,6
3,5
4,7
5,11
7,9
8,10
10,12
11,13
11,14
12,17
12,20
13,16
13,19
14,15
14,18
<end>