<number of tasks>
100
<cycle time>
1000
<order strength>
0.597
<z_alpha>
1.960
<task times>
1 505 2806.4096
2 710 18077.0219
3 602 20147.0432
4 423 10749.2855
5 509 4092.1549
6 411 10174.1718
7 625 17943.7312
8 529 10871.3686
9 519 13686.2818
10 384 4370.5963
11 541 662.6283
12 400 3444.2962
13 495 3713.7197
14 433 4094.5756
15 455 9919.7777
16 451 5664.1360
17 585 17402.1924
18 615 2226.8067
19 595 8065.6325
20 296 342.8406
21 635 20679.6591
22 379 4752.4124
23 578 3017.1244
24 658 3858.4852
25 430 8917.0802
26 587 7840.8926
27 517 7425.5415
28 338 4278.1741
29 355 7643.1529
30 433 4080.8429
31 461 3396.8730
32 563 17481.5419
33 300 2851.0783
34 465 2701.9078
35 599 2240.6048
36 631 10017.8070
37 338 1691.0698
38 574 14915.4862
39 745 4160.0858
40 498 1040.6367
41 455 1480.1474
42 544 8224.8154
43 425 1783.7056
44 529 10941.2839
45 543 13280.2810
46 542 17470.9770
47 321 5997.0955
48 561 17816.2075
49 517 790.1531
50 543 12790.3621
51 594 7157.5021
52 506 15762.1448
53 592 18824.8986
54 490 13914.4401
55 523 1821.0362
56 692 5673.8605
57 575 11474.6103
58 579 3976.3415
59 521 10817.3860
60 552 10556.3073
61 417 7352.1240
62 425 2590.2053
63 433 3098.3295
64 674 4209.1519
65 552 8268.6325
66 521 11726.5692
67 559 9825.1794
68 472 11111.9523
69 608 9722.3331
70 395 3501.8396
71 628 22540.1986
72 573 15081.3862
73 482 7196.4048
74 487 10101.9550
75 312 374.3282
76 666 11513.1126
77 422 7640.8896
78 528 3701.7628
79 332 2613.3205
80 727 990.6484
81 486 8604.9707
82 731 2896.3491
83 753 13009.3528
84 617 2760.1436
85 676 5539.2451
86 428 366.2934
87 323 1041.6279
88 481 9276.8794
89 572 12129.1942
90 606 1644.7611
91 449 1116.0063
92 654 13413.2576
93 738 13502.7719
94 409 10350.2275
95 680 19994.5815
96 303 988.7804
97 565 6030.2851
98 477 11267.9366
99 631 8412.3794
100 426 615.1311
<precedence relations>
1,4
1,7
2,5
3,4
3,5
3,6
4,8
4,9
4,10
4,12
4,13
5,8
5,11
6,8
6,9
6,10
6,11
6,12
6,13
7,8
7,9
7,10
7,11
7,12
7,13
8,14
8,18
8,19
8,20
9,15
9,18
9,19
9,20
10,16
10,18
10,19
10,20
11,17
11,18
11,19
11,20
12,18
12,19
12,20
13,18
13,19
13,20
14,21
15,22
16,24
17,25
18,23
18,26
18,27
19,26
19,27
20,26
20,27
21,29
22,31
23,28
24,30
25,31
26,31
26,32
26,33
27,31
27,32
27,33
28,36
29,34
30,35
31,36
31,37
31,46
32,36
32,37
32,46
33,36
33,37
33,46
34,38
35,40
36,39
36,41
37,41
37,45
38,45
39,43
40,46
41,42
41,44
41,47
41,48
41,49
41,53
42,50
43,51
44,52
44,59
44,60
44,61
45,53
46,88
46,90
47,56
47,60
48,54
48,55
48,56
48,59
49,54
50,59
51,57
52,58
53,75
53,77
53,84
54,60
55,60
55,61
56,61
56,82
57,62
58,63
59,64
59,67
59,68
60,65
60,68
60,69
61,66
61,68
61,69
62,75
63,70
64,71
65,72
66,73
67,74
68,75
68,77
69,76
69,77
70,78
71,81
72,82
73,79
74,83
75,80
75,81
76,80
76,83
76,84
77,80
77,83
77,100
78,86
79,87
80,85
80,90
80,94
81,88
81,89
82,90
82,91
83,96
83,98
84,88
84,89
84,91
85,92
86,93
87,94
88,96
89,95
91,94
92,98
93,97
94,98
94,99
95,100
96,99
<end>