<number of tasks>
100
<cycle time>
1000
<order strength>
0.597
<z_alpha>
1.645
<task times>
1 110 247.6788
2 103 526.5263
3 162 1468.0308
4 111 591.2393
5 179 1535.9194
6 211 740.3957
7 219 1607.1771
8 37 8.5687
9 119 739.3436
10 116 654.9969
11 96 499.7050
12 124 84.4631
13 64 87.9321
14 168 551.4902
15 157 1187.7663
16 148 591.8416
17 294 1004.8673
18 26 3.6951
19 87 203.7739
20 25 22.7344
21 27 24.7907
22 196 242.0755
23 121 573.6153
24 247 1502.9476
25 162 29.7127
26 96 476.9970
27 85 439.4644
28 137 1050.1167
29 59 132.2940
30 92 427.1922
31 76 121.6664
32 130 195.3804
33 42 79.5984
34 57 51.9878
35 78 65.8004
36 184 1441.4222
37 105 102.9910
38 48 8.5578
39 102 282.3499
40 112 505.8724
41 168 1203.2059
42 199 2321.9366
43 94 38.4390
44 238 976.7414
45 76 231.4730
46 73 58.1981
47 89 202.4590
48 86 398.8765
49 34 68.7356
50 231 1892.4156
51 101 612.0219
52 85 168.3738
53 78 55.5280
54 181 71.8199
55 195 1962.0619
56 48 47.8335
57 73 55.4041
58 86 75.0185
59 97 456.3476
60 84 378.8537
61 115 364.3336
62 62 109.2774
63 154 771.7057
64 134 381.0662
65 77 117.6151
66 74 254.9326
67 134 55.4477
68 120 308.0509
69 119 549.4020
70 338 6032.7661
71 68 192.3056
72 55 19.7936
73 237 2576.5936
74 147 1288.5822
75 155 513.9409
76 300 3441.3852
77 133 276.4285
78 113 171.6376
79 130 341.6564
80 157 1238.2293
81 139 500.3251
82 102 637.6953
83 56 130.6850
84 277 295.6657
85 152 618.5160
86 154 1218.2779
87 75 181.6903
88 195 2244.4745
89 23 30.1028
90 213 1497.3441
91 58 3.5583
92 126 471.4157
93 103 568.6197
94 214 2232.4192
95 31 26.0747
96 172 1611.1246
97 248 631.3987
98 37 22.7283
99 337 2765.6565
100 268 3544.2185
<precedence relations>
1,85
2,85
3,20
4,20
5,20
6,20
7,20
8,86
9,38
10,11
10,12
10,13
10,14
10,15
10,16
10,17
10,18
10,19
11,20
12,20
13,20
14,38
15,38
16,38
17,38
18,21
18,22
20,24
20,25
20,26
20,27
20,28
20,29
20,30
20,31
20,32
20,33
20,34
21,38
22,23
22,35
22,46
23,85
24,36
24,37
24,38
25,36
25,39
26,37
26,50
27,56
28,56
29,36
29,53
29,57
29,58
31,39
31,46
31,49
32,40
33,36
33,37
33,38
33,39
34,38
35,47
35,57
35,77
36,56
37,86
38,41
38,42
38,43
38,44
38,45
38,46
39,53
39,59
40,46
40,47
41,70
41,89
42,49
42,56
42,59
43,48
43,49
44,48
44,49
44,50
45,48
46,50
47,81
47,85
48,56
49,54
49,58
49,76
50,51
50,52
50,53
50,55
51,56
52,56
53,56
54,57
54,70
54,84
55,58
55,59
55,87
56,60
56,61
56,62
56,63
56,64
56,65
56,66
57,86
58,86
62,71
62,73
63,70
63,88
64,67
64,70
65,76
65,78
66,68
66,69
67,85
69,73
70,78
71,72
72,74
72,75
73,78
74,76
74,77
75,76
75,78
76,86
77,80
77,83
77,84
78,79
78,81
78,82
79,85
80,86
81,86
83,87
83,88
84,89
85,90
85,91
85,92
85,93
86,94
86,95
86,96
86,97
86,98
86,99
86,100
<end>