<number of tasks>
50
<cycle time>
1000
<order strength>
0.205
<z_alpha>
1.960
<task times>
1 591 4005.3186
2 293 1337.8695
3 291 1033.3450
4 579 13337.4980
5 486 1010.2821
6 593 9555.5853
7 438 1545.3219
8 413 10195.2714
9 401 540.5643
10 296 906.1563
11 467 11248.2363
12 392 5087.0767
13 542 11968.1913
14 293 3523.8287
15 757 5519.8378
16 452 12471.8236
17 433 6913.8030
18 528 9588.7511
19 288 1318.1003
20 466 5043.5263
21 379 3972.9344
22 446 6392.8795
23 407 9486.9701
24 339 6671.7375
25 391 2755.4298
26 187 1079.1804
27 424 4229.3025
28 585 14113.1485
29 341 2484.5154
30 794 8664.7633
31 419 1734.5036
32 503 4433.0773
33 530 14889.7773
34 569 8107.2058
35 661 24231.8883
36 452 2555.9299
37 498 8186.4951
38 356 3919.6898
39 316 686.8516
40 493 1649.7043
41 506 12408.5935
42 667 17073.2504
43 566 19414.9686
44 451 7362.5213
45 607 19344.4213
46 522 9406.8523
47 200 1131.9920
48 274 1089.6911
49 544 2514.4005
50 393 6367.5329
<precedence relations>
3,7
3,8
3,9
5,10
5,11
6,12
6,40
7,15
8,13
8,16
8,17
9,18
10,19
10,30
12,14
13,23
13,39
14,20
15,22
17,21
17,24
19,26
20,26
20,28
21,31
22,27
22,29
23,25
23,27
24,26
24,30
25,34
25,36
26,32
26,35
30,33
30,35
30,37
32,42
33,41
33,43
33,44
35,39
36,38
37,40
40,46
41,49
41,50
42,48
43,45
44,47
<end>