<number of tasks>
100
<cycle time>
1000
<order strength>
0.197
<z_alpha>
1.960
<task times>
1 414 4127.4693
2 353 6296.8601
3 496 13536.5051
4 724 6631.2677
5 567 17142.5536
6 506 8360.9548
7 337 950.3275
8 622 14535.5333
9 504 13801.6115
10 342 4468.9198
11 794 990.4851
12 455 11812.9802
13 567 9528.2320
14 461 8995.8863
15 380 4387.8177
16 429 7335.7233
17 421 187.1755
18 551 1641.3323
19 504 3098.3000
20 441 5332.1500
21 494 1046.2326
22 587 10534.0870
23 328 4256.6879
24 605 16277.9529
25 643 20421.5648
26 459 12329.5949
27 658 15904.1594
28 606 20144.3014
29 502 9235.1164
30 777 5259.6733
31 465 11482.2989
32 557 17120.9993
33 452 2440.1185
34 467 3208.3597
35 633 13469.2570
36 340 642.4161
37 238 2658.9054
38 587 2373.5132
39 565 7749.9121
40 586 1748.2564
41 494 2899.6986
42 541 12007.5867
43 447 5352.9742
44 533 120.5038
45 666 9226.4337
46 569 2270.9382
47 590 11018.4420
48 603 1993.1384
49 628 18630.4298
50 704 879.9439
51 449 10812.3577
52 520 6712.4906
53 501 3504.2193
54 467 1075.0314
55 283 3648.7064
56 396 1834.6576
57 513 2452.0788
58 553 4458.0652
59 423 2194.0712
60 459 56.0484
61 599 20346.3092
62 717 14640.3439
63 464 10669.6301
64 527 7516.7948
65 568 7052.9257
66 395 2709.5348
67 425 1643.9817
68 390 943.6456
69 609 19996.7800
70 396 7343.6693
71 421 924.4020
72 384 6578.1215
73 176 1203.0719
74 696 16551.4179
75 447 6205.1285
76 630 17086.6619
77 765 4018.0055
78 366 2087.0854
79 419 5330.9213
80 388 8287.6677
81 394 3329.9791
82 642 16146.3499
83 437 9090.1196
84 337 6967.4867
85 472 11127.0588
86 626 6529.9885
87 512 14827.1241
88 543 6010.2709
89 257 3466.9567
90 579 12188.8872
91 639 7791.5618
92 579 101.2837
93 617 10324.2718
94 487 11395.6168
95 681 12994.9727
96 456 9273.7242
97 529 5450.0565
98 589 18197.1733
99 701 14.2506
100 484 9481.1676
<precedence relations>
1,15
1,35
2,80
3,11
3,39
4,13
4,14
4,16
5,33
6,78
7,14
7,65
8,12
8,19
8,44
9,17
9,18
10,59
10,89
11,20
11,22
11,25
11,53
12,85
14,21
14,25
15,23
15,24
16,19
16,26
17,25
17,47
18,27
18,96
19,33
20,28
20,87
21,36
22,30
22,36
23,71
23,77
23,89
24,34
25,29
25,32
25,38
26,35
27,31
27,87
29,41
30,43
30,45
30,65
31,38
31,40
31,54
34,37
34,42
35,39
35,74
36,46
36,70
37,45
37,51
39,47
39,48
39,52
39,95
39,99
40,44
40,95
41,46
42,49
42,69
42,94
43,50
44,58
44,63
45,54
45,57
45,60
45,84
47,54
47,56
48,53
48,55
48,80
49,59
49,62
49,80
49,95
51,61
56,65
57,64
57,68
57,70
58,69
58,93
59,66
59,96
60,67
60,75
62,63
63,73
64,74
64,75
64,78
65,72
66,71
67,85
68,77
70,76
71,84
72,81
72,83
73,90
75,85
77,79
77,86
78,80
78,82
79,87
79,88
79,91
81,89
82,100
84,90
85,88
87,94
88,92
88,93
88,95
88,96
88,100
90,97
90,98
91,99
<end>