<number of tasks>
100
<cycle time>
1000
<order strength>
0.196
<z_alpha>
1.960
<task times>
1 528 18571.5918
2 148 1100.9999
3 376 7582.9409
4 539 31568.1388
5 428 18924.4734
6 538 29835.0521
7 507 21415.3984
8 234 401.8097
9 514 18682.1940
10 111 1854.3808
11 234 9594.9488
12 90 1014.6506
13 140 1532.0743
14 269 3656.1534
15 78 1226.1703
16 138 3666.1481
17 98 187.1917
18 506 3145.1006
19 76 1388.3854
20 299 3318.2285
21 161 4907.2130
22 53 378.4179
23 425 20076.9804
24 174 4811.5036
25 244 9647.6224
26 436 13216.1784
27 454 29439.9776
28 490 15836.6325
29 86 224.1636
30 336 9219.7098
31 183 1341.3661
32 336 5623.2976
33 86 327.3814
34 32 130.9107
35 181 4573.8397
36 298 444.3683
37 370 3864.8372
38 558 22469.6815
39 160 2871.4518
40 92 164.8866
41 360 1279.2157
42 282 3927.9371
43 145 2138.9852
44 172 3573.6567
45 48 187.3420
46 313 5731.6215
47 272 4460.9807
48 250 14404.7083
49 180 4449.8450
50 143 931.6674
51 335 22842.6557
52 315 10199.7024
53 126 3412.1321
54 219 4774.0961
55 143 1249.2763
56 402 11851.0197
57 104 62.3003
58 188 5962.1233
59 49 243.0431
60 238 4662.5318
61 461 3221.9977
62 487 21329.8309
63 386 26595.6115
64 120 271.0552
65 225 2491.1485
66 175 6314.0068
67 85 1505.6079
68 509 48328.1379
69 505 11127.5288
70 110 2214.8676
71 142 394.6331
72 312 24238.5316
73 21 19.1145
74 406 36323.4925
75 277 3988.1052
76 95 1069.6215
77 442 48128.4421
78 396 38791.8451
79 360 18714.8922
80 98 272.6300
81 451 11371.7680
82 316 8080.7262
83 250 10568.9911
84 157 3296.3743
85 151 2627.5031
86 299 19523.0372
87 63 600.3715
88 124 1383.1832
89 485 8029.3929
90 272 5670.5733
91 76 463.3701
92 222 7184.1864
93 132 3852.1527
94 102 1326.1443
95 282 1386.3365
96 173 4785.6625
97 267 4834.1499
98 155 1229.9628
99 234 5351.4973
100 59 707.9878
<precedence relations>
1,5
2,8
3,9
4,6
4,7
4,10
4,11
4,12
4,13
4,59
5,15
6,16
7,17
8,18
9,19
10,14
10,21
10,22
11,19
11,20
11,23
11,94
12,62
13,24
14,26
15,27
16,28
17,30
18,25
19,69
20,31
20,83
21,29
21,92
22,32
23,47
24,77
24,83
24,92
25,34
26,36
27,37
28,38
29,33
29,35
29,39
29,41
30,50
31,69
31,93
31,100
32,40
33,42
34,47
35,44
36,43
37,48
38,49
39,46
40,45
40,50
40,51
41,60
42,54
43,52
44,55
45,53
46,54
47,60
47,62
47,75
47,99
48,57
48,59
48,60
49,57
49,58
50,56
50,61
51,55
51,63
52,64
53,67
54,65
54,77
55,69
56,66
56,70
57,68
57,75
58,97
60,85
61,83
64,71
65,72
66,73
67,75
68,74
69,76
69,78
69,79
69,99
70,77
71,80
72,83
73,84
74,81
76,82
76,85
77,87
77,88
77,91
78,86
80,89
81,91
82,90
83,93
84,92
86,97
87,94
87,95
89,96
90,97
91,99
93,97
93,98
95,98
95,100
<end>