<number of tasks>
1000
<cycle time>
1000
<order strength>
0.595
<z_alpha>
1.645
<task times>
1 433 3641.6918
2 384 17756.6961
3 440 11503.8666
4 721 9048.7391
5 374 28733.4523
6 604 14130.1168
7 381 820.3824
8 608 29645.4586
9 588 4657.6921
10 554 47419.0718
11 556 10439.0787
12 566 1507.2445
13 576 15312.6884
14 375 1855.7573
15 557 30170.0674
16 613 12307.5012
17 493 59543.1906
18 564 30084.8462
19 532 53499.1628
20 575 29329.8722
21 726 11678.4227
22 501 20087.8938
23 381 17416.9486
24 614 38677.1652
25 639 23640.7708
26 510 27151.3656
27 599 39851.7348
28 528 44314.2571
29 438 26852.4022
30 569 7569.7116
31 378 30690.6514
32 582 873.1098
33 557 44969.7926
34 504 57.1035
35 426 22360.8080
36 542 52397.1155
37 397 551.4750
38 468 31761.5656
39 290 15403.4229
40 397 15145.2148
41 372 17670.6889
42 700 3222.7619
43 561 20954.1703
44 591 37715.3660
45 580 9258.7671
46 529 5344.6884
47 487 30071.1503
48 638 19046.3049
49 755 13614.3345
50 454 18052.5876
51 492 57678.6527
52 438 15773.0164
53 537 5678.1836
54 421 18425.5211
55 411 8563.9040
56 538 12503.3469
57 486 17829.1790
58 559 28652.6062
59 651 17564.8922
60 664 5083.0594
61 491 39530.7858
62 622 32817.8303
63 524 24778.3331
64 554 42598.9478
65 446 4651.1209
66 493 7897.9580
67 415 32004.4295
68 510 7046.7026
69 505 46374.1182
70 423 24103.4145
71 729 8490.0534
72 357 20862.4698
73 465 13277.6996
74 308 514.4019
75 490 27018.1660
76 557 22948.1036
77 488 30147.7845
78 337 5683.2032
79 549 6959.8034
80 384 19858.8060
81 446 2821.9211
82 502 53196.4306
83 392 10579.8413
84 456 13549.5551
85 400 14594.0411
86 529 45013.4133
87 548 30005.2985
88 507 23039.9898
89 215 1884.9906
90 436 26402.4259
91 386 11529.8598
92 560 1715.1734
93 354 8195.5771
94 623 5241.4922
95 416 38828.0765
96 560 14407.8740
97 555 51067.4164
98 604 26175.6238
99 633 19718.3389
100 654 30930.7840
101 544 1994.8103
102 467 9179.8707
103 720 13108.1096
104 691 4785.9471
105 707 15860.8458
106 347 610.1744
107 415 35349.2118
108 471 31087.9591
109 582 30041.6841
110 676 3099.5396
111 443 21399.7365
112 487 5334.3199
113 596 15680.5012
114 512 40091.3597
115 301 19401.4053
116 467 32130.7519
117 683 10213.8544
118 602 6282.2628
119 470 2323.7754
120 517 39236.4216
121 599 17917.8237
122 454 39144.5587
123 315 13688.0468
124 323 11519.4140
125 533 29098.4654
126 636 23784.4035
127 785 1069.1818
128 455 3143.3233
129 602 23982.9012
130 459 13041.5384
131 504 42556.4929
132 324 4302.9505
133 697 4644.3884
134 338 14447.0277
135 443 37892.7866
136 376 24768.1522
137 416 34997.6664
138 690 47.9785
139 333 15851.4379
140 534 14999.1579
141 560 10082.3957
142 515 43873.0787
143 496 60133.9951
144 442 20928.3940
145 361 14960.1502
146 689 22632.2644
147 444 43288.0208
148 495 24444.9105
149 651 30406.0335
150 724 1725.1187
151 547 33051.8345
152 287 11284.2694
153 424 20572.2831
154 622 34339.3382
155 566 21551.8847
156 532 22265.3296
157 284 3301.3358
158 240 8195.4710
159 667 2780.1468
160 524 47432.5908
161 557 31519.1263
162 467 42543.7004
163 646 29790.2516
164 388 31591.2550
165 477 51938.8575
166 185 5893.0760
167 515 17027.6891
168 422 4793.8204
169 575 13252.3475
170 576 36772.3738
171 525 22277.7954
172 540 49946.5561
173 310 4174.9478
174 362 17322.7676
175 638 8059.7226
176 248 4216.7624
177 382 20998.9933
178 556 50043.6791
179 514 35299.0390
180 444 167.2401
181 493 7643.2934
182 466 38094.0726
183 470 323.3997
184 381 28697.7991
185 470 25286.5610
186 600 4675.6106
187 420 39387.1670
188 667 20822.1186
189 473 16050.8929
190 565 8322.3627
191 630 15047.6156
192 486 41464.7889
193 452 27153.9508
194 580 31502.1707
195 510 16114.2864
196 326 2257.1171
197 463 33696.0128
198 515 39143.5964
199 378 28299.3264
200 461 29321.3416
201 301 10675.7973
202 304 3506.0370
203 326 20540.0107
204 613 11134.1117
205 355 14578.3830
206 410 16016.8644
207 272 9748.4472
208 435 8617.1355
209 526 18440.4829
210 579 19605.3761
211 274 17539.9059
212 219 6278.8678
213 532 49501.9678
214 255 7768.3822
215 438 45528.6446
216 479 56543.5135
217 365 1101.2845
218 208 8333.9919
219 571 14276.7477
220 532 24727.9326
221 456 5613.2072
222 553 1062.0004
223 511 9820.6536
224 382 3833.5477
225 376 31481.9744
226 539 22832.1693
227 603 14390.2316
228 611 3739.4525
229 740 6356.5868
230 336 4668.0590
231 387 37286.6452
232 491 32624.9291
233 410 33542.5315
234 347 5011.7199
235 250 8775.1220
236 496 5037.9047
237 609 27590.1863
238 374 24925.4824
239 506 48818.6936
240 567 13383.0953
241 390 26941.6781
242 457 51431.4216
243 403 4435.3600
244 489 20888.3977
245 621 12718.6985
246 327 4524.4601
247 559 42878.9568
248 562 6593.6956
249 425 39489.9735
250 561 38240.6072
251 495 5296.2664
252 573 40829.1595
253 482 23355.2515
254 517 11509.9249
255 488 34741.6348
256 615 36164.3919
257 498 30011.6384
258 450 33019.3206
259 589 19908.4352
260 596 16380.5814
261 628 35550.7262
262 300 3816.1534
263 275 10605.2595
264 496 58525.6408
265 579 23688.6430
266 458 18721.0733
267 294 17320.7850
268 603 12018.0544
269 403 17900.9906
270 492 22102.1080
271 466 9260.3104
272 354 30016.0165
273 363 28732.4913
274 642 11953.8299
275 473 10739.5002
276 520 34405.7870
277 296 15854.4218
278 270 5176.1225
279 682 16441.3203
280 404 3908.0488
281 394 33402.4975
282 675 6335.0334
283 407 1345.3712
284 660 10820.2931
285 431 7827.9952
286 582 33787.6418
287 410 25190.6877
288 300 1233.6241
289 651 17327.2531
290 709 16418.9662
291 359 13230.4575
292 556 39494.2955
293 531 56610.0720
294 654 9057.1423
295 418 20670.2349
296 452 26385.2968
297 512 8990.3169
298 437 16491.1251
299 510 38570.4123
300 619 26926.2210
301 500 15921.3625
302 264 683.2878
303 752 6525.6143
304 364 1985.6697
305 622 34828.6776
306 363 27834.9562
307 553 35723.8090
308 497 21623.4888
309 471 35529.0072
310 581 18015.1942
311 723 12657.5505
312 233 9309.3799
313 439 1988.2530
314 668 25756.2725
315 737 13766.5542
316 314 9874.1035
317 481 56769.2334
318 509 19890.0095
319 159 6210.2323
320 482 2933.5981
321 442 7449.9506
322 495 2156.8361
323 620 31794.3159
324 473 52546.0866
325 520 54456.8699
326 309 21337.0248
327 296 12089.9851
328 311 2789.7785
329 399 15077.4179
330 509 3800.3389
331 333 18388.3945
332 578 11322.3155
333 444 9643.4961
334 294 8074.7313
335 686 7904.8197
336 492 17262.7476
337 570 6948.2448
338 527 40414.2700
339 500 49252.9963
340 528 11954.4724
341 521 53400.6480
342 575 37894.7588
343 651 24062.8566
344 512 34943.8733
345 486 54205.1658
346 649 21886.0086
347 539 36200.2160
348 429 39939.2286
349 459 37730.5611
350 643 30057.1362
351 415 549.1071
352 547 2661.2145
353 584 3344.6822
354 508 54198.2906
355 498 46628.3504
356 472 9333.1980
357 716 9044.0934
358 577 25791.1099
359 655 26276.8877
360 597 2868.6034
361 497 47441.6435
362 754 5832.7978
363 486 40688.5503
364 639 698.3863
365 446 11560.5837
366 495 37881.9848
367 468 5157.7229
368 557 47568.3152
369 390 10366.1229
370 395 1607.0066
371 498 33631.7288
372 526 246.9214
373 456 23352.8449
374 425 45074.4543
375 319 3841.7579
376 432 34768.8208
377 628 32522.4941
378 496 19479.0622
379 416 38264.4754
380 795 3640.6594
381 560 47623.6625
382 463 19250.7677
383 487 40919.3263
384 702 11850.8679
385 500 10053.0025
386 573 9045.8119
387 467 6142.5723
388 432 1780.0296
389 636 33781.8888
390 299 8373.7552
391 525 32429.3604
392 765 4441.9458
393 508 45274.8694
394 572 47133.5341
395 491 10536.7223
396 512 61089.0110
397 445 30149.3574
398 614 9252.4472
399 661 12952.9351
400 626 4998.2977
401 583 13958.1930
402 333 4547.7518
403 506 35323.1751
404 504 764.2069
405 421 26427.2603
406 618 9328.7995
407 379 29218.7290
408 589 25267.7689
409 445 11854.4170
410 383 34111.4560
411 591 7815.5918
412 664 2687.8941
413 422 7338.3918
414 493 39849.1476
415 400 18249.4073
416 537 47105.7376
417 482 11186.7667
418 485 19546.1527
419 511 16202.2365
420 269 9707.2976
421 596 14542.2516
422 302 19848.1588
423 527 9706.4832
424 582 43037.1022
425 475 5393.1045
426 466 19469.3829
427 645 22239.8825
428 426 42298.5965
429 495 10115.3843
430 763 13588.7831
431 350 903.0912
432 561 22547.2138
433 462 26406.2156
434 586 42227.6045
435 337 3406.6042
436 600 19365.9757
437 435 43627.9605
438 428 13563.7909
439 369 14047.3325
440 404 19927.0582
441 439 6469.0671
442 671 23899.5744
443 403 1890.4193
444 377 14220.9904
445 461 32076.3000
446 424 10725.4914
447 600 38253.0350
448 393 14103.6067
449 314 11890.7267
450 371 10718.6673
451 274 13830.9045
452 596 2740.8692
453 448 7608.9598
454 511 6298.0263
455 673 5426.8158
456 740 9559.1948
457 557 13775.8519
458 346 28614.9711
459 380 1884.3673
460 644 30233.4090
461 256 11140.2264
462 508 37550.6070
463 519 41527.1684
464 554 20127.8030
465 410 26260.3294
466 686 18112.6408
467 276 6777.8493
468 462 13202.7630
469 468 22404.3682
470 479 24676.5776
471 514 1314.6726
472 681 6603.4996
473 527 14821.3227
474 449 18219.6912
475 429 24777.6144
476 451 44671.9373
477 613 412.1255
478 504 10864.8675
479 496 21366.9346
480 498 57101.9848
481 449 26934.4969
482 769 2798.1901
483 430 25131.7673
484 588 37431.0120
485 756 297.4992
486 485 39293.3662
487 580 23983.9784
488 477 37722.5928
489 554 32124.7363
490 723 4949.1776
491 681 24449.6880
492 465 37136.6318
493 365 15918.7934
494 513 55073.7168
495 782 6613.3594
496 316 17676.6683
497 520 52194.4087
498 649 31921.7011
499 536 54333.3869
500 596 22506.2918
501 618 29312.2937
502 288 2288.1212
503 451 34374.2099
504 351 14534.6762
505 237 2353.8122
506 579 9686.5572
507 583 36513.1897
508 438 39878.7660
509 416 33603.7884
510 534 13889.4911
511 530 18954.8425
512 394 31660.5537
513 505 13189.4185
514 662 13600.7025
515 462 15457.5148
516 441 30109.1043
517 346 14347.1307
518 710 4188.2468
519 454 48472.0486
520 569 3769.0036
521 398 34156.6571
522 410 30613.1016
523 408 256.2127
524 530 28837.2889
525 446 15305.7605
526 518 7337.2790
527 350 13443.2063
528 412 37948.0768
529 349 24306.9043
530 508 53937.9345
531 429 6821.8626
532 439 4809.6982
533 377 24703.9830
534 661 23029.8756
535 435 8432.6577
536 495 16574.4729
537 447 43527.9339
538 385 15323.6957
539 343 2803.9267
540 551 32561.5666
541 457 16904.7658
542 559 24029.8536
543 307 15607.6797
544 511 6671.7838
545 354 9730.1430
546 558 50164.8261
547 418 30396.5207
548 380 30139.0589
549 321 13970.3838
550 600 21038.3246
551 648 9922.3055
552 336 16380.2168
553 530 30608.1387
554 571 42731.4232
555 519 26802.4308
556 663 20561.6693
557 507 54144.6670
558 684 4416.4907
559 453 37326.8024
560 367 29659.2169
561 625 21425.1090
562 522 20828.1037
563 695 15112.4022
564 511 56487.5904
565 621 26475.5312
566 637 13298.3814
567 565 21268.8031
568 334 14853.3739
569 551 8481.6043
570 409 4264.6958
571 544 50669.6468
572 481 21977.1557
573 252 6251.8222
574 270 9500.1597
575 472 3195.9500
576 541 10605.7151
577 590 35239.9865
578 582 34799.5644
579 413 35455.2807
580 636 28865.7692
581 504 48801.9602
582 110 247.6594
583 498 33247.8933
584 442 3687.2051
585 385 26688.1720
586 571 20981.7746
587 551 19261.4758
588 385 30423.7803
589 305 15975.3632
590 568 43050.8398
591 678 21588.6946
592 563 14439.5145
593 513 4952.4425
594 520 13751.1745
595 397 4327.6711
596 537 27645.6579
597 286 434.6739
598 579 25517.0081
599 441 5120.0423
600 623 35961.9963
601 440 36747.1324
602 747 8516.1655
603 649 16578.3323
604 596 1424.3888
605 557 41396.3242
606 254 12329.6232
607 626 16492.6673
608 420 24134.3565
609 551 14129.8546
610 784 326.5194
611 567 43240.6415
612 651 28504.6003
613 344 10217.8901
614 419 27027.8294
615 511 53007.6141
616 735 12759.9590
617 453 41625.4671
618 534 35358.9985
619 625 10707.2115
620 340 593.5475
621 462 33339.1833
622 477 15226.0540
623 405 7231.4328
624 639 5633.5055
625 455 23064.9374
626 454 50023.9639
627 372 12208.3842
628 384 8145.6817
629 629 34913.7471
630 482 37418.8012
631 287 1600.2025
632 489 26270.7499
633 334 9462.1835
634 376 13998.8409
635 477 51193.7288
636 499 21759.6536
637 432 14393.0290
638 320 2804.8462
639 545 49651.4049
640 449 24591.5537
641 637 3847.9032
642 329 6901.8837
643 456 47354.8477
644 461 26183.1287
645 378 31004.8216
646 270 7338.0573
647 610 26823.4290
648 709 1271.6938
649 424 23773.5192
650 591 21839.3879
651 559 24810.8084
652 645 14722.8430
653 626 6648.1441
654 590 30902.8397
655 457 1490.9694
656 461 31274.4561
657 271 14878.5000
658 514 61030.6487
659 363 1863.2902
660 448 3509.2782
661 268 6930.6455
662 502 50810.5220
663 620 27127.8886
664 571 21996.5802
665 459 49202.3636
666 510 343.0565
667 522 47739.9135
668 711 2753.5727
669 724 18423.5068
670 551 35959.6990
671 360 14025.2442
672 385 13295.0232
673 568 5950.6946
674 566 30709.2558
675 606 12511.8708
676 557 28469.1579
677 552 32364.9793
678 438 27386.3534
679 519 37733.9963
680 492 34943.1212
681 648 30061.6413
682 338 10853.1478
683 599 28004.4780
684 746 8846.8094
685 554 39077.1173
686 639 14338.4161
687 559 22745.3493
688 541 39448.2597
689 395 33320.0528
690 308 44.8308
691 518 10838.6191
692 494 36337.7112
693 495 37869.3774
694 613 12177.3937
695 690 16781.7744
696 579 34852.0272
697 452 11488.9664
698 536 7378.8444
699 578 39847.2012
700 802 2078.5547
701 609 2838.7776
702 673 11785.7935
703 695 20024.4484
704 626 20151.5289
705 625 9760.3572
706 368 9347.8964
707 535 44723.3737
708 344 674.0086
709 446 35849.3675
710 573 29841.2513
711 526 41674.2962
712 470 266.2058
713 436 914.6344
714 457 14110.6954
715 761 5687.6314
716 639 2983.8549
717 508 27476.1058
718 691 18241.1120
719 527 49195.0428
720 574 17930.4027
721 696 15455.2037
722 469 26167.1506
723 399 27126.0077
724 612 31298.9528
725 547 5104.4928
726 448 29024.9190
727 461 34241.2619
728 563 31944.5528
729 626 4863.1271
730 374 10793.7195
731 465 18969.9907
732 473 16187.8054
733 532 39154.9377
734 694 7550.4778
735 549 33468.0080
736 745 5029.2919
737 589 37201.4553
738 440 44747.1069
739 602 29659.5407
740 283 8487.2959
741 455 31837.0896
742 778 6193.4376
743 646 23883.6332
744 694 6163.2915
745 616 28117.2688
746 609 38244.4205
747 786 9492.9328
748 433 24775.6566
749 282 18732.6429
750 506 14376.5549
751 515 38151.5644
752 564 19898.0438
753 421 34914.1526
754 494 22386.8246
755 492 6692.0895
756 348 10745.3243
757 403 35993.3017
758 360 722.7888
759 514 48795.1188
760 458 7254.3190
761 785 4052.3254
762 452 2328.7439
763 508 50104.1083
764 440 21343.3632
765 709 9455.2360
766 527 48363.1893
767 465 16002.8540
768 505 42952.5581
769 494 10508.1719
770 522 56638.5973
771 414 7134.8970
772 317 16876.9857
773 752 5979.1805
774 402 39718.1872
775 518 20275.1166
776 556 2623.5721
777 498 29276.8974
778 244 430.2794
779 283 18128.7521
780 694 5087.4135
781 727 5456.4196
782 375 27434.4578
783 587 20594.9873
784 532 19793.7472
785 342 23880.2943
786 495 57189.2831
787 448 6865.6108
788 452 43277.4350
789 463 31407.1451
790 477 50302.9964
791 509 32707.4065
792 350 1513.4159
793 347 16963.3106
794 401 5671.2180
795 492 18050.6315
796 353 16372.0383
797 356 1467.4295
798 478 38549.3238
799 534 13896.8363
800 409 15430.0171
801 767 11273.9818
802 631 25363.7283
803 783 8471.5044
804 374 14111.7886
805 544 2890.8798
806 654 10266.1667
807 553 7919.8349
808 524 12119.1465
809 475 55911.7809
810 630 1482.5836
811 310 1879.0192
812 528 40095.5153
813 662 8871.7174
814 586 12887.4412
815 493 36677.0132
816 537 21374.0987
817 686 23332.8010
818 471 11783.0519
819 441 4926.1142
820 442 43198.8980
821 533 35276.0936
822 548 1697.8800
823 540 12188.9388
824 460 26787.7076
825 608 23421.3422
826 598 31445.2941
827 268 10575.7707
828 528 47979.2572
829 614 214.2992
830 605 26726.2756
831 529 34598.3556
832 277 16698.5238
833 610 15967.4099
834 711 14394.2819
835 578 38562.4751
836 538 7645.2884
837 603 24943.1483
838 562 44867.4299
839 592 40607.7921
840 561 21506.1621
841 474 21788.9653
842 581 24497.6475
843 422 26625.6754
844 461 12801.4903
845 425 4443.8057
846 647 6934.2294
847 422 8215.2805
848 358 10103.3962
849 506 34487.9940
850 637 26001.5515
851 716 12474.9339
852 629 5367.2309
853 362 26102.5907
854 440 11613.0415
855 157 3998.6846
856 463 46743.0149
857 392 36047.4724
858 446 20066.3221
859 572 29870.0055
860 236 7126.1469
861 427 34458.8572
862 347 4322.9754
863 549 29096.7959
864 446 31451.4278
865 522 41629.5545
866 493 208.0019
867 524 53355.6976
868 273 8253.3577
869 121 1818.5448
870 413 17381.5739
871 737 8618.9707
872 396 32773.4348
873 632 24093.8746
874 512 15957.1745
875 470 33332.0663
876 407 35543.9206
877 459 2309.9387
878 457 6236.3076
879 314 13467.0015
880 589 33520.5697
881 573 35083.9531
882 367 5523.3276
883 646 13233.5446
884 479 7679.0417
885 602 26539.1458
886 492 8988.2405
887 547 47190.5994
888 521 38396.4065
889 389 31057.0712
890 566 42410.5521
891 652 12481.9128
892 683 11813.9550
893 357 20981.8522
894 515 10136.9590
895 639 31852.9683
896 451 23939.3791
897 548 8185.4333
898 272 2691.0130
899 240 13042.3021
900 626 7155.8930
901 479 4573.6979
902 404 9006.6185
903 524 3986.2349
904 591 36468.2886
905 593 28460.6392
906 406 15389.9566
907 600 31252.9731
908 427 21646.9644
909 518 1348.0557
910 532 585.7227
911 523 43630.6910
912 636 31265.9585
913 352 21798.1252
914 447 30944.0897
915 515 45331.1065
916 479 19202.9739
917 726 16276.9869
918 562 1967.5237
919 325 12863.7195
920 461 21746.0557
921 488 21932.9950
922 549 50461.5656
923 404 7866.1975
924 401 5582.8762
925 575 22549.3626
926 555 34107.9676
927 439 44259.8776
928 395 26688.9851
929 434 16412.5596
930 498 18022.3887
931 533 22105.8465
932 317 21923.7048
933 585 19445.4043
934 556 34411.5599
935 383 6245.5665
936 296 9438.4601
937 408 7347.2517
938 522 52114.7119
939 575 32909.9860
940 427 33617.2322
941 647 19420.1604
942 331 14451.9045
943 581 37073.0942
944 541 40891.3918
945 437 41201.5632
946 575 18521.1464
947 766 6467.3661
948 435 10153.4976
949 312 538.6902
950 484 25670.5903
951 404 10970.8045
952 366 15011.5240
953 422 9947.8490
954 436 40818.7456
955 402 2968.7088
956 363 18244.0995
957 223 3115.1431
958 615 421.0747
959 430 25356.7564
960 517 21785.6955
961 579 31514.2726
962 366 10019.0086
963 501 25252.1276
964 532 28370.0876
965 457 29858.5952
966 464 47064.7032
967 376 28703.8144
968 576 18192.4600
969 414 37220.7808
970 567 45391.5548
971 378 18899.8814
972 434 39148.3614
973 308 7628.7828
974 405 7084.5228
975 397 18166.1884
976 514 9710.8398
977 619 14013.3092
978 200 467.8110
979 634 30136.1238
980 573 4728.9518
981 629 6417.9574
982 511 43918.5475
983 394 31770.8530
984 342 28277.7604
985 566 46680.8112
986 436 8184.7200
987 432 2124.0732
988 685 22199.9472
989 677 17696.9505
990 478 11188.8980
991 711 18887.4687
992 591 11110.6846
993 629 27267.7918
994 690 358.8992
995 442 30017.4141
996 462 10715.3834
997 501 7412.5423
998 477 26115.9210
999 341 931.7809
1000 542 36483.3506
<precedence relations>
1,22
2,22
3,22
4,22
5,22
6,22
7,22
8,22
9,22
10,22
11,22
12,624
13,96
14,543
15,607
16,169
17,457
18,490
19,508
20,24
20,25
20,27
20,28
20,29
20,30
20,31
20,33
20,35
20,37
21,23
21,26
21,32
21,34
21,36
22,38
22,39
22,40
22,41
22,43
22,44
22,53
23,359
24,96
25,266
26,432
27,396
28,169
29,305
30,185
31,185
32,185
33,399
34,760
35,760
36,47
36,50
36,54
36,78
37,42
37,45
37,46
37,48
37,49
37,51
37,52
37,55
37,81
38,96
39,96
40,349
41,305
42,96
43,96
44,580
45,820
46,266
47,908
48,284
49,169
50,457
51,185
52,508
53,60
53,61
53,62
53,64
53,65
53,66
53,67
54,57
54,58
54,68
55,56
55,59
55,63
55,69
56,96
57,96
58,707
59,820
60,349
61,458
62,621
63,339
64,339
65,559
66,72
66,77
66,80
66,81
67,78
67,185
67,204
68,70
68,71
68,73
68,74
68,75
68,76
68,102
69,79
69,128
69,204
70,96
71,96
72,865
73,908
74,396
75,169
76,458
77,516
78,423
79,780
80,82
80,84
80,85
80,87
80,89
80,90
80,92
80,93
81,83
81,86
81,88
81,91
81,94
82,96
83,96
84,96
85,403
86,532
87,908
88,169
89,169
90,339
91,339
92,99
92,101
92,105
92,107
92,159
93,95
93,97
93,100
93,101
93,104
93,106
93,126
93,352
94,98
94,102
94,103
94,108
94,188
94,252
95,907
96,109
96,110
96,111
96,112
96,113
96,114
96,115
96,116
96,117
96,118
96,119
96,120
96,121
96,122
96,123
96,124
96,125
97,707
98,821
99,432
100,432
101,284
102,904
103,339
104,129
104,213
104,255
105,127
105,128
106,160
106,549
107,126
107,287
108,126
108,208
108,241
108,271
109,862
110,512
110,824
111,147
111,164
112,134
112,462
113,137
113,155
113,187
113,351
113,395
114,130
114,131
114,132
114,133
114,262
114,394
114,395
115,130
115,131
115,142
115,145
116,134
116,143
117,130
117,238
118,130
118,131
118,141
119,344
119,844
120,131
120,139
120,611
121,140
121,152
121,154
121,169
121,218
121,221
122,133
122,138
122,144
122,172
123,135
123,136
123,137
123,241
124,457
124,529
125,132
125,139
125,192
125,288
126,312
127,169
128,185
129,173
129,592
130,942
131,865
132,312
133,532
134,532
135,607
136,169
137,349
138,305
139,650
140,339
141,146
141,147
141,149
141,151
142,148
142,150
142,152
143,153
144,262
144,500
144,551
145,146
145,261
145,267
146,607
147,305
148,305
149,185
150,458
151,399
152,339
153,154
153,155
153,156
153,157
153,158
153,159
153,160
153,161
153,162
153,163
153,164
153,165
153,166
154,624
155,403
156,169
157,305
158,650
159,185
160,458
161,516
162,423
163,621
164,167
164,168
164,172
164,175
164,249
165,170
165,174
166,171
166,173
166,199
167,359
168,396
169,176
169,177
169,178
169,179
169,180
169,181
169,182
169,183
169,184
169,251
169,258
170,185
171,185
172,218
172,248
172,271
172,552
173,184
173,187
173,248
173,513
173,598
174,190
174,395
175,184
175,186
175,188
176,260
176,264
177,189
177,286
178,189
178,191
178,192
178,198
178,234
179,252
179,321
179,322
180,321
180,343
181,189
181,199
182,189
182,190
183,189
183,190
183,193
184,649
185,194
185,195
185,196
185,197
186,508
187,788
188,211
188,244
188,395
189,266
190,312
191,937
192,457
193,457
194,208
194,312
195,206
195,209
195,211
196,201
196,203
196,390
197,202
197,205
197,207
197,210
197,212
197,213
198,516
199,200
199,204
199,213
199,229
200,707
201,867
202,821
203,312
204,305
205,457
206,457
207,729
208,399
209,214
209,457
209,529
210,218
210,222
210,223
210,391
211,219
212,215
212,217
212,220
212,221
212,224
212,225
213,216
213,228
213,311
214,624
215,580
216,403
217,787
218,821
219,312
220,432
221,458
222,423
223,762
224,228
224,229
224,234
224,235
224,236
225,226
225,227
225,230
225,231
225,232
225,233
225,237
225,238
226,580
227,543
228,820
229,266
230,458
231,490
232,516
233,508
234,339
235,239
235,243
235,246
235,250
236,240
236,245
236,248
236,249
236,251
237,241
237,242
237,244
237,514
238,247
239,907
240,942
241,707
242,821
243,432
244,908
245,284
246,284
247,305
248,516
249,516
250,254
250,256
250,258
250,259
250,260
251,252
251,253
251,255
251,257
251,261
252,266
253,312
254,937
255,788
256,621
257,270
257,288
258,263
258,264
258,265
259,269
259,271
260,262
260,267
260,272
261,262
261,268
262,543
263,403
264,820
265,867
266,274
266,275
266,276
266,277
266,278
266,279
266,280
266,281
266,282
266,283
266,285
266,288
266,289
267,312
268,284
269,305
270,559
271,273
271,287
271,337
272,286
272,499
272,519
273,580
274,508
275,339
276,291
277,390
277,452
278,290
278,456
278,565
279,351
280,308
280,507
281,306
281,391
282,307
282,563
283,346
283,392
283,544
283,697
284,292
284,293
284,294
284,295
284,296
284,297
284,298
284,299
284,300
284,301
284,302
284,303
284,304
284,319
285,305
286,508
287,561
288,744
288,746
289,939
290,707
291,312
292,684
293,780
294,322
294,394
295,309
295,310
295,371
295,439
296,309
296,440
296,463
297,309
297,311
297,321
297,463
298,423
300,724
300,733
301,584
301,600
302,338
302,424
302,452
303,309
304,320
305,313
305,314
305,315
305,316
305,317
305,318
306,339
307,559
308,319
308,387
308,598
309,359
310,580
311,543
312,323
312,324
312,325
312,326
312,327
312,328
312,329
312,330
312,331
312,332
312,333
312,334
312,335
313,645
314,339
315,340
316,337
317,341
317,393
318,336
318,337
318,338
318,339
319,729
321,398
321,461
321,462
321,551
322,499
322,652
323,349
324,345
324,398
324,463
324,516
324,544
324,582
325,346
325,350
325,374
326,357
327,342
328,347
328,454
328,463
329,344
329,359
329,463
330,348
331,344
331,613
331,733
332,351
332,519
333,343
334,530
335,580
336,349
337,490
338,508
339,353
339,354
339,355
339,356
340,352
340,391
341,358
341,571
341,696
342,359
343,403
344,820
345,820
346,821
347,432
348,432
349,359
349,360
349,361
349,362
349,363
349,364
349,365
349,366
349,367
349,368
349,369
349,370
350,649
351,458
352,423
353,373
354,372
355,758
355,899
356,393
356,460
357,371
357,374
359,375
359,376
359,377
359,378
359,379
359,380
359,381
359,382
359,383
359,384
359,385
359,386
360,729
361,458
362,607
363,684
364,814
365,761
366,389
366,460
367,633
367,646
367,751
368,388
368,501
369,603
370,582
370,594
371,729
372,390
373,396
374,387
374,388
374,396
375,396
376,396
377,458
378,597
378,808
379,544
379,574
379,594
380,391
380,392
380,425
381,391
381,572
382,853
383,396
383,401
384,393
384,398
385,397
385,466
386,532
387,580
388,399
389,391
389,400
390,394
390,395
391,580
392,707
393,403
394,432
395,908
396,402
396,406
396,407
396,408
396,409
396,410
396,411
396,412
396,424
396,594
397,457
398,490
399,413
399,414
399,415
399,416
399,417
399,418
399,419
399,420
399,421
399,422
400,423
401,404
401,405
402,865
403,426
403,427
403,428
403,429
403,430
403,552
404,787
405,432
406,649
407,780
409,431
409,584
411,542
411,598
412,904
413,425
414,439
414,499
414,561
415,440
416,572
417,460
417,604
417,634
418,462
419,514
419,581
419,583
420,425
421,595
422,499
423,433
423,434
423,435
423,436
423,437
423,438
424,425
425,580
426,458
427,780
429,598
429,712
430,454
431,820
432,443
432,444
432,445
432,446
432,447
432,448
432,449
432,450
432,451
433,455
433,456
434,441
434,452
435,626
436,562
437,709
437,818
437,874
438,442
438,457
438,529
439,621
440,441
440,442
440,452
440,453
440,454
441,543
442,866
443,650
444,458
445,744
445,752
446,461
447,464
447,514
448,465
448,549
449,476
449,501
450,609
450,755
451,460
451,462
451,540
452,457
453,457
454,459
454,512
455,507
455,652
456,463
457,468
457,469
457,470
457,471
457,472
457,473
457,474
457,475
457,476
458,477
458,478
458,479
458,480
458,481
458,482
458,483
458,484
458,485
458,486
458,487
458,488
458,489
458,491
459,490
460,760
461,508
462,574
463,760
463,788
463,808
463,810
464,466
464,467
464,539
465,503
465,518
466,543
467,532
468,649
469,492
469,499
469,500
470,847
471,503
471,505
471,512
472,767
473,711
474,531
474,550
474,663
474,755
476,650
477,858
478,501
479,759
480,780
481,502
481,704
481,711
483,728
484,593
485,839
486,565
486,572
486,623
487,499
487,573
488,492
488,532
489,599
490,493
490,494
490,495
490,496
490,497
490,498
491,765
491,767
492,543
493,645
494,504
494,511
494,513
495,505
495,940
496,861
497,509
497,511
497,607
498,864
499,621
500,508
501,507
501,510
501,512
501,514
502,749
503,506
503,514
504,707
505,866
506,516
507,621
508,515
508,518
508,520
508,521
508,522
508,523
508,524
508,525
508,526
508,527
509,519
509,652
510,528
510,711
511,622
511,766
511,819
512,758
512,815
512,903
513,517
513,528
513,529
513,594
514,515
514,516
515,532
516,533
516,534
516,535
516,536
516,537
516,542
517,788
518,780
519,645
520,540
520,541
521,531
521,583
521,750
522,847
522,927
523,538
523,539
525,530
526,825
527,685
527,731
529,543
530,543
531,866
532,542
532,545
532,546
532,547
532,548
533,550
533,551
533,755
534,824
535,840
537,584
537,748
537,806
538,544
538,549
539,550
539,572
541,542
542,580
543,553
543,554
543,555
543,556
543,557
543,558
544,821
545,729
546,729
547,559
548,561
549,552
550,560
551,560
552,580
553,571
553,663
553,728
555,562
555,573
557,578
558,562
559,565
559,566
559,567
559,568
559,569
559,570
559,572
560,563
560,743
561,564
561,565
562,580
563,649
564,621
565,645
566,574
566,575
567,592
567,745
568,577
569,574
570,579
570,726
570,942
571,576
571,726
571,743
571,744
572,726
572,757
573,578
574,580
575,821
576,583
577,582
577,585
578,580
578,581
578,584
578,601
579,907
580,587
580,588
580,589
580,590
580,591
580,593
580,595
580,596
580,597
580,599
581,684
582,862
583,760
584,762
585,586
585,592
585,594
585,598
586,624
587,607
588,615
588,898
589,600
589,603
590,822
591,605
592,649
593,729
594,600
595,600
596,899
596,904
597,604
597,622
597,840
598,601
599,600
599,602
599,643
600,607
601,606
601,611
601,612
602,644
602,694
602,703
602,704
602,848
603,608
603,609
603,610
603,613
604,695
604,861
605,606
605,684
606,866
607,616
607,617
607,618
607,619
607,620
608,621
609,780
610,614
610,622
610,645
611,614
612,614
613,615
613,623
613,634
613,747
614,624
615,866
616,762
617,624
617,625
617,626
617,645
618,751
618,930
619,634
619,635
619,700
620,636
620,637
621,627
621,628
621,629
621,630
621,631
621,632
622,749
622,809
623,633
624,638
624,639
624,640
624,641
624,647
625,684
626,862
627,645
628,643
630,901
631,808
631,845
632,642
632,663
632,711
632,839
633,825
633,902
634,728
634,929
635,644
635,646
635,768
636,694
636,742
638,649
639,650
640,862
641,652
642,908
643,684
644,780
645,648
645,651
645,653
645,654
645,655
645,656
645,657
645,658
645,659
645,660
645,661
645,662
645,663
646,686
647,934
648,942
649,664
649,665
649,666
649,667
649,668
649,669
649,670
650,671
650,672
650,673
650,674
650,675
650,676
650,677
650,678
650,679
650,680
650,681
650,682
650,683
651,684
652,760
653,685
654,703
654,811
655,825
656,904
657,686
657,788
657,837
658,842
661,687
661,709
664,705
665,694
666,860
668,857
669,758
669,906
670,754
671,903
672,813
673,898
674,694
675,710
677,726
677,823
678,707
679,694
679,695
679,734
679,762
681,896
683,1000
684,688
684,689
684,690
684,691
684,692
684,693
684,694
685,745
686,710
687,749
687,768
688,697
688,698
688,756
689,758
689,761
690,695
690,696
690,699
690,701
690,704
690,705
690,727
691,703
691,856
692,700
693,695
693,838
694,702
695,942
696,707
697,908
698,729
699,904
700,762
701,762
702,709
702,710
702,711
703,712
704,706
704,730
705,708
706,942
707,713
707,714
707,715
707,716
707,717
707,718
707,719
707,720
707,721
707,722
707,723
708,724
709,727
709,728
709,759
710,725
711,852
712,726
712,761
713,866
714,811
714,900
715,865
716,732
716,780
717,850
717,865
718,730
720,731
721,755
721,854
721,930
722,866
723,902
724,729
725,851
725,901
726,935
727,817
728,746
729,735
729,736
729,737
729,738
729,739
729,740
729,741
729,742
730,780
731,733
731,734
731,743
731,744
731,759
732,745
733,787
734,821
735,748
736,763
736,835
737,750
737,751
737,855
738,914
739,749
739,752
740,747
741,746
741,928
742,753
744,751
744,786
745,749
745,754
745,755
745,760
746,937
747,760
748,762
749,757
749,807
749,821
749,822
750,759
750,761
751,758
752,763
753,763
753,765
753,766
754,756
754,764
754,766
755,938
756,942
757,908
758,862
759,788
760,767
760,769
760,770
760,771
760,772
760,773
760,774
760,775
760,776
760,777
760,778
760,779
761,780
762,768
762,781
762,782
762,783
762,784
762,785
763,786
764,843
764,915
766,788
767,787
768,788
769,835
771,806
772,843
772,901
775,839
777,939
778,796
778,849
778,902
779,795
779,797
779,851
780,789
780,790
780,791
780,792
780,793
780,794
780,903
781,796
783,810
784,913
786,797
787,798
787,799
787,800
787,801
788,802
788,803
788,804
788,805
790,808
791,818
793,914
794,806
794,810
795,807
795,853
797,809
798,811
798,814
798,875
798,942
799,813
802,811
804,836
806,815
806,817
807,820
808,814
808,838
809,812
809,816
811,820
812,821
813,818
813,824
814,930
815,825
816,823
817,819
817,822
817,999
818,907
819,865
820,826
820,827
820,828
820,829
820,830
820,835
820,930
821,831
821,832
821,833
821,834
823,896
824,836
824,837
825,905
826,841
827,929
829,838
829,843
831,852
832,839
834,842
836,840
837,856
838,865
838,895
839,848
840,844
840,845
840,847
841,849
842,846
844,867
845,913
845,914
846,853
847,851
848,852
848,861
849,850
850,937
852,857
852,904
853,854
853,855
853,856
853,858
854,908
855,862
856,863
856,864
857,859
857,860
857,902
858,861
859,865
860,866
861,867
862,868
862,869
862,870
862,871
863,873
863,874
864,872
865,876
865,877
865,878
865,879
865,896
865,998
866,880
866,881
866,882
866,883
866,884
866,885
867,875
867,886
867,887
867,888
867,889
867,890
867,891
867,892
867,893
870,894
871,942
872,915
874,875
874,895
874,901
875,907
880,928
884,899
888,898
890,914
891,897
892,900
893,901
897,907
898,904
899,903
900,902
901,905
901,906
902,907
903,908
904,909
904,910
904,911
904,912
905,913
905,914
906,915
907,916
907,917
907,918
907,919
907,920
907,928
907,929
908,921
908,922
908,923
908,924
908,925
908,926
912,927
916,930
916,932
917,934
920,935
921,985
926,933
927,931
930,937
932,940
933,936
934,939
934,941
935,938
935,940
936,942
937,943
937,944
937,945
937,946
937,947
937,948
937,949
937,950
937,951
937,952
937,953
937,954
937,955
937,956
937,957
937,958
937,959
937,960
937,961
937,962
937,963
937,964
937,965
937,966
937,967
937,968
937,969
937,970
937,971
937,972
937,973
937,974
937,975
937,976
937,977
937,978
937,979
937,980
937,981
937,982
937,983
937,984
939,985
942,986
942,987
942,988
942,989
942,990
942,991
942,992
942,993
942,994
942,995
942,996
942,997
964,998
968,1000
971,1000
983,999
<end>