<number of tasks>
100
<cycle time>
1000
<order strength>
0.597
<z_alpha>
1.960
<task times>
1 256 5593.4671
2 570 7679.6278
3 304 1102.6055
4 543 20731.7928
5 436 9445.7777
6 307 469.3126
7 580 44023.3158
8 331 13178.4983
9 482 7402.7461
10 624 16769.0464
11 519 9965.6251
12 341 14437.6246
13 548 15596.9116
14 419 42758.4812
15 482 57804.4381
16 519 31321.4091
17 621 18591.2484
18 390 5283.0709
19 406 37446.0598
20 561 41811.1629
21 613 10206.3872
22 473 27173.2067
23 432 34124.6345
24 462 9486.9662
25 439 34393.8807
26 571 8094.7214
27 679 682.7191
28 612 21657.6823
29 516 35486.0741
30 437 25015.8070
31 615 13465.8001
32 450 20552.6552
33 227 390.6678
34 489 18240.4736
35 385 2058.7612
36 227 10438.3479
37 486 56777.8713
38 308 14367.7379
39 629 28443.5241
40 666 6000.7513
41 780 3309.6149
42 435 21932.9209
43 310 24008.8015
44 486 23286.3178
45 441 10342.7317
46 432 1803.9434
47 479 34928.3279
48 439 20492.8991
49 425 21629.7158
50 489 3760.6258
51 583 10705.7905
52 545 36661.3599
53 595 23555.9014
54 600 23466.6331
55 610 8858.7629
56 495 30290.4890
57 711 16028.4919
58 516 21420.4724
59 423 34493.1413
60 511 61598.8924
61 465 46778.9036
62 399 9557.7629
63 470 51685.6569
64 461 52284.8355
65 503 25984.5435
66 593 16658.6152
67 496 34615.4616
68 510 33044.7280
69 416 6417.3073
70 648 17928.6550
71 337 21356.7684
72 570 2739.6959
73 474 26551.7697
74 425 19179.5971
75 526 20007.0125
76 417 1666.1037
77 535 21401.3369
78 597 23865.1188
79 584 32377.0802
80 508 59641.2861
81 534 52916.6829
82 622 31031.4209
83 459 39381.7856
84 290 4161.8729
85 484 51760.2654
86 346 16579.7937
87 584 34921.0946
88 471 12130.8356
89 643 874.8277
90 654 5470.8625
91 485 57609.7818
92 614 14852.1075
93 356 17024.6473
94 441 3429.8427
95 672 9861.2860
96 543 27964.2970
97 349 19660.6086
98 466 823.7885
99 500 48398.8559
100 519 2813.4686
<precedence relations>
1,8
1,12
1,13
2,9
2,11
2,32
3,14
3,18
3,30
3,34
4,8
5,8
5,10
5,11
5,16
5,43
6,11
6,17
6,18
7,9
8,33
9,15
9,16
10,15
10,17
10,18
10,36
11,38
12,16
12,18
12,19
12,20
12,30
12,39
13,15
13,20
14,31
15,21
16,24
16,26
17,81
18,27
18,45
19,22
19,24
19,35
20,23
20,25
20,27
20,28
21,30
21,33
22,40
22,45
23,29
23,32
23,34
23,38
24,29
24,31
25,35
26,29
26,31
27,29
27,47
28,29
28,36
29,37
29,41
30,44
31,57
31,61
32,37
32,44
33,37
33,38
33,39
33,41
35,40
36,37
36,38
36,62
38,45
38,49
38,59
39,42
39,47
40,43
40,44
41,42
42,48
42,54
43,46
43,51
44,46
44,47
44,48
44,49
45,46
45,60
46,50
47,50
47,53
47,54
47,58
48,51
48,52
49,52
49,55
49,79
49,80
50,56
50,79
51,58
51,59
51,60
53,56
53,57
53,59
53,68
54,57
54,94
55,76
56,61
56,63
56,84
57,62
57,81
58,66
58,70
58,72
59,64
60,63
60,65
60,88
61,73
61,93
62,66
62,70
62,93
64,67
64,69
64,71
65,67
65,68
66,71
66,76
67,73
67,75
67,92
69,72
69,74
70,96
71,78
71,79
71,88
72,80
72,96
73,81
74,77
75,96
75,98
76,82
77,84
77,85
77,87
77,89
78,89
80,86
80,88
81,83
81,97
82,100
84,90
85,93
86,94
87,91
87,92
87,96
87,97
90,99
90,100
92,98
93,95
93,96
93,97
<end>