<number of tasks>
20
<cycle time>
1000
<order strength>
0.800
<z_alpha>
1.280
<task times>
1 219 1257.3638
2 117 752.2956
3 134 554.5140
4 496 11531.0029
5 466 10145.8397
6 483 10976.0028
7 145 1211.2266
8 325 6515.2178
9 311 468.6705
10 142 1062.5702
11 550 461.9258
12 192 1073.3184
13 198 405.4705
14 237 1148.7458
15 136 337.4922
16 428 2600.1336
17 252 1069.3684
18 273 3868.6303
19 170 1764.4953
20 22 13.2875
<precedence relations>
1,3
1,4
2,6
3,6
4,5
4,6
4,7
5,8
5,9
6,8
6,10
7,8
8,11
9,10
9,13
10,12
11,12
11,13
12,14
12,15
13,15
13,20
14,16
14,17
15,19
16,18
16,20
17,19
<end>