<number of tasks>
50
<cycle time>
1000
<order strength>
0.200
<z_alpha>
1.960
<task times>
1 624 18323.8298
2 682 10076.9469
3 675 27445.0694
4 726 1841.8189
5 501 53089.6558
6 513 52496.3205
7 548 16939.9440
8 491 56418.1036
9 618 14103.1868
10 615 34723.9249
11 316 18086.2111
12 515 60221.9236
13 491 21748.8626
14 563 24074.2515
15 230 12669.4942
16 544 38934.8969
17 380 24200.0104
18 410 21878.0875
19 455 30385.7488
20 475 40046.4117
21 791 8756.6954
22 495 23135.2970
23 502 53619.2977
24 380 12336.6219
25 541 43604.5794
26 481 18977.9711
27 517 44537.2146
28 495 18647.2058
29 615 12422.2991
30 486 50324.9335
31 653 26288.5676
32 629 34135.6371
33 537 49802.3832
34 551 15098.1701
35 300 511.6370
36 758 13541.1802
37 476 7952.6880
38 451 22359.9101
39 418 22069.7137
40 687 5607.0937
41 604 11782.5444
42 357 20511.7487
43 382 34600.0689
44 394 11301.2021
45 415 30044.6338
46 557 31997.2528
47 504 17424.0818
48 402 16568.4218
49 356 3197.9220
50 487 33943.5517
<precedence relations>
1,9
2,10
3,11
4,8
4,49
5,12
6,12
6,13
7,17
8,14
9,15
10,16
11,17
12,31
13,18
14,20
15,19
16,21
16,22
17,24
17,31
17,35
18,23
18,25
19,27
20,28
21,29
22,26
22,31
23,30
26,32
27,33
28,35
29,34
30,38
30,47
31,36
31,37
31,39
31,47
32,40
33,42
34,41
35,44
36,45
36,48
37,45
38,43
40,47
41,46
42,48
43,49
43,50
<end>