<number of tasks>
100
<cycle time>
1000
<order strength>
0.198
<z_alpha>
1.645
<task times>
1 57 717.4006
2 113 3080.8827
3 210 10988.3372
4 207 2984.2252
5 135 35.4650
6 150 5003.8474
7 129 1622.1272
8 100 15.7498
9 135 2695.7672
10 21 23.4782
11 110 626.5775
12 78 820.8006
13 76 777.4922
14 93 182.6047
15 59 703.7725
16 94 2011.5447
17 223 10694.0646
18 108 1408.6485
19 195 4756.7115
20 166 2759.7826
21 225 10593.1636
22 99 1435.0060
23 251 15462.5270
24 22 52.6357
25 297 17780.5125
26 219 5160.6815
27 221 9417.5224
28 101 2480.4065
29 119 371.4637
30 91 1063.2783
31 62 747.8534
32 110 1836.7094
33 97 123.6864
34 71 1013.5611
35 120 88.4440
36 55 118.4723
37 48 304.4937
38 68 300.6511
39 87 786.0349
40 60 41.7547
41 73 1078.8112
42 41 230.1955
43 122 2891.1806
44 54 129.2791
45 295 14723.9127
46 23 100.5464
47 332 11483.3316
48 25 138.4620
49 124 219.1930
50 94 1594.1323
51 64 20.0797
52 531 53565.2596
53 222 7646.9075
54 81 366.6312
55 101 498.8872
56 93 2005.6776
57 78 1272.8214
58 270 326.7341
59 179 1525.5488
60 123 629.4612
61 234 10228.8574
62 91 627.1085
63 125 535.3454
64 192 4701.7152
65 262 17096.1563
66 85 811.4810
67 101 1115.1238
68 144 3664.2086
69 110 2352.3709
70 57 620.9768
71 113 918.4604
72 277 2099.2933
73 127 2662.3631
74 59 199.6991
75 259 6473.3150
76 72 708.7220
77 40 290.1728
78 61 530.5646
79 137 1513.8860
80 78 1389.9047
81 48 256.8259
82 206 4573.6299
83 212 7189.6075
84 93 1572.8046
85 167 2493.6979
86 145 5051.1321
87 85 1409.6429
88 70 245.4637
89 58 485.6628
90 94 1251.8451
91 114 747.1660
92 118 2014.5559
93 197 6047.5611
94 163 3457.8173
95 157 3754.1555
96 55 568.0374
97 180 4619.1974
98 76 78.3703
99 194 6951.2857
100 108 1873.5495
<precedence relations>
1,5
1,6
1,7
1,27
2,10
2,32
3,9
4,8
4,16
5,12
6,13
7,11
7,15
7,17
7,19
7,25
8,14
8,19
9,16
9,18
9,20
9,31
10,39
10,60
11,21
12,24
13,23
14,22
15,55
16,25
16,69
17,26
17,40
18,98
19,28
20,27
21,29
22,31
23,30
24,33
25,48
26,69
27,48
27,56
27,89
28,32
28,80
29,34
30,35
31,36
31,37
31,38
31,39
31,48
32,40
32,68
34,41
35,42
36,43
37,46
38,44
38,45
38,47
38,49
38,50
38,98
39,51
40,48
40,94
40,96
41,55
42,54
43,56
44,52
45,53
46,57
47,59
47,60
49,58
51,59
51,70
52,61
53,64
54,65
55,62
55,63
55,70
56,68
56,69
56,93
58,66
58,71
59,67
61,72
62,75
63,76
64,73
65,77
66,78
67,79
68,74
69,82
70,80
71,81
71,97
72,88
73,83
74,84
75,85
76,89
77,86
78,88
79,87
80,90
80,95
80,99
81,90
82,91
82,92
83,93
84,94
85,95
86,93
87,93
88,96
88,99
88,100
89,97
92,98
<end>