<number of tasks>
50
<cycle time>
1000
<order strength>
0.201
<z_alpha>
1.280
<task times>
1 45 118.2915
2 145 762.3932
3 212 389.0779
4 95 61.9221
5 210 1442.5852
6 132 998.9448
7 270 1883.4229
8 159 1432.9092
9 123 30.8683
10 212 2482.7208
11 142 1125.0830
12 95 85.8654
13 218 1139.6754
14 32 5.7541
15 49 59.9316
16 243 1368.1172
17 160 1057.0337
18 170 1799.8158
19 138 508.0602
20 42 95.7762
21 182 1741.2270
22 111 6.0567
23 123 564.2943
24 190 1001.4796
25 223 1708.7735
26 57 5.8053
27 236 1292.1109
28 127 926.6412
29 275 1488.2618
30 202 2186.9237
31 56 148.7285
32 61 152.2513
33 68 22.0316
34 211 1128.3460
35 102 201.6341
36 133 650.9291
37 289 1743.8020
38 79 337.0753
39 111 601.4474
40 294 2509.1662
41 242 2836.8264
42 113 432.4258
43 258 2545.6076
44 189 13.3457
45 128 942.2889
46 204 55.5200
47 38 26.5405
48 186 880.6899
49 264 1816.0839
50 157 881.5969
<precedence relations>
1,8
1,9
3,5
3,6
3,10
3,11
4,7
4,10
6,14
8,13
8,15
8,17
9,12
9,19
9,32
10,18
11,13
11,16
11,45
12,23
14,35
16,21
16,22
17,20
17,25
18,24
20,28
23,26
25,27
25,28
26,35
27,29
27,31
27,34
28,30
28,32
28,33
29,39
29,41
30,38
30,40
31,39
32,37
33,40
35,36
35,45
36,44
36,48
36,49
37,45
38,43
38,49
39,47
39,48
40,50
41,42
41,46
<end>