<number of tasks>
100
<cycle time>
1000
<order strength>
0.196
<z_alpha>
1.645
<task times>
1 195 1600.3941
2 134 346.5018
3 166 1038.3889
4 114 78.8059
5 59 43.6668
6 252 1977.6884
7 232 2029.6166
8 145 926.6400
9 356 509.9009
10 79 284.2051
11 311 5261.3773
12 35 61.7223
13 164 1668.2410
14 301 3468.4460
15 256 3808.3530
16 295 1234.3224
17 104 417.2819
18 73 53.6481
19 201 1893.4220
20 62 216.7304
21 34 43.2676
22 70 267.9057
23 35 8.7641
24 118 475.0864
25 47 54.0413
26 213 1479.0091
27 23 27.4251
28 63 115.6137
29 102 140.1160
30 144 316.7655
31 156 530.8805
32 140 694.4263
33 66 152.5180
34 237 1667.8883
35 128 152.9459
36 228 1684.4568
37 231 1124.5435
38 103 231.2541
39 283 4888.8129
40 151 750.0715
41 145 521.7382
42 187 1497.8880
43 88 424.9049
44 73 16.7871
45 159 949.3998
46 46 36.3351
47 178 1490.6179
48 163 133.5186
49 189 1200.2391
50 107 547.9082
51 249 679.7038
52 298 3766.7098
53 59 115.9360
54 201 1592.4938
55 87 69.5354
56 129 80.2306
57 116 60.0259
58 231 1259.8006
59 52 81.4730
60 59 0.4290
61 217 2607.8384
62 225 2778.3246
63 68 99.1413
64 217 1938.1016
65 150 1147.3321
66 45 43.7908
67 137 445.0047
68 166 550.9512
69 180 1243.3123
70 147 675.4954
71 238 2011.9725
72 192 1379.8437
73 205 1020.8108
74 282 4347.2516
75 34 53.2740
76 248 3379.1598
77 148 1300.3064
78 35 50.3471
79 98 526.2073
80 37 0.9153
81 48 117.9068
82 158 1503.1973
83 35 62.2706
84 158 852.1923
85 22 12.6279
86 185 1170.1555
87 24 26.0655
88 93 127.4193
89 277 2858.1446
90 250 2677.5556
91 31 46.9620
92 52 136.0759
93 78 200.4693
94 44 50.3262
95 193 1179.3302
96 257 279.8486
97 126 82.0674
98 94 11.7477
99 65 231.0149
100 122 142.2658
<precedence relations>
1,39
2,39
3,39
4,74
5,74
6,12
7,11
7,13
7,15
8,9
8,10
8,14
8,16
9,39
10,39
11,74
12,21
13,19
13,20
14,18
15,24
16,17
16,22
16,23
17,39
18,74
19,29
20,32
21,31
22,27
22,28
22,30
22,35
23,26
23,33
23,34
23,36
23,37
23,38
24,25
25,39
26,39
27,39
28,39
29,45
30,43
31,44
32,46
33,42
33,50
34,40
34,41
35,48
36,49
38,47
39,51
39,52
39,53
39,54
39,55
39,60
40,74
41,74
42,56
43,57
44,58
46,61
49,59
51,65
52,63
55,64
56,62
57,66
59,67
62,74
63,69
64,71
64,73
66,68
67,70
67,72
68,74
69,75
70,77
71,76
72,78
74,79
74,80
74,81
74,82
74,83
74,84
74,85
74,86
75,87
76,88
77,89
80,93
83,94
87,90
88,91
89,92
90,96
91,97
92,95
93,98
93,99
94,100
<end>