<number of tasks>
100
<cycle time>
1000
<order strength>
0.199
<z_alpha>
1.645
<task times>
1 86 384.8137
2 119 855.7368
3 317 3461.3138
4 105 609.8309
5 78 303.1762
6 102 498.4960
7 90 172.8437
8 87 121.3982
9 186 1992.3891
10 33 44.9231
11 243 3667.0379
12 123 195.2650
13 172 763.5102
14 166 499.1929
15 57 119.8814
16 347 113.6317
17 130 84.7039
18 28 3.4030
19 24 28.1287
20 96 0.0926
21 224 2322.2910
22 216 2700.0668
23 116 7.4837
24 80 146.0652
25 135 17.6491
26 52 110.7793
27 166 23.5884
28 175 1564.5169
29 202 2261.2376
30 100 301.0412
31 103 68.7340
32 45 100.8889
33 180 52.8436
34 97 244.3228
35 211 689.3056
36 200 1390.6985
37 156 980.3351
38 218 1004.3207
39 41 20.2571
40 131 322.9966
41 59 129.2867
42 71 56.2723
43 54 140.3949
44 67 217.0759
45 109 265.5176
46 208 613.5179
47 190 572.7069
48 34 17.1337
49 191 1847.0451
50 86 188.3613
51 33 7.0211
52 76 257.8802
53 33 4.1687
54 53 146.6104
55 174 89.0079
56 261 480.9175
57 65 32.7693
58 61 203.9035
59 201 1371.9056
60 41 82.8892
61 79 236.1382
62 230 2778.0285
63 205 1190.1555
64 31 55.8692
65 152 399.8126
66 220 1082.1058
67 36 10.5791
68 106 155.3753
69 38 52.1859
70 80 139.6236
71 164 1218.3047
72 99 292.2476
73 98 547.5885
74 95 485.4536
75 75 252.1888
76 51 102.1769
77 100 535.6695
78 268 3467.3673
79 41 61.3296
80 241 3049.2327
81 172 474.9211
82 25 27.2648
83 178 768.7452
84 115 534.7912
85 68 278.7409
86 96 393.2223
87 173 133.9592
88 136 1129.2340
89 141 1221.6431
90 64 174.2614
91 150 487.1808
92 52 73.8334
93 166 173.7199
94 131 383.9757
95 205 1003.0994
96 305 1069.0371
97 72 295.1687
98 49 72.0554
99 76 179.7161
100 219 1680.4317
<precedence relations>
1,12
2,20
3,15
3,16
3,20
4,13
5,11
5,14
5,57
7,95
8,10
9,17
10,23
10,24
10,26
11,19
12,68
13,25
14,18
15,21
15,22
15,61
16,23
17,20
18,28
18,36
18,37
18,54
19,33
20,27
20,30
20,34
21,77
22,29
22,32
23,35
24,31
26,28
26,73
27,44
28,38
29,46
30,45
30,73
31,41
31,42
33,39
33,54
34,43
37,40
38,52
38,99
39,50
39,65
41,51
41,81
42,47
42,48
44,69
45,49
45,81
46,73
47,57
48,56
49,54
50,53
50,55
51,72
52,58
52,59
52,60
52,61
54,64
55,67
56,65
56,93
57,66
59,62
59,69
59,70
59,71
61,63
61,68
62,75
62,76
64,79
67,72
67,73
68,74
68,77
68,88
69,80
70,100
71,78
73,82
73,83
73,84
76,88
80,81
81,90
82,87
82,89
82,91
83,86
84,85
84,88
84,92
84,93
86,97
86,100
87,99
89,94
89,96
91,98
93,95
93,97
<end>