<number of tasks>
100
<cycle time>
1000
<order strength>
0.895
<z_alpha>
1.280
<task times>
1 29 105.4331
2 34 49.8694
3 24 76.4887
4 191 1156.3384
5 142 1868.1993
6 71 726.8026
7 111 573.9878
8 302 7392.7392
9 100 2322.6181
10 118 1932.1469
11 56 529.8336
12 137 496.6913
13 294 8479.6770
14 79 1043.9766
15 213 10690.9425
16 80 1154.4559
17 284 12865.5692
18 226 10612.0347
19 30 95.7092
20 119 2931.6603
21 262 9645.2353
22 149 4445.4691
23 94 865.4051
24 103 2601.8497
25 83 1438.9387
26 100 2155.6344
27 115 231.1879
28 98 1872.6130
29 286 10930.2394
30 223 8703.7402
31 88 1352.7619
32 185 4617.1436
33 133 4334.3155
34 181 826.9554
35 201 2313.4139
36 237 4743.9283
37 58 42.2733
38 166 2784.1749
39 25 60.9007
40 201 8708.4298
41 102 2559.0368
42 184 5596.3516
43 254 367.6487
44 50 61.5151
45 71 1072.4255
46 200 3244.0606
47 224 7514.4698
48 155 1346.6698
49 118 2613.1304
50 217 11626.4553
51 216 6896.1416
52 111 2998.0069
53 234 12024.2434
54 315 10139.0552
55 125 2957.5633
56 225 5519.2391
57 212 9540.8379
58 124 1931.1027
59 52 382.6751
60 247 13434.9927
61 225 10938.3731
62 74 528.5062
63 64 289.8945
64 44 46.7837
65 71 1118.7736
66 114 3149.0673
67 68 1.5963
68 30 11.2732
69 274 4546.3336
70 54 379.3907
71 30 119.7757
72 127 3911.7235
73 112 1442.9976
74 66 231.9529
75 85 1699.8823
76 109 1942.6125
77 122 371.6386
78 208 6727.4546
79 75 1366.7611
80 131 3553.5457
81 150 936.5861
82 80 378.7359
83 60 813.3762
84 150 4944.4976
85 51 357.6731
86 91 1777.8549
87 109 907.7868
88 244 8898.4292
89 164 2598.9696
90 30 1.7356
91 243 3810.9082
92 158 1731.5750
93 94 2178.3922
94 125 3266.1612
95 96 1674.0175
96 86 280.2729
97 59 844.4658
98 203 6939.3200
99 89 1315.8424
100 102 2242.8099
<precedence relations>
1,3
1,4
1,6
2,3
2,4
2,5
2,6
3,7
3,8
3,9
3,10
4,7
4,8
4,9
4,10
5,7
5,8
5,9
5,10
6,7
6,8
6,9
6,10
7,11
7,12
7,13
8,11
8,12
8,13
9,11
9,12
9,13
9,14
10,11
10,12
10,13
10,14
11,17
11,18
12,15
12,16
12,18
13,15
13,16
13,17
13,18
14,15
14,16
14,17
14,18
15,19
15,20
15,21
16,19
16,20
16,21
17,19
17,20
17,21
18,19
18,20
18,21
19,22
19,23
19,24
20,22
20,23
20,24
21,22
21,23
21,24
22,25
22,26
22,27
23,25
23,26
24,25
24,26
24,27
25,28
25,29
25,30
26,28
26,29
26,30
27,28
27,29
27,30
28,31
28,32
28,33
28,34
28,35
29,31
29,43
30,31
30,32
30,33
30,34
30,35
31,36
31,39
32,36
32,37
32,39
33,36
33,37
33,38
33,39
34,36
34,37
34,38
34,39
35,36
35,37
35,38
35,39
36,94
36,97
37,40
37,41
37,42
37,43
38,40
38,41
38,42
38,43
39,40
39,41
39,42
40,65
40,67
41,44
41,45
42,45
42,50
43,44
44,46
44,47
44,48
44,49
45,46
45,47
45,77
45,78
45,79
46,81
46,97
47,72
47,83
47,87
48,50
48,51
49,50
49,51
50,52
50,53
50,54
51,52
51,53
51,54
52,55
52,56
52,57
53,55
53,56
53,57
54,55
54,56
54,57
55,58
55,59
55,60
56,58
56,59
56,60
57,58
58,61
58,63
59,62
59,64
60,64
61,67
62,66
62,67
63,65
63,67
64,65
64,66
65,68
65,69
66,68
66,69
67,68
67,69
68,70
68,71
68,72
68,73
69,70
69,71
69,72
69,73
70,74
70,75
71,74
71,75
72,80
73,79
73,82
74,76
74,79
75,77
75,78
75,79
75,81
76,80
76,81
76,85
77,83
77,84
77,85
77,89
78,80
78,82
78,87
79,86
80,88
80,89
81,87
81,96
82,86
83,86
83,96
84,95
85,88
86,94
86,95
87,89
88,90
88,91
90,92
90,93
90,94
90,95
91,92
91,97
92,96
95,97
95,98
95,99
95,100
<end>