<number of tasks>
100
<cycle time>
1000
<order strength>
0.198
<z_alpha>
1.645
<task times>
1 113 787.1901
2 98 529.9256
3 238 5785.6121
4 175 3871.9562
5 99 2148.0024
6 188 2999.1705
7 207 1459.8230
8 125 91.8945
9 126 1827.1139
10 106 1138.7655
11 43 127.0340
12 175 57.3848
13 53 77.3422
14 29 48.1952
15 181 7575.6699
16 164 5637.7295
17 230 4542.5960
18 134 1383.7075
19 186 6629.6557
20 150 5506.4733
21 86 1282.7530
22 182 2935.2445
23 184 1315.2573
24 131 461.1172
25 197 9676.4383
26 115 2412.2767
27 198 5504.3156
28 125 1594.3178
29 31 210.7533
30 80 160.5049
31 79 1153.3401
32 240 12927.1336
33 80 1502.1990
34 235 4374.0456
35 43 297.2321
36 348 1417.2750
37 113 216.1707
38 64 51.8681
39 94 382.9484
40 126 2411.9248
41 218 5127.5948
42 98 144.5517
43 34 102.9370
44 117 1355.9647
45 172 2731.8582
46 144 2331.2783
47 198 3292.3235
48 29 136.0198
49 76 414.0496
50 68 121.0815
51 41 392.5648
52 224 4887.7546
53 119 1055.1067
54 263 8670.3816
55 90 105.2229
56 26 81.2898
57 202 7456.3786
58 90 586.2287
59 59 488.9069
60 257 15206.6900
61 229 9771.9644
62 21 72.8562
63 162 4937.5272
64 79 1373.0196
65 257 15777.1794
66 195 7607.1089
67 316 937.9815
68 67 215.1865
69 104 617.8228
70 157 263.1979
71 69 648.4122
72 190 4047.1333
73 75 990.4756
74 281 13326.4506
75 60 804.9475
76 67 456.4620
77 265 2620.4195
78 195 1272.8881
79 231 4696.7744
80 152 613.9083
81 417 11864.3591
82 104 25.0136
83 118 3259.0336
84 154 1675.0019
85 202 5969.1912
86 164 5962.2397
87 153 5243.3582
88 194 1165.7765
89 196 5527.7579
90 144 2724.8146
91 47 199.4956
92 217 3041.5164
93 41 251.5575
94 200 8379.8204
95 144 1357.4689
96 114 743.8029
97 165 6182.6372
98 29 36.4858
99 36 179.0035
100 77 860.3543
<precedence relations>
1,41
2,41
3,34
4,10
4,14
5,15
6,16
6,17
6,18
7,13
8,11
8,12
9,19
10,41
11,34
12,34
13,34
14,29
15,22
15,27
16,23
16,26
16,28
16,31
17,24
18,20
18,21
18,25
18,30
20,41
21,41
22,41
23,34
24,34
25,34
26,34
27,35
28,36
29,37
30,32
30,33
30,38
31,39
31,40
32,41
33,41
34,42
34,43
34,44
34,45
35,47
36,46
37,48
41,49
41,50
41,51
41,52
44,56
46,53
48,54
48,55
48,57
49,58
49,59
49,60
50,62
53,61
57,63
58,64
59,65
60,66
61,67
62,68
62,69
62,70
64,73
65,75
66,71
67,72
69,78
70,74
70,76
70,77
70,79
71,82
72,81
74,80
74,84
74,85
79,83
80,87
81,86
82,90
83,88
83,89
83,91
83,92
84,93
86,94
87,96
88,95
90,98
90,100
91,97
92,99
<end>