<number of tasks>
100
<cycle time>
1000
<order strength>
0.595
<z_alpha>
1.645
<task times>
1 271 3141.7327
2 86 336.5693
3 155 4230.7218
4 572 29155.0888
5 424 12346.3001
6 452 32901.9658
7 191 5556.0497
8 492 36412.2782
9 113 1617.9549
10 27 179.5379
11 144 626.1233
12 174 4273.7228
13 223 11494.3956
14 132 2022.1794
15 586 32362.0869
16 302 20631.0093
17 165 2215.7895
18 333 26027.4587
19 113 2399.9911
20 186 7898.7986
21 458 11441.4542
22 65 963.5497
23 401 30310.8949
24 367 13930.3616
25 367 32190.1936
26 82 1651.9944
27 520 56505.0249
28 101 679.0981
29 237 12026.8441
30 348 23176.9218
31 426 27430.9398
32 527 25095.7722
33 189 3804.2774
34 532 49314.3045
35 240 12206.8662
36 55 70.4325
37 47 16.0888
38 366 4622.6515
39 200 7287.6191
40 183 5511.2506
41 139 943.9316
42 124 154.8219
43 194 9040.0440
44 45 191.9716
45 292 2261.3631
46 218 5862.5296
47 205 2149.6791
48 248 1279.5405
49 427 25614.7896
50 146 2242.6663
51 230 5514.1348
52 170 3383.1259
53 162 5165.6339
54 532 56293.2534
55 208 3304.2875
56 30 107.3863
57 136 3049.2213
58 42 49.0309
59 572 12828.3154
60 234 4692.3462
61 429 6212.1329
62 509 27647.6456
63 490 40588.0692
64 151 3197.1590
65 124 1348.1321
66 161 6047.1426
67 220 4268.5892
68 243 1191.3601
69 259 9021.8630
70 81 992.6380
71 253 4164.5870
72 423 25402.6348
73 77 1304.2028
74 163 682.0823
75 373 15886.5622
76 72 707.2313
77 254 6913.7742
78 47 244.3722
79 193 999.6005
80 438 33890.2506
81 265 4522.9918
82 117 2396.6877
83 264 3781.3956
84 94 202.2379
85 172 1710.7001
86 542 3976.4330
87 155 5321.7710
88 173 4409.3881
89 91 2066.5283
90 30 52.5787
91 55 342.9881
92 164 4330.8594
93 478 38587.3169
94 385 24177.3812
95 159 4912.6869
96 104 1987.5078
97 100 1027.8392
98 30 65.8140
99 207 8177.3859
100 198 5492.8385
<precedence relations>
1,33
2,33
3,45
4,45
5,60
6,60
7,8
7,9
7,10
7,11
7,12
7,13
8,33
9,45
10,45
11,92
12,14
12,18
13,14
13,15
13,16
13,17
13,23
13,34
14,33
15,60
16,60
17,60
18,19
18,20
18,21
18,22
18,23
18,24
19,33
20,33
21,33
22,80
23,26
23,27
23,29
24,25
24,28
24,30
24,31
24,32
25,33
26,33
27,33
28,33
29,45
30,92
31,60
32,34
32,35
32,36
32,37
32,38
32,47
33,39
33,40
33,41
33,42
33,43
33,44
34,60
35,60
36,60
37,60
37,73
38,46
38,75
38,79
38,81
39,45
40,92
41,60
42,47
42,48
42,62
43,45
44,46
44,56
44,57
44,61
44,62
45,49
45,50
45,51
45,52
45,53
45,54
45,55
45,58
46,92
47,49
47,57
47,75
48,56
48,73
49,80
50,60
51,74
51,75
51,76
51,79
52,86
53,61
53,81
54,59
54,62
54,79
55,59
56,60
57,74
57,77
58,59
58,60
59,80
60,63
60,64
60,65
60,66
60,67
60,68
60,69
60,70
60,71
60,72
61,73
62,81
62,100
63,74
63,75
63,76
63,77
64,74
64,79
66,74
66,75
67,77
67,78
68,76
68,79
68,87
69,74
69,76
71,74
71,78
71,79
72,74
72,79
73,78
73,80
74,80
75,80
76,81
76,91
77,87
78,90
80,82
80,83
80,84
80,85
80,86
80,87
81,94
82,88
82,100
84,89
84,90
85,89
85,91
86,91
86,93
86,94
87,93
88,92
89,93
90,94
90,95
91,95
92,96
92,97
92,98
92,99
93,100
95,100
<end>