<number of tasks>
1000
<cycle time>
1000
<order strength>
0.896
<z_alpha>
1.960
<task times>
1 766 12430.8516
2 340 4616.2688
3 569 16724.8171
4 484 5166.4292
5 405 1146.1975
6 463 505.8294
7 396 6284.6719
8 235 2515.8535
9 770 11815.4260
10 604 810.1288
11 403 1671.2931
12 410 1064.3379
13 512 930.9343
14 344 4704.5225
15 434 9648.3471
16 642 15353.7840
17 565 6152.8332
18 532 14555.0919
19 651 15002.5485
20 687 13400.7709
21 404 8770.0874
22 521 4633.8485
23 639 6782.7660
24 596 19588.6258
25 372 1150.8983
26 353 65.1278
27 409 2783.0938
28 536 3068.7027
29 562 5563.2228
30 466 5651.5937
31 378 663.5122
32 366 7232.9022
33 537 5428.1308
34 394 1692.9352
35 617 4704.2045
36 305 2695.7016
37 633 16485.3790
38 462 11715.1603
39 272 1400.2673
40 678 7112.9501
41 557 17116.8387
42 402 4283.5463
43 333 2838.6239
44 617 7005.8152
45 569 2536.7622
46 385 3794.8978
47 353 6212.0566
48 471 3423.5678
49 468 6769.6810
50 663 14291.4301
51 801 9277.1058
52 512 12088.0583
53 668 4805.6542
54 437 7505.0031
55 598 3641.1301
56 319 2513.3737
57 522 12104.4775
58 424 10695.7946
59 483 14092.4465
60 540 6735.0356
61 652 15998.1811
62 482 5453.6060
63 413 15.0543
64 449 8901.2457
65 390 1821.5986
66 324 5999.0031
67 597 8688.8908
68 537 12064.3968
69 405 2809.1490
70 448 4211.5685
71 547 5948.3826
72 559 9745.6414
73 493 10723.1917
74 340 4116.6411
75 669 9352.5398
76 531 8338.8390
77 327 4928.5370
78 675 12029.3252
79 444 4976.2807
80 610 4924.2162
81 334 3491.9295
82 689 23584.0421
83 364 6359.2268
84 507 15250.8666
85 494 170.8669
86 744 6169.3830
87 406 5572.1464
88 263 2132.4481
89 293 4455.2068
90 405 4231.5723
91 588 19136.5627
92 351 4113.5546
93 391 859.7780
94 281 3344.0601
95 646 18064.7853
96 341 6874.0790
97 584 4102.8247
98 731 12010.4522
99 334 1780.7694
100 691 3763.7206
101 505 3725.0591
102 482 12477.3654
103 381 3026.5182
104 569 16908.6752
105 518 387.7307
106 697 17510.8605
107 509 15325.1256
108 430 7523.6466
109 451 8797.4347
110 568 9064.7725
111 756 13734.0987
112 585 13099.3746
113 620 21766.3450
114 662 11412.8505
115 521 8409.9591
116 374 781.8563
117 446 9054.5103
118 501 1196.4347
119 573 4940.6898
120 424 9696.4124
121 512 2240.3350
122 481 13469.8058
123 570 446.1210
124 524 3416.9774
125 511 14504.6224
126 414 1248.0769
127 530 10778.4978
128 508 13572.3879
129 498 4886.1244
130 662 22626.0416
131 580 15762.8861
132 699 10953.3289
133 352 1476.2931
134 601 14321.6044
135 645 15845.0296
136 512 11759.3229
137 564 15959.1721
138 378 6509.6524
139 390 382.4706
140 590 7465.4988
141 568 1486.8838
142 504 11774.3199
143 563 1391.8704
144 678 23717.4404
145 604 11921.0294
146 404 967.6036
147 345 4699.5158
148 469 3620.3724
149 520 632.8901
150 417 10632.6337
151 580 13186.2801
152 533 10805.5184
153 568 12771.7181
154 485 9312.2053
155 434 8196.1479
156 528 15940.1649
157 582 9467.6542
158 368 5084.3827
159 643 1569.2835
160 494 10168.6166
161 492 3132.8885
162 545 4889.1146
163 402 7001.0212
164 440 437.5041
165 510 1759.3602
166 454 4818.3852
167 490 13665.9212
168 530 12617.6651
169 534 5819.2786
170 275 4349.6547
171 812 3364.0842
172 532 16388.5165
173 629 19409.3829
174 544 8419.2962
175 381 4504.2241
176 406 1105.9079
177 555 9194.3921
178 685 23226.4047
179 574 12143.1593
180 468 8627.4037
181 726 9162.8777
182 613 21760.5918
183 582 3762.5743
184 349 3850.8917
185 445 8770.4064
186 492 1590.0827
187 501 13120.2474
188 467 5028.0899
189 427 7205.7564
190 528 9551.1118
191 482 9730.6224
192 564 15392.9291
193 622 7832.3494
194 546 18394.0812
195 613 21926.3489
196 473 5575.2708
197 377 3308.8551
198 534 17031.7435
199 566 3456.7741
200 642 20328.6821
201 448 4337.2041
202 488 8622.6025
203 529 351.0140
204 262 894.5318
205 435 9523.2091
206 211 583.9443
207 472 13079.9595
208 527 10420.0686
209 581 17700.1879
210 629 10332.8274
211 423 9135.3061
212 350 1549.6184
213 560 1780.0970
214 610 17539.4898
215 376 6420.8079
216 459 10947.8208
217 525 1780.5582
218 402 6673.8109
219 498 14322.1718
220 418 6138.1449
221 546 7283.5922
222 458 6963.4616
223 275 1136.2246
224 606 11391.8626
225 365 997.8266
226 431 7187.7283
227 618 17852.4825
228 658 23846.6503
229 337 675.5935
230 599 16159.8133
231 435 6898.4862
232 633 8587.8803
233 477 11909.3766
234 548 10654.5104
235 782 11494.1907
236 424 853.7236
237 674 17834.3869
238 483 6802.0280
239 570 2143.6911
240 630 2207.7768
241 285 1403.7708
242 528 1836.4809
243 636 6014.8591
244 588 17618.5441
245 710 7525.1785
246 547 2468.4813
247 781 329.1551
248 840 4625.6936
249 540 7896.2846
250 480 3004.1682
251 608 6104.2119
252 527 1442.8432
253 429 6178.7381
254 544 8698.4955
255 509 10066.8512
256 557 17521.3339
257 453 12795.8853
258 448 4344.3577
259 433 9525.4169
260 475 13819.4364
261 534 5296.2328
262 213 1663.7839
263 682 24001.2598
264 338 3290.3529
265 479 7775.5683
266 452 6871.8972
267 415 5895.3578
268 647 22470.4958
269 507 282.1532
270 644 12592.7352
271 603 12711.9684
272 347 3470.9575
273 571 1962.3214
274 520 3358.3293
275 397 6833.4221
276 513 74.0294
277 657 16495.1231
278 573 16549.4662
279 155 288.1948
280 552 5345.2246
281 338 877.1918
282 386 4228.3283
283 391 1986.5943
284 304 5448.3516
285 593 13666.8213
286 540 1603.3240
287 552 5065.2123
288 660 23657.3037
289 483 2666.5930
290 699 22740.0050
291 698 14792.6918
292 576 3075.4054
293 691 6737.7210
294 559 14189.1242
295 516 2907.7527
296 370 3795.7198
297 724 5529.2081
298 371 7799.3066
299 517 8847.2575
300 568 515.8190
301 366 3086.7526
302 492 8905.4081
303 463 36.2010
304 701 792.5938
305 293 5163.4373
306 522 14172.3598
307 605 4559.9921
308 328 3046.2244
309 433 8064.9677
310 567 3288.1655
311 453 4090.4795
312 528 4555.9893
313 568 15413.7952
314 530 10513.7702
315 450 8057.8190
316 386 119.3868
317 520 9660.8651
318 491 11728.9530
319 674 12878.3964
320 546 15676.2163
321 467 11748.6504
322 575 15804.6787
323 664 19018.2153
324 572 17373.1345
325 495 3960.9012
326 570 18284.1380
327 384 4.1503
328 576 15501.2012
329 436 6044.3485
330 325 6541.0848
331 456 4384.7975
332 682 17296.4639
333 581 1642.5663
334 580 1518.4066
335 551 8404.6585
336 607 6387.9565
337 590 12800.0182
338 373 3690.4375
339 301 1693.8694
340 514 6399.3785
341 641 7140.3245
342 558 16992.5718
343 586 12567.9354
344 543 393.5482
345 407 1579.6277
346 436 3180.1477
347 560 17050.2687
348 631 16500.0148
349 444 2407.9106
350 276 1055.1410
351 663 10166.0654
352 639 14544.9131
353 574 3974.7609
354 550 12247.1815
355 749 10876.8644
356 435 11620.8473
357 590 397.9334
358 539 10982.7571
359 476 6746.1266
360 722 9886.4046
361 760 12082.0865
362 707 13423.6771
363 614 20988.3090
364 329 1768.3038
365 261 2079.5099
366 330 4600.1837
367 740 3644.9870
368 528 15315.6641
369 454 3634.7796
370 448 5022.8862
371 508 3467.7362
372 345 6062.9881
373 520 4570.3091
374 466 5888.6950
375 391 6182.1174
376 311 932.4812
377 532 2269.0010
378 429 7027.8454
379 558 4113.0716
380 630 21062.3537
381 580 19126.5451
382 518 9093.8829
383 709 15571.2269
384 694 18673.2526
385 493 11618.8159
386 470 1128.0373
387 348 1140.5334
388 321 2351.3781
389 401 6508.6133
390 644 4074.3846
391 518 13390.3631
392 578 7031.1184
393 617 2231.1022
394 402 4976.2510
395 433 7363.2724
396 547 14659.4943
397 617 1283.6189
398 563 11527.3761
399 289 2253.6100
400 647 10936.5530
401 578 14211.4726
402 351 6703.3883
403 742 12118.7330
404 426 6764.0327
405 734 7583.8460
406 644 6261.8544
407 544 2179.5950
408 597 20993.9072
409 465 10728.5422
410 536 1079.6795
411 531 8953.0837
412 350 1646.8753
413 501 1082.1328
414 561 6238.4645
415 515 14613.4576
416 564 18527.5837
417 550 16155.5182
418 574 16581.3410
419 660 22317.3625
420 468 5520.2616
421 513 15010.2886
422 445 2533.6092
423 498 5619.0916
424 617 3261.5941
425 729 3320.7578
426 353 3873.4137
427 506 2815.3307
428 542 12058.9782
429 527 10181.4165
430 512 6848.5877
431 350 3867.2865
432 435 5556.2654
433 793 8173.8127
434 600 13384.4060
435 750 556.3771
436 321 626.1370
437 603 3454.6169
438 643 6224.6946
439 529 15418.6088
440 287 4706.4729
441 606 14222.9634
442 475 6639.7788
443 382 7385.1577
444 465 7697.6047
445 624 1953.0296
446 337 872.1834
447 507 13967.5159
448 549 5969.5919
449 526 16306.7471
450 592 18656.0289
451 399 2856.7551
452 412 9986.4454
453 448 9053.0286
454 660 4862.5766
455 615 12811.6104
456 508 7764.3723
457 608 12291.8883
458 781 1968.6053
459 613 21815.4180
460 532 1560.3035
461 371 4716.1694
462 370 3102.9582
463 525 875.2872
464 455 6416.5427
465 432 6194.0318
466 740 15446.5100
467 387 1169.3024
468 473 12462.2904
469 368 3286.7838
470 532 15271.2728
471 625 3015.6790
472 379 4200.3726
473 415 1762.1734
474 509 15983.7927
475 329 4372.4947
476 565 10210.9024
477 474 5926.1182
478 439 457.8308
479 487 3776.5723
480 518 16460.4322
481 500 6602.2618
482 440 7208.5884
483 556 9370.8980
484 606 14117.9955
485 507 8158.0183
486 232 3142.1975
487 410 4957.1460
488 358 6967.6494
489 378 654.6798
490 230 2273.6236
491 463 12729.7467
492 461 10182.2133
493 654 16521.7055
494 207 2387.6206
495 481 12724.0397
496 438 10831.3854
497 432 21.7022
498 495 2659.6605
499 371 2838.9159
500 400 2728.0348
501 695 18505.5504
502 575 7511.0105
503 544 5058.6023
504 519 15439.0295
505 634 13142.7743
506 774 9370.4141
507 556 6203.5338
508 641 22186.5643
509 563 14545.1889
510 660 19398.8633
511 402 4233.2315
512 431 9862.8542
513 485 1395.0489
514 561 8167.9846
515 454 8111.7016
516 578 4593.2774
517 568 18678.6552
518 675 15337.1820
519 469 1591.2456
520 446 1070.7523
521 486 5339.2059
522 460 9084.3250
523 420 6410.9820
524 484 5709.3783
525 717 13514.9913
526 761 597.8837
527 313 3031.7653
528 209 2080.2918
529 567 14358.5972
530 562 13521.9200
531 528 10200.8408
532 433 5941.1286
533 359 5903.8066
534 329 3499.9079
535 622 9683.3056
536 496 4673.0789
537 651 22098.5817
538 676 11777.7916
539 405 5870.7105
540 447 383.6456
541 284 5021.0742
542 576 18308.8962
543 419 10571.7463
544 327 6036.6558
545 605 1064.1139
546 420 6050.5118
547 614 14235.0192
548 607 16546.9859
549 577 16688.9020
550 691 11205.8158
551 543 7160.8940
552 422 2942.2237
553 624 17820.7172
554 583 2834.5658
555 385 9124.1394
556 384 5870.3405
557 596 20492.5256
558 276 2357.4475
559 440 6813.2026
560 518 295.2881
561 494 10773.5242
562 346 2819.2121
563 634 9484.8928
564 639 12381.6320
565 654 6584.0707
566 690 9866.5313
567 219 1456.7587
568 512 9881.9647
569 448 4728.1359
570 494 8181.6132
571 367 2089.3570
572 594 19140.6086
573 658 4580.2907
574 467 10339.0959
575 609 14763.8658
576 535 13390.6296
577 453 9709.0566
578 424 8556.3265
579 601 19439.3913
580 438 8282.3756
581 442 7425.4103
582 206 980.4656
583 515 16307.9982
584 643 15324.1310
585 470 2055.4276
586 585 19001.2563
587 496 10905.8752
588 364 2527.1990
589 339 690.9552
590 677 1988.1818
591 389 7609.2065
592 374 4107.6445
593 615 15340.6422
594 408 7179.0400
595 537 13674.0499
596 570 17209.1278
597 771 2806.2734
598 476 6537.2782
599 597 19700.9266
600 507 1374.0813
601 504 10348.8977
602 636 9956.4930
603 251 3838.1744
604 373 6144.2769
605 255 3490.9689
606 378 6711.7890
607 332 5893.3153
608 666 12194.7637
609 303 1895.8687
610 500 2878.6155
611 563 19624.6148
612 468 8426.7370
613 613 10542.2592
614 489 940.2143
615 500 14078.9190
616 619 11270.0338
617 533 8112.9598
618 513 3589.3773
619 571 6617.3251
620 426 7934.6690
621 485 1268.3030
622 762 6037.3287
623 704 14807.2186
624 654 6674.3523
625 428 4886.9281
626 554 8533.3148
627 536 1343.3170
628 629 14451.6690
629 325 6126.0995
630 448 3743.8362
631 547 2296.4729
632 456 12277.7962
633 334 6914.3932
634 369 2959.2397
635 551 10124.1819
636 641 16112.0617
637 434 2141.4197
638 552 13541.5922
639 599 5293.1134
640 648 4154.2347
641 496 13344.9219
642 466 5443.4509
643 272 328.7783
644 609 5615.6953
645 440 11828.7229
646 617 17630.0060
647 698 14013.8898
648 430 11308.2774
649 593 761.0338
650 395 4286.8860
651 566 1543.3616
652 566 5396.7403
653 481 4392.6693
654 338 4961.8056
655 360 761.6665
656 632 530.0520
657 526 3108.2926
658 459 10972.2530
659 379 370.7046
660 410 10282.7790
661 622 6036.0214
662 315 4123.1677
663 384 2323.4517
664 521 12983.6349
665 508 14061.8167
666 513 15609.9752
667 735 9078.5282
668 640 2718.4478
669 627 13268.7142
670 327 5789.4992
671 353 7211.1557
672 636 6924.5965
673 646 21233.0554
674 397 3263.3407
675 401 8982.6130
676 362 1150.8922
677 463 11180.2261
678 499 15264.3416
679 446 4135.3751
680 373 7985.5425
681 575 5444.4049
682 549 8667.7264
683 578 20656.0867
684 616 12340.7319
685 543 13398.2808
686 591 11400.8096
687 642 20805.9022
688 355 4647.1450
689 507 3039.0476
690 423 735.3368
691 579 6056.0613
692 427 9994.2502
693 482 8328.1801
694 534 15798.6602
695 435 5658.7442
696 592 14500.0912
697 472 13893.1817
698 411 7374.1052
699 475 7763.2373
700 652 17144.9901
701 431 8483.6448
702 602 6749.0498
703 454 6173.8084
704 155 134.0352
705 457 9520.2007
706 553 912.5235
707 413 4154.0094
708 441 3337.0308
709 527 16867.3418
710 470 2241.7782
711 347 6643.6214
712 362 7037.7324
713 529 15587.0971
714 415 6313.1795
715 542 3667.8815
716 423 4294.9104
717 550 14901.4518
718 662 21642.7199
719 291 3788.7042
720 524 3319.3113
721 409 1438.8778
722 631 23159.2412
723 592 15140.9526
724 478 10768.7823
725 662 8999.8198
726 439 4305.9805
727 449 114.2653
728 409 1626.1995
729 537 2734.6770
730 341 1060.3580
731 471 1407.0921
732 285 2122.5826
733 573 7698.8110
734 745 2611.4825
735 460 9247.9109
736 712 20107.2886
737 338 5470.7524
738 311 1753.8234
739 633 23759.1976
740 534 14300.9335
741 618 16312.7947
742 436 2810.0736
743 396 5510.5423
744 535 3733.2696
745 388 1511.4930
746 256 3123.7998
747 287 3574.0312
748 588 12846.7014
749 443 2648.0876
750 493 12628.7637
751 682 2701.3631
752 609 9691.3604
753 594 6313.3247
754 523 13897.5396
755 623 21021.8556
756 535 1023.8995
757 496 3308.9042
758 422 10575.8241
759 546 9345.4824
760 394 280.0380
761 251 112.9814
762 480 4562.5069
763 307 3628.4833
764 380 1977.4504
765 265 4329.9525
766 479 14189.3145
767 836 3258.1102
768 559 6913.5445
769 685 17633.7246
770 560 18881.9210
771 580 19863.7405
772 477 808.0695
773 216 2743.2287
774 283 2786.2239
775 598 19044.2264
776 454 1583.1509
777 432 1687.2908
778 522 5961.2910
779 353 3356.6367
780 449 15.7916
781 399 5427.8366
782 563 13390.6695
783 462 9626.3871
784 433 11024.3818
785 449 2311.8118
786 617 12666.8915
787 522 3209.6212
788 353 4208.8977
789 458 7618.1673
790 504 9375.8412
791 392 8960.5891
792 503 1098.1903
793 485 8262.6900
794 486 333.0494
795 489 11377.5485
796 380 4733.1297
797 428 605.9039
798 266 1519.2333
799 695 15298.4733
800 504 2875.6185
801 483 13233.0683
802 436 11042.7399
803 434 6375.3102
804 505 1456.9701
805 342 3833.8475
806 286 387.0850
807 520 13633.2605
808 481 10145.6992
809 348 7442.2161
810 524 8044.8045
811 392 3523.6106
812 599 15554.7403
813 611 22468.4843
814 468 3545.7325
815 603 22700.0024
816 488 984.1117
817 358 6867.0975
818 616 6231.2958
819 590 9419.6811
820 560 125.6938
821 472 10924.6336
822 467 5291.9169
823 378 1514.3663
824 551 1362.4155
825 277 1727.6306
826 474 10768.9508
827 373 4306.5819
828 477 9191.4054
829 426 97.2886
830 397 849.9831
831 413 8005.9395
832 549 9576.7257
833 409 4796.7029
834 659 5465.3569
835 601 15297.7727
836 546 11424.7541
837 539 9033.6198
838 543 1712.3631
839 579 16518.6641
840 403 2177.6611
841 288 2397.3804
842 331 1516.7403
843 573 4752.7045
844 436 563.4145
845 396 5222.1738
846 635 24861.6830
847 616 17071.8926
848 675 12682.0781
849 446 12165.1112
850 376 2480.4951
851 568 3707.9274
852 652 20911.8430
853 329 2781.4274
854 256 1553.1101
855 466 13111.4499
856 624 15352.0922
857 454 1996.7952
858 360 6775.1751
859 326 5996.8150
860 442 2176.4543
861 582 17000.6189
862 269 3838.1937
863 469 4789.4598
864 532 5281.4077
865 483 732.2217
866 531 9644.6480
867 444 10620.0755
868 558 9779.8756
869 390 2005.6296
870 757 3472.8679
871 581 14194.2335
872 414 4853.2650
873 514 317.5106
874 626 15377.8177
875 473 13469.3241
876 659 14269.9962
877 725 1207.6329
878 459 6655.6488
879 607 2338.9367
880 384 7450.4437
881 680 550.9145
882 390 2826.2727
883 439 6817.1312
884 716 2024.9663
885 455 6153.1841
886 755 329.0733
887 495 15217.7125
888 445 8934.9127
889 242 226.5538
890 330 5337.4492
891 438 4654.1497
892 550 14356.5707
893 419 6100.4113
894 575 14019.0629
895 490 14654.0551
896 569 16824.2028
897 390 8096.7630
898 584 14204.1677
899 449 11650.8372
900 297 4298.1536
901 343 2834.3180
902 435 11018.5524
903 521 3758.5019
904 351 3365.3839
905 405 3944.5140
906 568 3986.2152
907 302 3433.0169
908 220 2466.7380
909 396 3813.6456
910 401 7103.5639
911 405 8960.8557
912 655 1333.9005
913 542 1011.1497
914 594 15582.0160
915 373 1242.5849
916 418 9588.7815
917 329 5366.5698
918 518 10945.8409
919 390 1484.7797
920 359 2011.2940
921 414 2216.8235
922 316 3401.6731
923 461 3023.1500
924 464 11701.2336
925 648 1916.7452
926 388 5742.0059
927 394 2047.2930
928 381 4295.3419
929 631 12177.4024
930 614 17289.0189
931 523 13694.5887
932 496 3997.8840
933 530 4797.2523
934 618 3745.4365
935 482 14245.1537
936 469 5829.8594
937 710 3532.2165
938 589 3828.5530
939 657 9620.5769
940 474 935.6417
941 417 10324.1033
942 458 38.2703
943 540 16820.9375
944 477 7743.5797
945 558 7903.6735
946 483 9834.1342
947 481 5684.0465
948 341 835.3614
949 418 2643.6537
950 508 2287.0750
951 380 274.3323
952 350 2802.6507
953 653 20802.6040
954 575 2181.5914
955 519 10882.1689
956 645 19490.6716
957 346 994.8654
958 496 4863.5926
959 464 6065.6920
960 408 4114.9953
961 440 11148.1432
962 531 6978.6028
963 585 13303.6921
964 669 2332.4058
965 403 1759.7357
966 624 20089.5692
967 517 6730.1639
968 314 2948.2480
969 434 9286.2977
970 723 74.5999
971 464 9500.9115
972 393 2269.0685
973 509 5346.0145
974 628 4.2411
975 448 1116.8664
976 552 9839.4171
977 442 11691.4131
978 527 14928.7212
979 570 17601.9591
980 421 10872.7870
981 537 420.8893
982 435 1688.0362
983 537 14677.9499
984 633 23073.9655
985 496 9054.7273
986 415 9.4176
987 401 10042.9345
988 447 3276.1141
989 452 8907.4178
990 209 2038.0069
991 446 5649.1082
992 430 5386.7537
993 531 14622.1062
994 401 9159.0098
995 549 11102.5042
996 587 8071.5486
997 470 6287.2707
998 451 9705.2548
999 639 20015.8133
1000 713 12437.7062
<precedence relations>
1,11
1,12
1,13
1,14
2,7
2,8
2,9
2,10
2,11
3,7
3,8
3,20
3,21
4,7
4,8
4,9
4,10
4,11
4,12
5,7
5,8
5,9
5,10
5,11
5,12
5,13
5,14
6,7
6,8
6,9
6,13
7,60
8,15
8,17
9,15
9,16
9,17
9,18
9,19
9,21
10,15
10,16
10,17
10,18
10,19
10,20
10,21
11,79
11,95
12,15
12,16
12,17
12,18
12,19
12,20
12,21
13,15
13,18
14,16
14,19
14,20
14,21
14,27
14,29
15,22
15,23
15,24
15,25
15,26
15,27
15,28
15,29
15,30
16,22
16,23
17,22
17,24
18,22
18,23
18,24
18,25
18,26
18,27
18,28
18,29
19,22
20,22
20,28
20,30
21,22
21,23
21,30
22,31
22,32
22,33
22,36
22,41
23,31
23,32
23,33
23,34
23,35
23,36
24,31
24,32
24,33
24,34
24,35
24,36
25,31
25,32
25,33
25,34
25,35
25,36
26,31
26,32
26,33
26,34
26,35
26,36
27,31
28,31
29,31
29,32
29,33
29,34
29,35
30,35
31,37
31,38
31,39
31,48
32,37
32,38
32,40
32,42
33,47
33,119
33,120
33,121
34,37
34,38
34,39
34,40
34,41
34,42
35,37
35,38
35,39
35,40
35,41
35,42
36,37
36,39
37,43
37,44
37,45
37,47
37,50
37,51
38,49
38,51
39,43
39,44
39,50
39,51
40,43
40,44
40,45
40,46
40,47
40,48
40,49
40,50
40,51
41,43
41,44
42,43
42,44
42,45
42,46
43,52
43,53
43,54
43,55
43,56
44,52
45,52
45,53
45,54
45,55
45,56
46,52
47,118
48,52
48,55
49,52
49,53
50,52
50,53
51,52
51,53
52,57
52,58
52,63
52,64
53,57
53,58
53,59
53,60
54,57
54,58
54,59
54,60
55,57
55,58
55,59
55,60
56,57
56,58
56,59
56,60
57,61
57,62
57,65
57,66
58,61
58,66
59,64
60,61
60,62
60,63
60,64
60,65
61,67
61,68
61,69
61,70
61,71
61,72
62,440
63,67
63,68
63,69
63,72
64,67
64,68
64,69
64,71
64,72
65,67
65,68
66,67
66,68
67,73
67,74
67,75
67,76
67,77
68,73
68,74
68,75
69,73
69,74
69,75
69,76
69,77
70,73
70,74
70,75
71,73
71,77
72,73
73,78
73,79
74,78
75,78
75,79
76,78
76,79
76,80
76,81
76,82
77,78
77,79
77,80
77,81
77,82
78,83
78,88
78,95
78,96
79,83
79,84
79,85
79,86
79,89
80,85
80,86
80,87
80,88
80,90
81,84
81,93
82,83
82,84
82,85
82,102
83,91
83,92
83,93
83,103
84,91
84,92
84,103
84,104
85,91
85,92
85,93
86,93
86,96
87,176
87,182
87,183
88,91
88,92
88,93
89,91
89,92
89,93
89,94
89,102
89,103
90,91
90,92
90,95
90,102
91,97
91,98
91,99
91,100
91,101
91,105
92,97
92,98
92,99
92,100
92,101
93,97
93,98
93,99
93,100
93,101
93,104
94,97
94,101
94,105
95,97
95,103
96,97
96,98
96,102
97,106
97,107
97,112
97,113
98,106
98,107
98,109
98,112
98,113
99,106
99,107
99,108
99,113
100,106
100,107
100,108
100,109
100,110
100,111
101,170
102,107
102,113
103,106
103,107
103,111
103,112
103,113
104,106
104,107
104,108
104,109
104,110
104,111
104,112
104,113
105,106
105,107
105,109
105,110
105,111
105,112
105,113
106,114
106,115
106,116
106,117
107,114
107,115
107,116
107,117
108,114
108,115
108,116
108,117
109,114
109,115
109,116
109,117
110,114
110,115
110,116
110,117
111,114
111,115
111,116
111,117
112,114
112,115
112,116
112,117
113,114
113,115
113,116
113,117
114,118
114,119
114,120
114,121
115,118
115,119
115,120
115,121
116,118
116,119
116,120
116,121
117,118
117,119
117,120
117,121
118,122
118,123
118,124
118,125
118,126
118,127
118,128
118,129
119,122
119,123
119,124
119,125
119,126
119,127
119,128
119,129
120,122
120,123
120,124
120,125
120,126
120,127
120,128
120,129
121,122
121,123
121,124
121,125
121,126
121,127
121,128
121,129
122,130
122,131
122,132
122,133
122,134
122,135
123,130
123,131
123,132
123,133
123,134
123,135
124,130
124,131
124,132
124,133
124,134
124,135
125,130
125,131
125,132
125,133
125,134
125,135
126,130
126,131
126,132
126,133
126,134
126,135
127,130
127,131
127,132
127,133
127,134
127,135
128,130
128,131
128,132
128,133
128,134
128,135
129,130
129,131
129,132
129,133
129,134
129,135
130,136
130,137
131,136
131,137
132,136
132,137
133,136
133,137
134,136
134,137
135,136
135,137
136,138
136,139
136,140
136,141
136,142
136,143
136,144
136,145
136,146
136,147
137,138
137,139
137,140
137,141
137,142
137,143
137,144
137,145
137,146
137,147
138,148
138,149
138,150
138,151
138,152
138,153
138,154
139,148
139,149
139,150
139,151
139,152
139,153
139,154
140,148
140,149
140,150
140,151
140,152
140,153
140,154
141,148
141,153
142,148
142,149
142,159
143,148
143,149
143,150
143,152
144,148
144,151
144,153
145,148
145,149
145,150
145,151
146,148
146,149
146,150
146,151
146,153
146,154
147,148
147,149
147,150
147,151
147,152
147,153
147,154
148,155
148,156
148,157
148,158
149,156
150,155
150,156
150,157
150,158
150,159
151,155
151,156
151,157
151,159
152,155
152,156
152,158
152,159
152,164
153,155
153,156
153,157
153,159
154,157
155,160
155,161
155,162
155,163
156,160
156,163
156,165
157,160
157,161
157,162
157,164
158,160
158,161
158,165
159,160
159,161
159,162
159,165
160,166
160,167
160,168
160,169
160,170
160,171
161,166
162,167
162,168
162,169
162,170
163,171
163,183
164,166
164,167
164,171
165,166
166,172
166,174
167,172
167,173
167,174
167,175
167,176
167,177
167,178
167,179
168,172
168,179
168,183
168,184
169,172
169,173
169,174
169,175
169,176
170,172
170,175
170,177
170,179
171,172
171,173
172,186
173,180
173,182
173,184
174,251
175,180
175,181
175,183
176,180
176,181
176,184
177,180
177,181
177,182
177,183
177,184
178,180
178,181
179,180
179,181
180,185
180,186
180,187
180,188
180,190
181,185
181,186
181,187
181,188
181,189
181,190
182,185
182,186
182,187
182,189
183,190
184,185
184,186
184,194
185,191
185,195
185,196
186,191
186,192
186,196
187,191
187,192
187,193
187,194
187,196
188,191
188,192
188,194
188,196
189,191
189,192
189,193
189,194
189,195
189,196
190,191
190,192
190,194
190,195
190,196
191,197
191,198
191,199
191,200
191,201
191,202
192,197
192,198
192,199
192,200
192,202
193,200
194,197
194,202
195,198
196,199
196,201
197,203
197,204
197,205
197,206
197,207
197,208
198,203
198,204
198,205
198,206
198,207
198,208
199,207
199,208
200,203
201,203
201,204
201,216
202,203
202,204
202,205
203,209
203,210
203,213
204,209
204,210
204,211
204,224
205,209
205,210
205,211
205,212
205,213
206,209
206,210
206,211
206,212
206,213
206,214
207,210
207,212
207,214
207,215
207,216
207,221
208,209
208,210
208,211
208,212
208,213
208,214
208,215
208,216
209,217
209,218
209,219
209,220
210,217
210,218
210,219
210,220
210,223
210,225
211,217
211,218
211,219
211,220
211,221
211,222
212,222
213,217
213,220
214,217
214,218
214,219
215,217
215,218
215,224
216,217
216,218
217,226
217,229
218,226
218,227
218,232
218,233
219,226
219,227
219,228
219,229
220,226
220,227
220,228
220,229
220,230
220,231
220,232
220,233
221,226
221,227
221,228
221,229
222,228
222,230
222,232
223,226
223,227
224,226
224,227
224,228
224,229
224,230
224,231
224,233
225,226
225,227
225,228
226,234
226,235
226,236
226,237
226,238
226,239
227,302
228,234
228,237
229,234
229,235
229,236
229,252
229,253
230,234
230,235
231,234
231,235
231,236
231,237
231,238
232,234
232,235
232,236
232,237
233,234
233,235
233,236
233,237
233,238
233,239
234,240
234,241
234,242
234,243
235,240
235,241
235,242
236,240
236,241
236,242
236,243
236,244
237,240
237,241
237,242
237,243
237,244
237,245
238,244
238,246
239,240
239,241
239,245
240,249
241,247
241,248
241,249
241,250
241,254
242,247
242,248
242,249
242,250
242,251
243,248
243,271
244,247
244,275
244,290
245,247
245,248
245,251
245,253
246,252
247,255
247,256
247,257
247,258
248,255
248,256
248,257
248,258
248,259
248,260
248,261
249,255
249,256
249,257
250,639
251,255
251,256
251,257
251,262
252,260
253,255
253,256
253,257
253,258
253,259
254,255
254,256
254,257
254,259
255,263
256,263
256,264
256,265
257,263
257,292
257,293
258,263
258,264
258,265
258,266
258,270
259,263
259,265
259,292
260,263
260,264
260,265
260,266
260,267
260,268
261,263
261,264
261,265
261,266
261,267
261,269
262,263
262,264
262,265
262,266
262,267
262,268
262,269
262,271
263,297
263,298
264,272
264,273
264,274
265,272
265,273
266,272
266,273
266,276
267,272
267,273
267,275
267,277
268,272
268,273
268,274
269,274
269,292
270,272
270,273
270,292
271,272
271,284
272,278
272,282
273,278
273,284
274,278
274,279
274,283
274,286
275,336
276,285
276,292
277,278
277,279
277,280
277,281
277,282
278,287
278,288
278,293
279,287
279,291
279,293
280,405
281,290
281,291
281,292
281,293
282,287
282,288
283,287
283,288
283,289
285,287
285,289
285,293
286,287
286,288
286,293
287,294
287,295
287,296
287,297
287,298
288,294
288,295
288,296
288,297
288,298
289,294
289,297
289,298
290,294
290,295
290,296
290,297
290,298
291,334
292,294
292,295
292,296
292,297
293,294
293,295
293,297
293,298
294,299
294,300
294,301
294,302
295,799
296,300
296,315
297,299
297,300
297,301
297,302
298,299
298,300
298,308
299,303
299,304
299,305
299,306
299,309
300,303
300,304
300,320
301,303
301,304
301,305
301,306
301,307
301,308
301,309
302,303
302,306
303,310
303,311
303,316
304,310
304,311
305,315
306,310
306,311
306,312
306,314
307,310
307,311
307,312
307,320
308,310
308,311
308,312
308,313
308,314
308,315
309,312
309,452
309,660
310,317
310,318
310,319
310,321
311,358
312,707
312,739
312,777
313,320
314,317
315,317
315,318
315,319
315,320
315,321
316,317
316,318
317,322
317,323
317,325
318,323
318,326
318,331
318,332
318,333
319,322
319,323
320,322
320,323
320,324
320,331
321,322
321,323
321,324
321,325
321,326
322,327
322,328
322,329
322,332
322,333
323,327
323,328
324,327
324,340
325,328
325,330
325,331
326,329
327,334
327,335
327,337
327,348
328,337
328,348
329,334
329,335
329,336
329,337
330,334
330,335
331,336
332,334
332,335
333,512
333,542
334,338
334,339
334,341
335,343
335,369
336,340
337,338
337,339
337,342
338,344
338,345
338,349
339,344
339,345
339,346
339,347
339,350
340,344
340,348
341,344
341,345
341,346
341,347
342,428
343,344
343,345
343,350
344,353
345,351
345,374
346,354
346,355
346,356
347,718
348,352
349,351
350,351
350,352
351,357
351,358
352,357
353,357
353,358
353,373
353,374
354,357
354,361
355,357
355,358
355,359
355,360
355,361
356,357
356,358
356,362
357,367
358,363
358,364
359,363
359,365
360,363
360,364
361,363
361,364
361,365
361,379
361,387
362,363
362,366
363,372
363,406
364,880
365,369
365,373
365,375
366,368
366,369
366,374
367,368
367,370
367,371
367,375
368,376
368,377
368,378
368,379
368,380
369,376
370,376
370,407
371,376
371,377
371,378
372,380
372,407
373,376
373,377
374,376
374,377
374,378
374,379
375,440
375,463
376,381
376,382
376,383
377,381
377,382
377,383
377,384
377,385
377,386
377,388
377,389
378,381
378,387
378,389
378,409
379,381
379,382
379,383
379,384
379,386
380,381
380,382
380,383
381,587
381,711
382,396
383,390
383,393
384,390
384,391
384,392
384,395
385,391
385,394
386,390
387,390
387,391
387,392
387,416
388,390
388,391
389,458
390,397
390,398
390,423
391,397
391,398
392,397
392,398
392,399
393,401
394,397
394,402
395,397
396,400
397,403
397,404
397,405
398,403
399,403
399,404
399,406
399,432
400,403
400,408
400,409
400,416
401,403
401,405
402,403
402,404
402,405
402,407
403,410
403,411
403,412
403,414
403,433
404,555
404,579
404,648
405,410
405,413
405,449
406,410
406,411
407,410
407,416
407,449
408,410
408,449
409,410
409,411
409,412
409,415
410,417
410,418
410,419
410,420
410,422
410,454
411,417
411,418
411,419
411,425
411,439
413,417
413,514
414,421
414,424
415,418
415,423
416,417
416,418
417,504
418,426
418,431
419,426
419,427
420,426
420,472
421,426
421,427
422,426
422,427
422,428
422,429
422,430
423,426
423,427
423,432
423,433
423,445
424,426
424,427
424,428
425,430
426,495
427,438
428,434
428,435
428,436
428,437
429,434
429,440
430,434
430,435
430,436
430,437
431,615
432,434
433,439
433,453
433,459
434,447
435,444
435,450
435,459
436,441
436,442
436,443
437,445
437,446
438,441
438,453
439,441
439,442
439,443
439,444
439,448
439,449
440,445
441,450
442,450
442,451
442,452
442,456
443,455
443,457
444,452
444,458
445,450
445,451
445,468
445,469
446,450
446,451
446,452
446,453
447,453
447,459
447,463
448,454
449,450
450,461
451,539
452,655
452,715
452,749
453,535
453,571
454,460
455,471
455,488
456,460
456,461
456,462
456,463
457,460
457,461
457,462
457,463
458,460
458,461
458,462
458,463
459,460
459,461
459,462
460,464
460,465
460,466
460,468
460,469
461,464
461,465
461,466
461,467
462,559
463,464
463,465
463,468
463,474
464,470
464,475
465,470
465,471
465,472
465,480
466,470
466,474
466,497
467,470
467,471
467,472
467,473
467,474
468,470
468,471
469,470
469,471
469,472
469,473
469,474
470,476
470,477
470,478
471,477
471,479
471,481
471,493
472,476
472,477
472,478
472,479
472,491
472,493
473,476
473,477
473,480
474,528
475,476
476,482
476,488
476,494
477,482
477,483
478,482
478,483
479,482
479,483
479,484
479,486
480,482
480,483
480,484
480,485
480,486
481,484
481,487
481,504
482,489
482,595
483,489
483,490
484,489
484,492
484,494
485,489
485,493
486,737
486,898
486,922
486,949
486,951
487,489
487,491
488,688
489,499
489,525
490,495
490,498
490,499
491,495
491,496
492,495
492,497
493,495
493,498
494,540
494,552
495,500
495,501
495,502
495,503
495,505
496,501
496,516
497,500
497,501
497,502
497,503
498,500
498,504
498,505
498,513
499,659
500,506
500,510
500,520
501,506
502,506
502,507
502,508
502,511
502,513
503,506
503,507
503,508
503,509
503,514
503,520
504,506
504,520
505,507
505,512
505,514
506,518
506,519
506,521
507,515
507,516
507,517
507,518
507,519
508,515
508,516
508,517
508,574
509,651
510,754
511,812
511,839
511,851
512,515
512,516
512,520
513,888
513,916
514,517
515,522
516,545
517,522
518,524
518,543
519,522
519,523
519,524
519,525
519,526
519,527
520,522
520,523
520,524
521,523
521,527
521,539
521,540
522,531
522,533
522,535
523,532
523,541
523,566
524,623
525,529
525,534
525,552
526,528
526,529
526,530
527,528
527,529
527,530
528,536
528,537
528,541
528,542
528,543
529,536
529,541
530,837
531,540
531,554
531,595
532,536
532,714
533,538
533,539
533,555
534,585
535,536
535,537
536,703
537,546
538,738
538,824
539,544
540,544
540,545
541,548
542,544
542,547
542,575
543,544
543,545
543,546
543,548
543,555
544,549
545,549
546,549
546,550
546,551
546,552
546,553
546,554
547,550
547,551
547,555
547,563
548,549
548,556
549,557
549,558
550,736
551,557
551,560
552,562
552,577
552,581
553,557
553,566
554,561
554,563
555,568
555,658
556,557
556,558
556,559
557,564
557,565
558,568
558,577
558,618
558,678
559,564
559,567
559,571
560,568
560,570
561,564
561,565
561,569
562,671
563,564
563,565
563,566
563,567
564,576
564,670
565,572
565,579
565,580
566,573
568,597
568,885
569,575
569,727
569,729
570,572
570,578
571,572
571,574
571,577
572,584
573,581
573,668
574,611
574,645
575,581
576,686
576,700
577,614
577,685
577,758
577,767
578,581
578,582
578,583
578,584
579,675
579,689
580,581
580,582
580,585
581,589
581,757
581,761
581,764
582,592
582,600
582,636
582,637
583,586
583,595
584,586
584,587
584,588
584,589
584,591
585,586
585,587
585,588
585,589
585,590
585,593
585,594
586,678
586,757
587,596
587,600
588,596
588,597
588,598
589,704
589,793
590,714
591,597
591,599
592,596
592,598
593,596
593,597
593,601
594,638
594,697
595,734
596,712
596,729
597,825
598,605
598,610
598,633
599,604
599,606
600,602
600,603
600,698
600,726
600,736
601,603
601,607
602,716
602,752
602,801
603,702
604,608
605,794
606,609
607,608
607,610
608,611
608,612
608,615
608,617
609,611
609,612
609,618
610,611
610,613
610,614
610,616
610,642
611,619
612,622
612,624
612,667
613,619
613,620
613,621
614,778
614,781
615,623
615,638
616,620
616,626
617,682
617,755
617,842
618,619
618,625
618,671
619,641
620,628
620,680
621,631
621,678
622,627
622,634
622,674
623,627
623,629
624,627
625,627
625,680
626,627
626,628
626,630
627,632
628,799
629,633
629,636
629,637
630,635
631,634
631,638
632,639
632,640
632,641
632,645
633,639
633,642
633,664
633,666
634,643
634,644
635,639
635,640
635,644
636,811
636,906
637,905
638,699
639,683
639,739
639,757
640,646
640,652
641,646
642,650
642,653
643,646
643,647
643,648
644,649
644,651
645,647
645,649
646,659
646,660
646,682
646,684
647,653
647,654
647,655
647,709
647,725
648,653
648,698
648,708
649,655
649,714
650,656
650,658
651,653
651,654
651,657
652,770
652,811
653,808
653,967
654,661
654,729
655,682
655,734
656,661
656,667
656,678
657,662
657,663
657,664
658,665
659,666
660,661
660,708
661,718
662,671
663,775
663,866
664,670
664,691
665,668
665,669
665,670
665,671
665,672
665,673
665,674
666,668
666,669
666,670
666,690
667,668
667,669
667,670
667,671
667,674
668,683
669,675
669,676
669,681
670,677
670,679
670,701
671,675
671,679
671,680
671,682
671,684
672,678
672,689
673,675
674,675
674,676
675,685
675,686
676,833
676,861
677,689
678,685
678,738
679,686
679,688
680,690
680,766
681,685
681,691
681,842
682,825
682,857
682,861
682,909
683,687
684,685
684,686
684,711
685,693
685,803
686,692
686,693
686,698
687,697
688,694
688,695
689,696
689,735
689,764
690,788
690,812
691,782
691,795
691,845
692,709
692,720
693,739
693,833
694,702
694,703
695,699
695,743
696,698
696,744
697,698
697,700
697,701
697,765
698,704
698,705
698,706
698,758
699,708
699,730
700,705
700,745
701,704
701,795
702,783
702,815
703,707
703,708
703,709
704,783
704,840
705,710
705,713
706,922
707,711
707,818
708,710
708,711
709,712
710,715
710,716
711,719
711,720
711,778
712,717
712,718
712,722
713,714
714,725
715,722
715,724
716,841
716,869
717,761
717,857
717,912
718,726
718,727
719,721
719,723
719,791
720,813
720,815
720,828
720,848
721,800
721,808
721,914
722,762
723,729
723,775
723,783
723,803
724,754
725,728
725,771
726,739
727,728
727,730
728,731
728,734
728,803
729,731
729,917
729,941
729,958
730,732
730,733
730,735
731,741
732,736
732,742
733,737
733,739
733,786
733,839
733,842
734,738
734,746
735,736
735,740
736,744
736,746
736,747
737,852
737,985
738,743
738,782
739,745
740,781
741,801
742,899
743,748
743,821
743,840
744,748
744,753
745,749
745,751
745,752
745,781
746,865
747,750
747,792
748,755
748,784
749,756
749,780
750,757
751,756
751,813
752,759
752,878
753,754
753,758
753,812
754,760
754,762
754,763
755,766
755,796
755,813
756,760
756,761
756,764
756,772
756,787
756,840
757,765
758,901
759,760
759,761
759,909
761,934
761,935
761,962
762,767
763,767
764,771
765,767
765,768
765,769
765,772
765,773
766,770
766,774
766,783
767,777
768,971
769,778
770,775
770,780
770,816
771,775
772,925
773,776
773,779
773,780
773,781
773,854
774,775
775,792
776,784
777,782
777,788
777,790
778,789
779,782
779,783
779,786
779,791
779,825
779,865
780,785
780,787
781,804
781,880
782,793
782,796
783,971
783,987
784,819
784,929
785,794
786,798
786,849
786,917
787,914
788,797
789,795
789,799
789,865
790,800
791,875
792,793
792,917
793,804
793,808
793,814
793,855
793,895
794,806
794,832
795,802
795,805
795,903
796,801
796,804
797,801
797,803
797,807
798,858
799,951
800,935
801,999
802,955
802,958
803,811
803,813
804,897
804,909
804,921
804,927
805,812
805,882
805,888
806,853
807,809
807,810
807,850
809,815
809,818
810,885
810,886
811,819
812,912
813,814
813,816
813,817
813,820
813,831
813,866
814,827
814,829
815,824
815,857
815,860
816,825
817,823
818,821
818,826
819,822
819,828
820,892
821,830
821,834
822,831
822,836
822,837
822,848
823,885
824,833
824,921
825,980
825,994
826,832
829,835
830,839
831,838
831,865
832,838
832,841
832,843
832,844
832,845
832,846
833,840
834,842
834,880
834,890
835,847
835,898
835,941
835,954
836,838
836,895
836,925
838,855
839,852
839,854
839,902
840,849
841,932
841,983
842,989
843,848
843,948
844,849
844,932
845,873
846,851
846,857
846,873
847,850
847,853
847,856
847,892
848,910
848,966
849,997
851,859
851,860
851,863
852,982
853,861
853,864
853,867
854,865
854,874
855,862
856,974
857,858
857,876
858,982
859,887
860,866
860,868
860,871
860,872
861,870
862,873
862,874
862,889
863,871
863,977
865,867
865,869
866,877
866,878
866,880
866,881
867,992
868,996
869,875
869,982
870,876
870,939
872,879
873,891
873,944
873,984
874,882
874,954
874,969
876,938
877,998
878,885
878,887
878,918
879,884
879,886
879,889
879,890
880,883
880,888
881,917
882,890
883,892
883,895
884,891
884,982
885,894
885,896
886,928
886,960
888,899
889,891
889,934
890,893
891,928
892,901
893,898
893,986
894,899
895,900
896,897
897,903
897,905
897,908
898,904
898,998
899,902
899,906
900,908
900,909
901,907
901,927
902,914
905,912
906,912
907,910
907,915
908,916
908,954
908,984
909,911
909,913
912,922
913,918
913,919
913,920
914,917
914,922
915,921
915,961
915,977
917,925
918,992
922,923
922,924
923,929
923,932
923,933
923,934
924,928
924,930
925,926
925,927
925,931
927,936
927,940
928,939
929,939
930,935
930,941
931,968
932,958
933,942
933,983
934,937
934,938
936,945
936,947
936,949
937,948
937,950
937,957
938,944
938,945
938,946
938,959
939,943
941,943
941,985
943,955
943,956
945,952
945,953
946,957
947,951
948,954
948,980
949,964
950,980
951,959
952,960
952,963
953,960
953,975
954,958
955,957
955,961
956,962
959,964
959,967
959,968
959,997
960,966
963,964
963,965
963,972
964,971
964,975
964,983
965,973
966,974
967,969
967,972
968,970
969,977
973,976
974,978
974,979
974,980
974,982
975,981
975,996
976,984
976,985
976,990
977,988
978,987
979,1000
980,983
980,986
980,989
983,999
984,998
985,993
986,997
987,992
987,994
987,999
987,1000
988,991
988,995
990,996
<end>