<number of tasks>
100
<cycle time>
1000
<order strength>
0.601
<z_alpha>
1.280
<task times>
1 36 12.7846
2 131 730.8684
3 179 639.7678
4 226 1609.8722
5 162 747.9600
6 199 357.6332
7 195 233.5876
8 186 298.8523
9 248 1204.0481
10 112 212.7704
11 153 972.7824
12 249 2340.2925
13 132 829.1367
14 160 958.8506
15 262 1734.8634
16 185 1462.3009
17 175 1891.7139
18 177 544.2764
19 29 29.6339
20 199 1346.1343
21 146 224.9906
22 122 346.9121
23 176 308.7628
24 72 88.8470
25 132 562.7098
26 110 448.9759
27 148 586.8268
28 176 918.0845
29 79 270.3518
30 142 52.3101
31 115 777.3998
32 50 142.5195
33 205 2562.5123
34 205 1905.2153
35 71 308.3607
36 137 45.7597
37 107 540.0130
38 116 59.8854
39 249 679.2328
40 209 1675.7500
41 80 272.9405
42 56 13.5251
43 66 138.2590
44 179 621.1802
45 188 592.2998
46 255 3550.8823
47 266 3746.1633
48 295 1395.8220
49 165 389.4551
50 99 200.8558
51 70 113.0019
52 268 4053.1531
53 109 676.7238
54 94 198.6155
55 167 1684.4586
56 176 741.3059
57 421 8567.1369
58 203 172.0328
59 140 79.6344
60 185 1537.9545
61 103 329.1997
62 205 1709.4570
63 198 1641.7238
64 111 655.9096
65 97 94.0145
66 34 58.9296
67 127 910.9773
68 100 477.9394
69 160 1397.6762
70 117 368.5746
71 104 101.3608
72 140 998.5958
73 75 59.4541
74 170 763.3677
75 156 580.6153
76 243 3351.0777
77 155 1471.0161
78 307 3489.8862
79 98 599.7797
80 118 127.6072
81 384 4479.8993
82 229 1755.3994
83 144 301.9212
84 235 3307.2776
85 103 595.2181
86 67 180.2283
87 185 721.4046
88 235 2031.1444
89 143 857.8067
90 93 41.9310
91 112 668.3953
92 28 0.6487
93 53 57.8540
94 288 2934.1397
95 52 21.5224
96 106 225.7840
97 72 259.7385
98 250 3271.6765
99 269 304.6177
100 114 235.6121
<precedence relations>
1,61
2,27
3,27
4,27
5,6
5,7
5,8
5,9
5,10
5,11
6,43
7,43
8,80
9,80
10,13
10,16
10,22
11,12
11,14
11,15
12,43
13,27
14,21
14,24
14,42
15,16
15,17
15,18
15,19
15,20
15,21
15,22
16,61
17,61
18,43
19,27
20,23
20,24
20,25
20,28
20,42
21,23
21,26
21,45
21,46
21,49
22,24
22,25
22,26
22,27
22,28
22,29
23,61
24,43
25,82
26,80
27,30
27,31
27,32
27,33
27,34
27,35
27,36
27,37
28,38
28,45
28,47
29,38
29,39
29,40
29,46
30,39
30,40
30,44
30,48
31,41
31,42
32,39
32,40
32,41
33,60
34,73
34,75
34,93
35,75
35,81
35,93
36,59
36,60
37,39
37,41
37,42
38,79
38,80
38,81
39,61
40,43
41,44
41,45
41,46
41,47
41,48
41,49
42,44
42,46
42,47
42,48
42,49
43,50
43,51
43,52
43,53
43,54
43,55
43,56
43,57
43,58
44,82
45,50
45,59
45,60
46,50
46,59
46,60
47,50
47,59
47,60
48,80
49,77
49,87
49,88
50,61
51,96
52,61
52,63
53,61
53,62
54,81
54,97
55,64
55,74
55,75
56,61
56,62
56,63
56,64
56,65
57,63
58,63
58,65
59,74
59,78
60,61
60,62
60,63
60,64
60,65
61,66
61,67
61,68
61,69
61,70
61,71
61,72
62,88
62,93
63,73
63,74
63,76
64,76
64,77
64,94
65,72
65,75
66,82
67,80
68,74
68,75
69,74
69,76
70,100
71,74
72,93
74,80
75,77
75,79
75,87
76,78
76,79
76,81
77,82
78,82
79,82
80,83
80,84
80,85
80,86
80,87
80,88
81,88
82,89
82,90
82,91
82,92
83,93
83,94
84,94
85,95
86,98
87,97
90,100
91,96
92,95
93,95
93,96
94,97
94,100
95,97
95,98
95,99
96,99
96,100
<end>