<number of tasks>
50
<cycle time>
1000
<order strength>
0.203
<z_alpha>
1.280
<task times>
1 433 40353.0006
2 226 4712.3518
3 578 40681.3411
4 748 1702.7408
5 425 8397.9687
6 468 2729.8700
7 693 13320.5174
8 565 30919.6431
9 571 2918.1926
10 472 30370.3501
11 390 37196.4495
12 554 24478.6987
13 602 12850.3117
14 541 13707.2786
15 578 1284.6643
16 592 42044.0631
17 315 7830.3129
18 313 14216.7270
19 511 5669.3929
20 751 536.3714
21 716 11670.9834
22 487 23585.0897
23 492 42985.3853
24 464 18137.9557
25 447 10703.2708
26 621 36418.5089
27 455 7066.2462
28 579 33387.1536
29 543 1339.0158
30 259 14877.6852
31 725 9025.1835
32 390 22095.7858
33 423 24355.3910
34 633 20639.3636
35 556 35699.5162
36 532 31538.9141
37 743 5457.6628
38 482 22018.1378
39 493 30268.9547
40 599 7264.6869
41 532 23379.0703
42 718 13761.1850
43 391 18633.4032
44 358 26082.1772
45 613 1276.8284
46 461 22521.0606
47 479 43897.9679
48 232 4953.0213
49 562 2304.7167
50 455 26708.3866
<precedence relations>
1,9
2,8
2,10
4,12
5,46
6,7
6,10
6,16
7,14
8,11
8,35
9,13
9,16
9,31
10,12
10,15
13,19
13,20
14,17
14,18
14,45
15,21
16,22
17,27
18,24
18,33
19,40
21,23
21,26
22,25
22,28
23,32
23,33
24,29
24,36
25,30
26,34
26,35
27,31
27,36
27,44
28,37
29,38
30,41
33,42
33,43
34,39
34,43
34,49
35,40
38,46
38,47
39,45
39,48
41,50
42,44
42,49
<end>