<number of tasks>
100
<cycle time>
1000
<order strength>
0.898
<z_alpha>
1.645
<task times>
1 393 5515.9765
2 137 224.3200
3 219 1219.4805
4 37 38.8472
5 176 263.6717
6 250 881.4306
7 327 2041.9890
8 450 8066.8576
9 227 1347.3839
10 29 12.8207
11 310 349.5015
12 43 74.5874
13 243 3540.5113
14 231 2250.6137
15 208 964.4382
16 279 1070.7007
17 389 1445.1645
18 489 157.6319
19 303 5080.5871
20 404 525.1801
21 87 56.0936
22 212 1192.0960
23 189 1101.7792
24 222 2882.7855
25 50 53.6129
26 455 9904.9826
27 322 537.6083
28 148 649.8066
29 175 1718.7279
30 47 127.1548
31 103 260.7871
32 82 177.7243
33 70 98.8539
34 122 696.2573
35 43 51.6900
36 55 158.4883
37 25 1.9239
38 121 367.8001
39 22 13.7216
40 339 3481.2737
41 174 1470.0633
42 490 6537.8747
43 243 3051.2559
44 174 1381.1607
45 504 10918.8653
46 24 4.9304
47 32 38.6683
48 72 90.8141
49 138 446.5016
50 529 1601.4681
51 160 771.6576
52 483 12516.5180
53 460 13074.5481
54 318 4090.9983
55 156 1495.2601
56 139 815.9184
57 39 44.1981
58 156 389.4667
59 242 1202.2813
60 452 12668.4574
61 585 4171.6142
62 438 10194.1766
63 146 1123.3617
64 154 419.1464
65 246 1962.8330
66 45 63.4846
67 372 875.3873
68 350 7432.2241
69 450 7223.0856
70 27 18.2903
71 160 1113.0131
72 278 4549.7144
73 132 1061.5681
74 95 242.5948
75 150 748.0213
76 72 262.0471
77 456 12519.3961
78 340 2578.1078
79 163 1473.6016
80 123 639.7154
81 169 879.1201
82 73 81.3053
83 469 9121.7950
84 96 547.6119
85 249 1436.1504
86 131 402.4481
87 112 514.8061
88 279 2609.4947
89 504 8422.9092
90 157 783.8827
91 164 1019.4971
92 131 174.1760
93 194 21.4527
94 70 262.4864
95 494 4685.7746
96 163 1029.5452
97 496 473.8994
98 270 1459.8776
99 27 12.9981
100 139 529.4385
<precedence relations>
1,6
1,7
1,8
2,6
2,7
2,8
3,6
3,7
3,8
4,6
4,7
4,8
5,6
5,7
5,8
6,9
6,10
6,11
6,12
7,9
7,10
7,11
7,12
8,9
8,10
8,11
8,12
9,13
9,14
9,15
10,13
10,14
10,15
11,13
11,14
11,15
12,13
12,14
12,15
13,16
13,17
13,18
14,16
14,17
14,18
15,16
15,17
15,18
16,19
16,20
16,21
16,22
17,19
17,20
17,21
17,22
18,19
18,20
18,21
18,22
19,23
19,24
19,25
19,26
19,27
20,23
20,24
20,25
20,26
20,27
21,23
21,24
21,25
21,26
21,27
22,23
22,24
22,25
22,26
22,27
23,28
23,29
23,30
23,31
24,28
24,29
24,30
24,31
25,28
25,29
25,30
25,31
26,28
26,29
26,30
26,31
27,28
27,29
28,44
29,32
29,38
30,33
31,32
31,33
32,34
32,36
32,37
33,35
33,37
33,38
34,39
34,40
34,41
34,42
34,43
35,39
35,40
35,42
36,39
36,40
37,39
37,40
38,39
38,40
38,41
38,42
38,43
39,44
39,45
39,46
39,47
40,44
40,45
40,46
40,47
41,44
41,45
41,46
41,47
42,58
43,44
43,47
44,48
44,49
44,50
44,51
45,48
45,49
45,50
45,51
46,48
46,51
47,48
47,49
47,50
47,51
48,68
48,80
49,52
49,54
50,53
50,57
50,58
51,54
51,55
52,56
52,57
52,58
53,72
53,84
54,67
54,69
54,73
54,76
55,56
55,57
55,58
56,59
57,59
58,59
59,60
60,61
60,62
60,63
61,64
61,65
62,64
62,65
63,64
64,68
64,69
64,80
65,66
65,67
65,68
66,69
66,70
66,71
66,72
66,73
67,80
68,70
68,73
68,77
68,79
69,74
70,78
70,84
71,75
71,92
72,76
73,84
73,94
73,95
73,100
74,78
74,79
74,83
75,80
75,97
76,77
76,80
77,81
77,82
77,83
77,85
78,81
78,97
79,84
79,85
79,87
80,83
80,87
81,87
83,98
84,88
85,86
86,89
86,94
87,90
89,91
89,92
90,93
91,95
91,97
92,98
92,100
93,94
93,95
93,96
95,99
96,100
97,98
<end>