<number of tasks>
100
<cycle time>
1000
<order strength>
0.596
<z_alpha>
1.960
<task times>
1 485 5618.9127
2 398 1527.5412
3 457 36958.4656
4 154 3740.1148
5 409 8903.2322
6 400 36080.3522
7 625 28594.0556
8 565 17699.6862
9 452 5518.4110
10 447 10014.6273
11 548 4445.2505
12 293 20625.7800
13 391 1103.0969
14 467 20057.3873
15 437 28177.0618
16 681 692.8672
17 554 22545.1447
18 372 11840.0941
19 389 13342.9071
20 538 49203.2877
21 555 39303.7627
22 571 18145.6150
23 499 38486.0457
24 490 59491.2451
25 410 34915.6891
26 313 7859.5999
27 575 33865.6691
28 344 7827.4040
29 436 37839.7005
30 469 10236.4651
31 545 30604.7442
32 555 35396.5264
33 562 35605.9126
34 670 23749.9598
35 303 5832.5369
36 414 11022.9496
37 375 18393.2802
38 504 4906.9792
39 251 659.7464
40 346 13526.5686
41 408 34117.8590
42 153 2387.1763
43 594 12198.7927
44 393 27532.5125
45 379 17936.6220
46 429 38525.0150
47 463 13734.6712
48 438 19638.3041
49 860 2988.6130
50 495 37735.0560
51 421 32928.0885
52 573 25108.8228
53 490 22395.9169
54 448 21011.3849
55 342 1240.9992
56 401 16167.9306
57 480 47197.4691
58 604 30265.2845
59 577 41542.7608
60 391 22631.7159
61 536 46426.4112
62 574 44200.8471
63 447 37328.6617
64 574 41659.7199
65 365 31537.8272
66 624 20816.0934
67 418 317.9626
68 398 38550.5390
69 545 26431.3374
70 630 11078.1469
71 316 2472.3703
72 566 19949.0750
73 537 39074.1550
74 552 31917.6411
75 483 28744.4010
76 509 36921.2881
77 539 26570.3696
78 633 8052.6269
79 570 3755.6150
80 604 9641.0801
81 472 35562.4545
82 489 33422.6518
83 393 12141.6343
84 432 6264.2142
85 651 23816.4488
86 396 254.6575
87 520 5864.0122
88 314 1542.6680
89 495 12042.0916
90 459 41970.5930
91 539 41119.1299
92 559 12491.3262
93 561 46248.8987
94 301 15580.2835
95 462 33018.8732
96 477 26003.7183
97 580 15100.9711
98 550 813.6735
99 478 14244.9152
100 574 17484.7240
<precedence relations>
1,17
1,23
1,36
2,10
2,11
3,14
4,57
4,68
4,74
5,9
7,9
8,9
8,10
8,11
9,12
9,13
9,14
9,15
9,16
10,38
10,54
11,12
11,14
12,49
13,63
14,17
14,19
14,23
15,18
15,20
15,22
15,23
16,20
16,21
16,26
16,28
17,31
18,26
19,25
19,30
19,59
20,27
21,27
22,27
22,28
22,29
23,24
23,28
23,49
23,60
24,40
25,35
25,76
25,80
26,33
26,34
26,37
27,32
28,53
29,38
29,47
30,70
31,32
31,34
32,37
32,39
32,50
33,36
33,42
34,40
34,41
34,46
35,38
35,49
35,86
36,45
36,46
37,54
37,62
37,71
37,96
38,43
39,44
39,47
39,52
40,43
40,91
41,45
41,49
42,46
42,65
43,57
44,51
45,48
45,50
46,60
47,48
47,49
47,51
48,54
48,55
48,71
49,56
50,52
50,55
51,53
52,60
52,69
53,57
53,58
53,59
53,67
54,64
54,72
55,59
55,87
56,57
56,58
56,83
57,61
57,63
57,65
58,64
58,72
58,78
59,62
59,66
59,68
60,67
60,68
61,72
62,74
63,69
63,77
64,73
65,71
66,76
67,88
67,93
68,70
68,73
69,75
70,76
70,78
70,80
71,84
72,81
73,77
73,79
74,88
74,89
75,82
75,89
76,83
76,86
78,85
79,84
79,88
81,87
81,90
82,93
85,91
85,92
87,94
88,90
89,92
90,95
90,97
91,99
91,100
92,97
92,98
93,94
93,96
<end>