<number of tasks>
20
<cycle time>
1000
<order strength>
0.505
<z_alpha>
1.960
<task times>
1 207 1669.2450
2 110 424.6605
3 125 770.5048
4 53 94.9022
5 69 225.0956
6 151 428.2869
7 91 174.9083
8 201 481.3623
9 79 229.3167
10 173 770.9432
11 47 55.3058
12 164 1328.1739
13 124 626.6711
14 124 617.1206
15 198 1988.5746
16 332 4593.6638
17 189 1660.4764
18 261 1880.9464
19 133 992.6720
20 97 312.8465
<precedence relations>
1,5
2,7
3,6
3,14
4,8
4,11
5,9
6,10
7,11
8,14
8,15
8,17
9,13
10,13
11,12
11,13
11,14
11,15
12,16
13,17
13,18
15,18
16,19
18,19
18,20
<end>