<number of tasks>
100
<cycle time>
1000
<order strength>
0.597
<z_alpha>
1.645
<task times>
1 150 4487.4963
2 134 1248.8497
3 132 2057.7614
4 141 2742.4845
5 24 116.2097
6 143 2743.3990
7 113 2413.9663
8 95 1277.6170
9 154 3408.2067
10 197 4107.7111
11 95 72.4585
12 133 1.2651
13 33 178.0756
14 165 1147.6042
15 197 8596.0737
16 183 1272.6644
17 119 1648.3826
18 60 130.6708
19 52 612.0387
20 151 2293.1119
21 135 2563.6839
22 113 3125.0565
23 56 753.3614
24 169 5838.7406
25 81 4.2438
26 177 5401.3477
27 86 1223.8064
28 341 18772.6161
29 273 15140.3854
30 89 647.9523
31 204 6725.1167
32 225 5122.3489
33 123 3683.7537
34 111 2394.1084
35 90 1225.8067
36 147 4090.1220
37 192 3877.9995
38 115 1132.3425
39 87 640.3589
40 301 188.4808
41 70 436.1246
42 235 7714.6612
43 50 434.1229
44 120 2549.3260
45 172 3853.2173
46 47 179.2344
47 104 1127.2767
48 110 2289.5515
49 364 2931.1292
50 212 4399.1919
51 156 1707.8964
52 147 2618.4580
53 109 2141.0452
54 127 965.8885
55 178 7534.2221
56 201 1054.9124
57 114 2619.4109
58 264 5607.8143
59 276 18812.3590
60 95 489.7907
61 126 2733.6695
62 98 513.3581
63 99 1167.2874
64 230 12379.8194
65 145 3267.5766
66 232 1330.4018
67 34 16.5166
68 85 454.4089
69 81 1234.3861
70 40 23.1938
71 117 3045.8401
72 237 2415.2899
73 24 23.1344
74 227 12596.5196
75 188 6138.0182
76 161 4931.2262
77 67 370.4745
78 174 3923.0348
79 205 5074.4151
80 198 9134.2256
81 218 6093.1361
82 105 2461.8443
83 296 4696.9445
84 57 515.1444
85 146 858.9749
86 59 8.7170
87 209 5704.9730
88 84 1636.6267
89 118 3076.1335
90 71 1207.4358
91 103 1201.7400
92 104 1864.9130
93 210 6460.9085
94 62 157.5700
95 224 465.9179
96 96 272.6570
97 46 15.0040
98 156 3253.7926
99 42 71.5048
100 34 228.8981
<precedence relations>
1,61
2,61
3,89
4,47
5,6
5,7
5,8
5,9
6,75
7,11
7,16
7,17
7,18
8,10
8,11
8,12
8,13
9,10
9,11
9,12
9,13
10,30
11,47
12,14
12,15
12,16
12,17
12,18
13,14
13,15
13,16
13,17
13,19
13,20
13,33
14,61
15,75
16,47
17,47
18,19
18,20
18,21
18,22
19,30
20,75
21,47
22,23
22,24
22,25
22,26
22,27
22,28
23,89
24,30
25,30
26,30
27,75
28,29
28,30
28,31
28,32
28,33
29,61
30,34
30,35
30,36
30,37
30,38
30,39
30,40
30,41
30,42
30,43
30,44
31,75
32,47
33,44
33,53
33,63
33,86
34,47
35,45
35,46
35,47
35,60
36,76
36,87
37,46
37,48
37,51
37,63
38,61
38,74
39,46
39,49
39,53
39,63
39,64
40,50
40,63
40,64
41,51
41,53
41,64
41,84
41,85
42,45
42,46
42,47
42,48
42,49
43,52
43,74
44,74
44,85
45,61
46,89
47,52
47,54
47,55
47,56
47,57
47,58
47,59
48,52
48,53
48,60
48,62
49,50
49,51
49,52
50,61
51,75
52,75
53,75
54,73
54,74
54,77
54,88
55,61
55,74
56,63
56,64
57,74
57,84
57,88
58,62
58,74
58,77
59,62
59,74
59,76
60,61
60,64
61,65
61,66
61,67
61,68
61,69
61,70
61,71
61,72
61,73
62,75
63,73
63,74
63,85
64,73
64,74
64,77
64,78
64,88
65,75
66,75
66,76
67,75
67,76
68,85
69,85
69,86
69,87
69,90
70,89
71,75
71,76
72,77
72,85
72,86
72,87
72,90
72,91
73,90
73,91
74,87
75,78
75,79
75,80
75,81
75,82
75,83
76,77
76,84
76,85
77,89
78,89
79,88
80,90
81,87
81,100
83,100
84,86
86,89
87,89
88,90
88,91
89,92
89,93
89,94
89,95
89,96
89,97
89,98
89,99
90,100
<end>