<number of tasks>
20
<cycle time>
1000
<order strength>
0.174
<z_alpha>
1.280
<task times>
1 382 8367.6274
2 282 4542.0149
3 452 5569.4224
4 539 993.8039
5 519 10540.7091
6 557 16147.2259
7 382 3259.8340
8 625 21125.3035
9 575 6032.9959
10 608 463.6854
11 526 7095.9512
12 522 45.0893
13 563 6517.4654
14 580 7221.6065
15 379 2783.7890
16 573 15494.2206
17 465 13167.3791
18 442 8225.1890
19 619 2233.6185
20 648 23687.1146
<precedence relations>
1,5
2,6
2,7
2,10
3,9
4,8
5,13
6,11
7,12
10,14
10,15
11,17
12,16
14,18
16,19
17,20
<end>