<number of tasks>
100
<cycle time>
1000
<order strength>
0.595
<z_alpha>
1.960
<task times>
1 371 5986.9041
2 523 7936.5892
3 348 7354.1199
4 371 5562.4713
5 525 35.8195
6 515 2610.9165
7 483 576.7233
8 689 6477.8868
9 614 14526.1859
10 579 5771.6797
11 539 10383.8779
12 544 10405.4962
13 529 10912.6340
14 547 8911.0342
15 488 8152.6457
16 655 5284.6422
17 492 11232.9377
18 278 1353.6185
19 519 15904.9646
20 432 4991.3957
21 381 4142.7888
22 486 1149.3056
23 643 654.3796
24 624 12053.7510
25 372 5708.8208
26 355 7437.3255
27 528 542.0825
28 569 15653.6228
29 489 6725.4682
30 318 3699.1051
31 565 570.3811
32 393 5110.3270
33 664 2651.3283
34 440 11759.2306
35 566 6605.0978
36 292 2017.8656
37 593 12251.3810
38 350 5465.7120
39 415 8082.0696
40 355 6683.5494
41 559 10482.7348
42 435 5733.4118
43 474 10503.1322
44 631 954.4644
45 722 8501.8329
46 485 13195.4587
47 391 5323.5256
48 339 6477.0008
49 367 5040.8974
50 543 10888.5058
51 625 21865.6632
52 351 3684.1320
53 452 76.8803
54 566 12935.5660
55 554 16693.2651
56 572 1182.8051
57 368 7461.2449
58 473 9227.1707
59 371 1866.8823
60 443 10368.1363
61 298 1904.1916
62 530 2159.8303
63 501 13416.3275
64 474 5196.7769
65 460 7018.8752
66 524 14393.4713
67 441 10668.7543
68 467 13364.9465
69 616 5821.3281
70 460 7321.8017
71 522 6825.2293
72 441 9505.2070
73 673 12301.7505
74 640 25446.6099
75 695 23113.9013
76 475 5753.4696
77 550 9621.9575
78 542 9231.0877
79 484 10099.6573
80 358 6723.0574
81 438 8998.6271
82 400 1170.7486
83 396 2448.0330
84 605 5796.7605
85 254 903.9620
86 310 1988.8306
87 553 854.4192
88 481 12985.0672
89 341 2424.1230
90 407 8360.5647
91 457 6136.2864
92 415 6362.3951
93 315 3129.3094
94 612 14605.5055
95 313 2996.1957
96 512 12532.4994
97 407 10224.5370
98 401 2846.0796
99 526 6244.5044
100 484 12592.5324
<precedence relations>
1,9
1,11
2,6
2,7
2,12
3,8
3,10
4,6
4,7
4,8
4,18
5,6
5,7
5,21
5,31
6,76
6,97
7,24
7,30
8,39
8,41
8,48
9,13
9,16
10,13
10,17
11,17
11,20
12,14
12,15
13,18
13,19
13,22
13,23
13,24
14,43
14,52
14,59
15,18
15,19
15,20
16,42
16,46
16,61
17,18
17,21
17,24
18,36
19,25
19,26
20,27
20,32
21,38
22,25
23,25
24,61
24,83
24,84
24,87
25,28
25,30
25,33
25,41
25,44
26,28
26,29
26,30
26,31
26,32
27,28
27,30
27,31
27,36
28,47
29,33
29,56
30,34
30,35
30,37
30,39
31,33
31,38
32,33
32,34
32,35
32,36
34,40
34,42
35,40
35,52
36,40
36,41
36,44
37,55
38,40
38,43
38,52
39,43
39,45
39,52
40,46
40,47
40,49
41,83
41,84
41,88
42,65
43,47
44,46
44,48
44,54
45,46
45,49
45,50
45,60
46,58
46,93
47,53
47,56
47,57
47,61
47,65
48,51
48,52
48,62
49,54
49,55
50,51
50,53
50,65
50,84
51,87
52,60
52,63
52,95
53,97
54,61
54,66
54,89
54,90
54,96
54,97
55,59
55,63
56,62
57,60
58,95
59,64
59,65
59,66
59,68
60,67
60,68
62,64
62,69
62,71
62,74
63,70
63,71
64,72
64,75
65,73
67,97
68,98
69,92
70,74
70,86
71,80
72,76
72,77
72,78
72,80
73,82
74,99
75,79
75,82
75,85
77,82
77,83
77,85
77,86
78,81
79,84
80,83
81,89
81,90
81,94
82,93
82,98
85,88
85,91
85,92
86,87
87,100
89,98
89,99
89,100
90,95
91,100
94,96
94,97
<end>