<number of tasks>
20
<cycle time>
1000
<order strength>
0.289
<z_alpha>
1.645
<task times>
1 181 698.5463
2 80 314.9888
3 93 279.4631
4 202 611.3065
5 200 1714.1687
6 37 13.7040
7 100 68.4671
8 279 666.8716
9 71 207.4113
10 252 2895.9238
11 65 119.3562
12 355 339.0364
13 207 302.5240
14 136 7.8445
15 60 35.4201
16 241 1956.8945
17 65 206.7927
18 236 2255.6237
19 83 346.8361
20 42 65.2550
<precedence relations>
1,13
2,13
3,4
3,5
3,6
3,7
3,8
3,9
4,13
5,12
8,10
9,11
10,13
11,14
11,15
11,16
13,17
13,18
13,19
13,20
<end>