<number of tasks>
20
<cycle time>
1000
<order strength>
0.300
<z_alpha>
1.280
<task times>
1 110 905.8407
2 256 5652.8269
3 78 621.6727
4 192 7181.6185
5 146 197.0557
6 152 1511.8184
7 166 2453.0821
8 256 2582.4827
9 90 1484.5226
10 187 8343.3792
11 218 6329.1401
12 34 98.3107
13 266 12453.1842
14 67 269.0098
15 115 2556.1109
16 53 362.6679
17 81 228.7425
18 79 438.2996
19 157 6149.5445
20 216 9067.3930
<precedence relations>
1,9
2,9
3,7
3,8
4,5
4,6
5,9
6,9
7,10
7,11
7,12
7,14
8,13
9,15
9,16
9,17
9,18
18,19
18,20
<end>