<number of tasks>
1000
<cycle time>
1000
<order strength>
0.895
<z_alpha>
1.645
<task times>
1 143 1276.2833
2 31 3.6701
3 237 574.8571
4 221 1766.2281
5 27 39.6644
6 144 554.6523
7 381 2432.6340
8 190 1225.3332
9 461 5781.2025
10 217 1905.4344
11 491 9421.4608
12 129 335.4958
13 157 286.4908
14 543 10181.6451
15 95 517.3427
16 189 605.9038
17 268 698.1411
18 182 1208.5992
19 246 1152.2107
20 300 4969.8239
21 135 491.8594
22 217 2285.5250
23 202 1734.2539
24 133 715.7634
25 55 115.5573
26 53 19.3960
27 104 119.5368
28 367 6121.7331
29 151 1290.5114
30 96 334.0552
31 514 4523.8401
32 569 19972.5130
33 152 255.6618
34 137 1034.3251
35 156 849.7415
36 125 833.7741
37 168 135.7493
38 524 14692.6454
39 187 1852.5497
40 257 595.0947
41 195 373.5233
42 518 16157.0711
43 273 2976.8417
44 494 6088.1151
45 453 12399.9746
46 160 247.1905
47 29 28.8452
48 200 2130.4919
49 63 195.3773
50 304 790.0339
51 589 7137.8768
52 101 404.7857
53 467 8012.9068
54 446 364.8180
55 143 794.5316
56 501 4383.5082
57 496 8790.3815
58 154 671.3189
59 449 3019.5357
60 102 622.1510
61 168 403.7907
62 287 1902.9644
63 522 11510.7609
64 161 1606.8397
65 156 66.8416
66 133 533.7469
67 295 94.6623
68 335 839.8362
69 139 477.1348
70 52 118.5685
71 207 827.8803
72 94 494.4898
73 371 4806.3109
74 259 3216.2488
75 239 2332.3150
76 89 292.6897
77 219 2111.6836
78 212 375.6679
79 317 3878.1948
80 166 806.2321
81 24 22.8320
82 187 2184.8377
83 116 503.8218
84 65 45.4969
85 131 419.8827
86 283 1671.5125
87 260 728.2603
88 53 142.9120
89 42 78.3879
90 65 70.2217
91 32 36.9636
92 184 1038.9497
93 233 161.9044
94 177 34.7277
95 142 656.1635
96 363 1835.0992
97 25 12.1138
98 486 14396.1911
99 560 14171.5841
100 139 899.2520
101 77 20.7999
102 56 75.9244
103 274 64.1045
104 43 24.6691
105 134 96.5370
106 486 8853.7459
107 106 665.3578
108 156 625.7333
109 29 1.7046
110 186 1708.2018
111 106 474.4255
112 128 750.9324
113 170 506.4303
114 65 217.7135
115 118 96.4437
116 142 458.1539
117 56 35.9164
118 48 140.1938
119 87 32.5837
120 272 567.9448
121 203 2537.7161
122 121 668.5906
123 177 1071.5437
124 367 4855.3709
125 208 1878.8105
126 576 18632.5972
127 22 20.9508
128 153 298.6440
129 497 618.9664
130 107 103.4644
131 26 40.6950
132 339 4413.3274
133 182 448.8625
134 160 1382.6385
135 182 1374.2804
136 496 7147.7779
137 120 61.0945
138 136 306.3444
139 38 89.6147
140 340 2263.9931
141 237 603.2535
142 453 11746.5895
143 111 233.7162
144 315 1409.8337
145 92 37.6565
146 238 3247.7671
147 43 37.1513
148 31 15.9637
149 529 8384.1095
150 308 1848.5214
151 54 127.9150
152 507 9401.6846
153 515 7658.7209
154 74 265.8308
155 209 2458.7480
156 276 3869.5422
157 467 1000.5834
158 74 15.6791
159 274 1374.6795
160 170 1717.8003
161 91 199.1502
162 121 184.1650
163 51 68.1976
164 577 6432.0440
165 203 1309.6404
166 252 97.4533
167 86 360.6740
168 186 1089.4402
169 525 1363.0021
170 479 8551.9827
171 544 12038.2395
172 239 1497.8768
173 483 644.3544
174 203 1014.6371
175 487 12862.5256
176 290 1751.5741
177 167 1161.1829
178 139 872.5861
179 280 2211.3144
180 294 3929.2867
181 59 78.2028
182 76 287.0716
183 92 402.6596
184 290 4230.3076
185 56 19.9919
186 305 5739.4297
187 313 4746.1193
188 27 16.5150
189 209 1807.2502
190 241 47.4873
191 206 2271.5399
192 239 1990.9465
193 210 839.4245
194 243 2171.8300
195 193 2295.1045
196 150 1063.9779
197 50 76.8136
198 504 6927.0580
199 596 14511.5915
200 301 3860.3014
201 167 1275.8634
202 360 6922.7114
203 286 2437.4122
204 241 393.8460
205 122 388.8893
206 513 14191.4960
207 52 125.3134
208 40 60.2843
209 34 21.9355
210 22 9.8267
211 122 140.6249
212 28 20.5935
213 72 82.6838
214 359 7414.4118
215 265 4170.6413
216 327 5122.1083
217 308 1875.7183
218 39 31.0153
219 271 48.1412
220 133 610.3600
221 163 1507.8866
222 47 98.5708
223 315 5184.8826
224 169 856.4193
225 414 8629.0189
226 47 133.5054
227 177 1432.2998
228 106 678.0471
229 136 622.2660
230 507 2418.1318
231 121 89.6830
232 33 58.9399
233 379 8571.3174
234 115 22.7647
235 80 306.7131
236 175 1576.8724
237 513 8541.8158
238 198 451.2775
239 515 11417.7363
240 120 260.6955
241 66 104.0468
242 482 8387.5642
243 552 17770.7492
244 137 353.1916
245 144 277.2048
246 47 80.9649
247 117 306.6985
248 299 3773.5390
249 126 20.8466
250 467 10583.7255
251 61 213.0302
252 153 863.2203
253 56 163.0334
254 82 64.6522
255 22 0.9799
256 77 87.9001
257 195 2225.9452
258 189 1142.1146
259 245 1903.8854
260 80 111.7611
261 418 71.3307
262 59 215.4549
263 328 6104.2002
264 27 42.3417
265 252 1398.5683
266 469 7354.1984
267 364 2130.4374
268 236 504.6280
269 485 3192.5993
270 80 158.1318
271 86 66.2919
272 367 0.2370
273 268 454.9463
274 149 48.4950
275 92 317.7628
276 527 9109.9194
277 206 894.0925
278 80 101.3984
279 174 922.0352
280 122 627.9392
281 60 210.7534
282 44 77.0847
283 106 65.8682
284 204 2436.0855
285 499 6384.1405
286 91 244.5698
287 250 2651.2377
288 78 183.1696
289 184 1382.1826
290 50 102.2385
291 111 340.4000
292 124 650.9343
293 124 574.9316
294 271 2846.7755
295 83 22.0321
296 200 2155.6170
297 239 580.7865
298 104 632.4113
299 200 1888.3941
300 330 1380.6263
301 254 187.7304
302 160 682.8935
303 214 230.2222
304 122 198.9504
305 200 1142.3814
306 455 9087.1414
307 144 263.0843
308 476 1054.0734
309 203 1221.7994
310 510 2572.9775
311 36 14.6803
312 32 13.2722
313 576 8833.2099
314 229 2351.7121
315 229 3242.3670
316 82 105.7025
317 246 3378.6779
318 204 1154.2293
319 302 995.4020
320 182 1150.2599
321 76 285.0659
322 294 1006.2780
323 260 1764.6393
324 414 9603.3123
325 375 3190.6668
326 164 206.0717
327 98 127.6263
328 152 141.6291
329 224 2469.3263
330 138 517.6214
331 60 47.9342
332 66 36.6874
333 287 554.6090
334 172 1409.5761
335 34 59.4808
336 90 50.0329
337 75 248.4823
338 84 312.4316
339 510 5983.3647
340 32 52.1187
341 171 1699.8267
342 158 864.9669
343 62 9.2454
344 415 8164.9931
345 247 1281.3112
346 244 1534.0908
347 109 543.8161
348 65 182.4212
349 27 1.9533
350 174 802.0753
351 198 650.6136
352 59 140.2470
353 46 47.3435
354 98 487.7197
355 47 110.7324
356 107 687.1691
357 280 3730.4875
358 437 8742.2075
359 150 1239.3570
360 415 3767.7485
361 407 7448.7589
362 242 1461.8656
363 108 607.4764
364 285 315.5861
365 244 1304.1251
366 552 10579.6648
367 117 807.1635
368 266 2051.7731
369 90 391.3972
370 158 198.2261
371 110 457.7368
372 154 842.1808
373 493 11546.1385
374 549 10831.2015
375 205 2553.6953
376 145 865.1677
377 110 148.5411
378 474 1937.0908
379 375 7612.6893
380 285 2287.0933
381 252 3563.1564
382 390 2991.0138
383 253 3737.1613
384 241 3034.8295
385 300 2049.1641
386 150 663.9450
387 129 778.2230
388 370 171.6847
389 218 2168.4229
390 502 14139.2925
391 239 1672.3222
392 96 244.1537
393 488 679.9547
394 239 533.1150
395 280 4110.9590
396 502 4583.6514
397 216 702.6861
398 69 28.5775
399 69 3.5231
400 20 13.8728
401 109 75.1390
402 57 104.7395
403 125 138.9170
404 198 2105.0246
405 192 1205.4754
406 116 223.9149
407 236 406.7628
408 42 36.0371
409 91 438.5976
410 318 6027.1327
411 94 449.0708
412 339 6815.8249
413 270 910.6164
414 69 69.1675
415 144 1137.6475
416 511 14213.8150
417 230 1238.2197
418 207 541.4533
419 70 94.0266
420 189 1604.8036
421 134 338.8075
422 33 60.2590
423 28 23.4149
424 245 1095.5893
425 171 1637.8208
426 69 231.9181
427 59 147.3114
428 500 3597.6179
429 290 4226.1847
430 223 2568.9271
431 229 2968.7216
432 75 7.9258
433 73 254.2765
434 320 4759.7355
435 465 6857.2369
436 182 1651.7021
437 587 12401.6463
438 157 738.7680
439 72 2.7545
440 152 914.1030
441 540 7807.8951
442 253 205.1406
443 219 2893.1575
444 163 584.4586
445 417 4768.1562
446 389 5327.6062
447 75 74.3210
448 174 953.8317
449 53 54.3332
450 262 4283.0031
451 28 13.8932
452 215 760.2348
453 107 251.1453
454 363 5153.9890
455 246 1002.5894
456 116 449.9777
457 217 2430.6736
458 218 2550.1323
459 334 2397.8688
460 216 1345.9726
461 264 2403.1899
462 134 855.4823
463 524 16055.5497
464 144 1075.8814
465 162 735.6650
466 535 16498.7339
467 262 3832.7634
468 196 541.1338
469 54 19.4300
470 264 35.0579
471 522 16641.0951
472 138 165.9232
473 362 1147.6643
474 67 102.1472
475 576 7503.4624
476 194 942.7419
477 493 6504.2737
478 391 4372.4926
479 335 2808.7294
480 65 41.8448
481 83 88.1739
482 25 32.4554
483 382 6558.8836
484 559 3980.0390
485 129 101.4078
486 256 777.5834
487 253 1862.9704
488 33 67.7644
489 135 46.4273
490 317 4044.9026
491 48 68.3681
492 131 86.1808
493 26 29.0924
494 384 3635.8892
495 194 911.3929
496 30 45.2395
497 497 13580.0539
498 187 1796.0534
499 289 5133.5804
500 230 1894.0478
501 152 292.8474
502 150 1318.7703
503 182 1917.0613
504 278 1680.0972
505 28 37.6826
506 208 16.0168
507 212 2165.7665
508 113 195.3271
509 268 2683.7665
510 170 1635.9890
511 164 338.5273
512 161 393.7251
513 173 375.1006
514 454 2797.0897
515 376 7240.8544
516 85 56.6375
517 494 2431.2081
518 54 127.4462
519 300 523.1749
520 128 454.4785
521 229 2611.1201
522 460 6370.7201
523 56 118.1632
524 188 1406.2864
525 46 82.1607
526 74 262.2680
527 29 39.6004
528 171 141.4119
529 201 1965.4891
530 462 3024.3855
531 402 2573.7391
532 177 636.7716
533 85 94.4931
534 109 214.8173
535 492 1241.6993
536 156 1405.5265
537 217 1414.1741
538 201 1037.0272
539 33 37.4576
540 31 48.9347
541 390 101.9035
542 268 2855.5822
543 124 719.9906
544 43 97.0063
545 74 100.2064
546 310 3484.7411
547 288 1875.3254
548 218 2591.7947
549 523 20.6326
550 139 143.3572
551 101 122.3603
552 101 519.8860
553 23 26.6380
554 182 1626.6532
555 222 331.0931
556 448 4685.4852
557 462 6401.0499
558 148 1101.9521
559 182 1328.7818
560 497 10494.5531
561 299 4334.0188
562 315 2482.2316
563 110 632.0243
564 162 1264.4071
565 183 1939.6269
566 227 494.9587
567 287 3453.4942
568 84 22.5261
569 255 944.1966
570 256 1289.6517
571 315 3077.2794
572 525 7156.4037
573 134 892.8946
574 118 241.8147
575 28 43.6584
576 441 2153.9732
577 29 10.0932
578 163 63.4864
579 520 2443.6337
580 55 142.6680
581 159 874.4060
582 51 128.8523
583 83 377.7384
584 413 686.5552
585 63 2.3078
586 167 634.4363
587 411 8327.7732
588 38 17.0105
589 21 2.1663
590 185 1575.3209
591 34 47.1411
592 311 5837.8624
593 107 550.8380
594 124 893.2005
595 39 69.4107
596 93 309.8114
597 198 1837.1942
598 494 4575.0634
599 45 58.6575
600 122 564.7988
601 185 426.2543
602 314 952.2739
603 351 4040.4964
604 49 33.9590
605 160 429.4955
606 272 994.8293
607 563 484.3531
608 21 1.1806
609 489 8628.5884
610 506 9616.3056
611 144 521.1940
612 177 322.5054
613 355 4995.8159
614 546 8416.3278
615 297 5337.4585
616 169 984.9655
617 480 4233.0849
618 124 92.8830
619 128 328.5828
620 91 11.2140
621 133 258.0856
622 279 2635.9678
623 107 580.8941
624 157 847.6216
625 582 6925.6068
626 177 160.6070
627 286 107.3475
628 250 1993.3137
629 60 204.9355
630 57 178.5949
631 54 57.0255
632 214 503.6987
633 225 1196.3594
634 506 14659.6117
635 60 53.7493
636 71 96.6527
637 260 1124.8343
638 145 1124.8041
639 485 10713.8978
640 78 238.0517
641 194 977.1006
642 532 8454.3176
643 116 94.0804
644 209 95.3976
645 217 2332.3351
646 163 1063.9912
647 165 264.3837
648 66 59.1237
649 191 652.3317
650 81 301.5246
651 155 237.8930
652 480 1915.7924
653 151 949.9946
654 72 175.9501
655 244 1482.5245
656 102 569.5415
657 85 39.2956
658 68 194.2530
659 266 91.1115
660 385 1490.9735
661 32 40.3196
662 357 4011.2324
663 36 12.0158
664 434 1567.9676
665 482 2749.2781
666 181 380.2387
667 539 4133.0040
668 61 0.9970
669 123 884.2653
670 383 6428.3777
671 462 2275.9364
672 41 66.1487
673 393 3528.5228
674 192 2188.0385
675 508 10394.6539
676 520 11051.6372
677 567 18972.1670
678 148 648.1940
679 213 2692.5198
680 177 275.8214
681 510 12958.4573
682 89 7.6268
683 612 19979.5916
684 302 749.5088
685 163 142.8244
686 217 60.2802
687 444 6267.9686
688 251 2244.2812
689 121 90.7900
690 209 1863.5556
691 536 11675.6129
692 158 1358.2113
693 419 10530.6796
694 41 57.1761
695 73 86.6322
696 142 33.3308
697 51 6.6863
698 348 6045.6559
699 465 9728.1323
700 447 1508.1698
701 179 1247.5753
702 486 3535.4187
703 122 53.8796
704 235 3255.2073
705 445 12250.6392
706 138 710.1677
707 545 9969.4411
708 208 2674.1425
709 75 285.5989
710 435 11462.7629
711 52 69.5662
712 224 3026.9949
713 134 446.0862
714 366 2254.0767
715 447 6394.4831
716 509 2527.7574
717 173 1295.8879
718 173 100.2254
719 276 1587.6968
720 105 233.6276
721 186 1504.7788
722 122 753.7797
723 148 458.9116
724 165 118.9581
725 37 67.9388
726 161 736.2791
727 326 554.5397
728 152 308.3418
729 335 1571.5404
730 134 1033.3506
731 177 1057.9587
732 303 3734.1836
733 80 360.2889
734 166 1251.6127
735 361 5324.7646
736 506 11881.0149
737 263 757.4589
738 489 14304.7969
739 205 2315.9820
740 93 99.4416
741 92 23.8982
742 165 1006.0710
743 95 347.3481
744 177 82.2494
745 290 803.4601
746 203 1562.7188
747 266 3704.6546
748 180 120.0653
749 196 2276.3107
750 133 565.6502
751 91 252.4868
752 139 81.9564
753 76 155.0491
754 90 168.5816
755 320 2554.4643
756 137 447.8328
757 32 1.6882
758 31 6.4281
759 30 45.7337
760 200 2103.5771
761 169 1389.9628
762 135 161.8621
763 225 805.6359
764 273 500.0161
765 174 998.4646
766 272 2537.4349
767 453 10065.8158
768 155 996.1553
769 229 1851.4437
770 190 1147.9200
771 181 468.8138
772 41 32.7193
773 68 239.3166
774 271 2634.7528
775 256 1844.5491
776 145 825.5480
777 75 339.0664
778 245 2547.7417
779 118 503.2356
780 43 56.8641
781 245 985.0196
782 180 645.2654
783 554 2237.7482
784 62 204.6840
785 515 246.4642
786 280 1155.6571
787 157 469.2331
788 59 20.7546
789 87 271.9490
790 434 4309.9189
791 130 465.6326
792 531 14726.7772
793 158 849.0062
794 80 192.8053
795 123 152.5388
796 235 754.0829
797 390 623.7737
798 65 7.7260
799 93 199.9191
800 148 779.3209
801 135 872.3294
802 159 610.4111
803 204 1658.4866
804 254 1623.6193
805 30 43.6882
806 117 284.2485
807 179 998.4392
808 115 163.7979
809 329 119.4692
810 49 128.4218
811 171 318.5435
812 484 6932.0681
813 70 143.9428
814 302 5234.3385
815 445 5665.5156
816 45 21.7954
817 465 7965.5866
818 391 1037.6778
819 500 5267.1342
820 117 296.0075
821 158 724.5077
822 193 711.2972
823 50 6.9025
824 98 355.4366
825 45 70.7789
826 275 2134.3765
827 181 228.3057
828 28 15.9393
829 145 1252.9511
830 184 1973.7638
831 454 2068.3011
832 149 781.9419
833 374 7630.9324
834 103 177.5527
835 127 4.9006
836 354 2096.0438
837 245 909.1670
838 159 726.2815
839 423 10969.8978
840 102 94.1074
841 237 3386.8869
842 161 850.5021
843 541 213.2262
844 350 198.2441
845 142 297.0663
846 360 561.4904
847 514 5632.6352
848 654 5259.2105
849 346 5239.4612
850 254 1740.7434
851 222 1038.3126
852 73 266.9018
853 38 74.9467
854 76 294.3146
855 340 3387.7913
856 262 3617.0477
857 321 4652.0543
858 88 216.7685
859 71 137.1032
860 304 5556.6432
861 263 1795.7484
862 178 98.3703
863 238 402.3227
864 46 5.7862
865 89 86.6759
866 152 863.0493
867 221 1047.6103
868 169 73.4120
869 233 1814.6932
870 22 6.1614
871 238 1294.9030
872 177 1405.1446
873 284 4167.9265
874 540 9159.5584
875 253 3270.6816
876 487 9731.3449
877 104 173.4781
878 364 6123.0340
879 226 1462.5802
880 37 67.5353
881 213 2047.2204
882 190 1024.9780
883 145 721.4824
884 61 51.2955
885 49 102.0284
886 113 134.8370
887 374 2970.8054
888 356 3644.3290
889 263 795.7053
890 29 8.9414
891 135 420.4915
892 104 581.6328
893 104 591.9727
894 129 924.5184
895 208 1330.5802
896 194 739.2134
897 140 641.6258
898 191 448.7404
899 190 852.4074
900 151 522.6004
901 483 4644.2230
902 72 209.7722
903 234 983.3647
904 51 64.4107
905 47 119.2457
906 186 1230.8811
907 362 2434.3927
908 371 6195.9097
909 318 5993.9090
910 267 1689.2612
911 144 816.2154
912 290 1200.9248
913 547 1755.4451
914 312 4261.4875
915 42 38.0022
916 82 152.7689
917 529 3979.0519
918 195 1711.0385
919 127 284.3253
920 38 14.0302
921 116 790.9948
922 544 2088.9960
923 502 10780.4501
924 81 121.0917
925 464 1385.1515
926 265 2972.9602
927 51 3.5813
928 86 441.4499
929 49 63.0175
930 140 695.0416
931 142 143.8823
932 27 32.2696
933 460 8314.8040
934 391 1760.8780
935 256 1815.8957
936 71 199.3157
937 189 1531.3254
938 517 11070.8600
939 131 747.9575
940 277 1660.2291
941 105 327.0454
942 89 382.1766
943 126 200.2253
944 263 1467.8499
945 545 9396.8583
946 121 258.3257
947 367 5994.7151
948 284 1552.2150
949 75 150.1306
950 229 71.3104
951 193 1392.0533
952 154 1121.6752
953 208 548.1895
954 506 4001.4235
955 107 538.9712
956 146 107.1156
957 33 4.1651
958 184 1760.2280
959 42 109.8227
960 179 642.4232
961 418 8269.3502
962 202 2216.7584
963 189 1232.4907
964 143 63.1547
965 180 1522.6241
966 78 369.7462
967 296 1192.1025
968 187 73.5419
969 26 23.5609
970 59 216.9252
971 118 744.2690
972 316 1502.6514
973 101 242.7826
974 30 47.4128
975 129 786.1479
976 517 6308.4198
977 187 589.7609
978 172 1156.6757
979 491 8122.0542
980 373 1470.2792
981 185 1481.0865
982 183 1582.6536
983 196 540.6241
984 477 11666.8984
985 362 3694.3571
986 90 77.5729
987 535 10106.1498
988 283 1900.2379
989 177 1464.3956
990 329 6450.0859
991 71 122.6418
992 165 1422.8888
993 514 3660.3227
994 115 588.7039
995 279 275.9309
996 285 4794.6826
997 564 1378.1696
998 48 103.9041
999 159 305.5964
1000 546 5587.8763
<precedence relations>
1,57
2,5
2,6
2,7
2,8
2,9
3,5
3,6
3,7
3,8
4,6
4,7
4,9
5,148
6,10
6,11
6,12
6,13
6,19
7,10
7,11
7,12
7,19
8,10
8,11
8,12
8,19
9,10
9,11
9,12
9,13
9,14
10,15
11,15
11,16
11,20
12,15
12,18
13,15
13,16
13,17
14,19
15,21
15,22
15,23
15,24
15,25
15,26
15,27
15,28
16,21
16,23
17,21
17,22
17,23
17,24
18,21
18,24
18,25
18,28
19,21
19,26
19,41
20,21
20,27
21,119
22,31
22,33
23,35
23,56
24,29
25,29
25,30
25,31
25,32
25,39
26,29
26,30
26,31
26,34
27,29
27,30
27,41
28,29
28,32
29,36
29,37
30,36
30,37
30,38
30,42
31,36
31,37
31,40
32,36
32,41
33,36
33,37
33,38
34,39
35,36
36,43
36,44
36,61
37,312
38,43
38,44
38,45
38,46
38,47
38,48
39,52
39,62
39,63
40,124
40,129
41,43
41,44
41,45
41,46
41,47
41,48
42,43
42,44
42,45
43,49
43,50
43,51
43,52
44,49
44,50
44,51
44,52
45,49
45,51
45,71
46,49
46,50
46,51
46,52
46,53
46,54
46,55
47,49
47,50
47,53
47,55
48,49
48,50
48,54
48,56
49,57
49,63
50,126
51,57
51,58
51,60
51,62
51,72
51,79
52,57
52,58
52,59
52,64
52,71
53,57
53,58
53,71
53,72
54,57
54,58
54,59
54,61
54,72
55,57
55,58
56,57
56,58
56,59
56,60
56,61
56,64
57,65
57,66
57,67
57,68
57,69
57,70
57,73
58,67
58,68
58,70
59,65
59,66
59,67
59,86
60,65
60,66
60,68
61,65
61,66
61,67
61,68
61,69
61,70
61,71
62,65
62,66
62,76
63,65
63,66
63,73
64,65
64,66
64,72
64,79
65,74
65,78
66,74
66,75
67,225
67,226
67,227
68,74
68,75
68,76
69,74
69,75
69,86
70,74
70,75
70,76
70,77
70,84
70,86
71,74
71,75
71,76
71,77
71,79
72,74
72,75
72,76
72,77
73,74
73,75
73,76
73,77
73,86
74,83
74,85
75,633
75,699
75,722
75,724
76,80
76,81
76,91
77,80
77,81
77,82
77,92
78,80
78,81
78,82
79,80
79,81
79,82
79,83
79,84
79,85
79,86
80,87
80,88
80,89
81,87
81,88
82,91
82,109
83,87
83,88
83,89
83,90
84,89
84,92
84,107
85,87
85,88
85,89
85,90
85,91
85,92
86,87
86,90
86,102
87,93
87,96
87,97
87,100
88,93
88,94
88,95
88,96
88,97
88,102
89,98
89,99
90,93
90,94
90,95
90,96
90,97
90,98
90,99
91,93
91,94
91,95
91,101
92,93
92,94
93,103
93,104
93,105
94,103
94,104
94,105
94,106
95,103
95,104
95,105
95,106
95,107
96,265
97,103
97,107
97,108
97,109
98,103
99,103
99,108
99,109
100,103
100,104
100,107
100,108
100,109
101,105
102,103
102,104
102,106
102,108
103,110
103,111
103,112
103,113
104,110
105,110
105,118
106,266
107,110
107,111
108,110
108,112
108,113
108,117
109,110
109,111
109,112
109,113
110,114
111,114
111,115
111,116
111,117
111,118
112,114
112,115
112,118
113,114
113,115
113,116
114,119
114,120
114,121
114,122
115,119
115,120
115,121
115,122
116,119
116,120
117,119
117,121
117,122
118,470
119,123
119,124
119,127
119,128
119,129
120,123
120,124
120,125
120,126
120,129
121,123
121,124
121,125
121,126
121,127
121,128
121,129
122,123
122,124
122,125
122,127
123,130
123,131
123,132
123,133
124,130
124,131
124,132
124,133
125,130
125,131
125,132
125,133
126,130
126,131
127,130
128,130
129,130
129,131
129,132
129,133
130,134
130,135
130,136
130,137
130,138
131,138
132,134
132,135
133,134
133,135
134,139
134,140
134,141
134,142
134,144
134,145
135,139
135,140
135,141
135,144
136,139
136,141
137,241
138,143
138,145
139,146
139,148
139,149
140,146
140,147
140,148
141,146
141,147
141,148
141,149
141,150
141,151
142,146
143,277
144,242
145,146
145,147
145,151
146,152
146,153
146,154
146,155
146,156
146,157
146,158
147,152
147,153
147,154
147,155
148,152
148,154
149,152
149,153
149,154
149,158
149,163
149,164
150,152
150,153
150,156
151,152
151,153
151,154
151,155
151,156
151,157
151,158
152,271
153,159
153,160
153,178
154,159
154,160
154,161
155,159
155,160
155,161
155,164
156,159
156,160
156,161
156,162
156,164
157,159
157,160
157,161
157,162
157,163
157,164
158,271
159,165
159,166
160,165
160,166
161,165
161,166
161,167
161,168
161,169
162,165
162,166
162,167
162,168
162,169
163,165
163,166
163,167
163,168
163,169
164,165
164,169
165,174
165,177
166,170
166,171
166,172
166,175
166,179
167,170
167,171
168,170
168,171
168,172
168,173
168,178
169,172
169,173
169,176
170,180
170,181
170,182
170,183
170,185
171,180
171,181
171,184
171,185
172,180
172,181
172,183
172,192
172,193
173,180
173,196
174,180
174,181
174,182
174,183
175,180
175,181
175,182
175,185
176,180
176,181
176,182
176,183
176,184
176,185
177,180
177,181
177,182
177,183
178,180
178,181
178,182
178,185
179,180
179,181
179,182
180,186
180,187
180,197
180,198
180,199
180,201
181,190
181,288
181,290
181,294
182,186
182,187
182,188
182,189
182,190
182,191
182,192
182,193
183,186
183,187
183,188
183,189
183,191
184,186
184,187
184,188
185,186
185,187
185,188
185,189
185,190
186,200
187,194
187,195
188,196
188,206
189,194
189,195
189,197
190,444
190,479
191,194
191,198
191,199
191,201
192,194
192,195
192,196
192,197
192,198
192,205
192,206
193,194
193,195
193,196
193,198
193,205
193,206
194,202
194,203
195,202
196,202
196,203
197,202
197,203
197,204
198,220
198,226
199,202
199,203
199,204
199,205
200,205
200,206
201,202
201,203
201,204
201,205
201,206
202,207
202,208
202,209
202,210
202,211
202,212
202,213
202,214
203,207
203,208
203,209
203,210
203,213
203,214
204,211
205,207
205,208
205,209
205,210
205,212
205,213
205,214
206,212
207,215
207,216
207,217
207,219
207,220
208,215
208,216
208,217
208,218
208,219
208,220
209,215
209,216
209,217
209,218
209,219
209,220
210,215
210,216
210,226
211,215
211,216
211,217
211,218
211,226
212,215
212,216
212,218
212,220
212,226
213,215
213,216
213,217
214,307
215,221
215,222
215,225
215,227
216,221
216,222
216,227
217,304
218,222
218,229
219,221
219,222
219,223
219,224
219,225
219,226
219,227
220,221
220,222
220,223
220,227
221,228
221,229
221,230
221,231
221,232
221,233
222,228
222,230
222,231
222,232
222,233
223,228
223,229
223,230
223,231
223,232
223,233
224,228
224,229
224,230
225,228
225,229
225,230
225,231
225,232
225,233
226,228
226,229
226,230
226,231
227,228
227,229
227,230
227,231
227,232
227,233
228,234
228,235
228,239
229,234
230,234
230,235
230,236
230,237
230,238
230,239
231,234
231,238
231,239
232,234
232,235
232,236
232,237
232,238
232,239
233,234
233,235
233,236
233,237
233,238
233,239
234,240
234,241
234,242
234,243
234,244
234,245
234,246
235,240
235,241
235,242
235,243
235,244
235,245
235,246
236,240
236,241
236,242
236,243
236,250
237,240
237,241
237,242
237,243
237,245
237,246
238,240
238,241
238,242
238,243
238,250
239,240
239,241
239,242
239,243
239,250
240,247
240,251
240,253
241,249
241,267
242,247
242,248
242,252
243,247
243,248
244,247
244,248
244,249
244,250
245,247
245,248
245,249
245,250
246,247
246,248
246,249
246,250
247,255
247,288
248,254
248,255
248,259
248,260
248,261
249,254
249,255
249,256
249,257
249,258
249,259
250,266
250,288
251,254
251,255
251,256
251,257
251,258
252,255
252,257
253,261
254,262
254,263
254,264
254,265
254,266
254,268
255,262
256,262
256,263
257,264
257,276
257,279
258,265
259,262
259,263
259,266
260,262
260,263
260,267
260,288
261,262
261,288
262,269
262,270
262,271
262,272
262,273
262,274
262,275
263,269
263,270
263,274
264,269
264,270
264,271
264,272
265,269
265,270
265,271
266,269
266,270
266,272
266,290
267,269
267,270
267,271
267,272
267,273
267,274
267,286
268,269
268,270
268,271
268,275
268,276
269,358
269,364
269,368
270,277
270,285
271,277
271,278
272,280
273,277
273,278
274,277
274,278
274,279
275,277
276,277
276,281
276,282
277,287
277,289
277,294
278,283
278,284
279,284
279,290
280,283
280,284
280,303
281,283
281,352
282,283
282,284
282,285
282,286
282,288
283,688
283,758
284,291
285,291
285,292
285,294
286,291
286,292
286,293
286,294
287,291
287,292
287,293
288,291
288,292
288,293
289,462
289,585
289,628
289,650
290,291
290,292
290,293
291,295
291,296
291,297
291,298
292,295
292,299
293,295
293,296
293,297
293,298
293,299
294,296
294,298
295,300
295,301
295,304
295,321
295,322
296,300
296,302
296,305
296,313
297,300
297,301
297,302
297,306
298,300
298,301
298,322
299,300
299,303
300,307
301,307
301,311
301,313
302,309
302,345
303,307
303,331
303,337
304,338
305,307
305,312
305,329
306,307
306,308
306,310
307,314
307,318
307,319
307,320
308,378
309,314
309,315
309,322
310,314
310,315
310,316
311,314
311,315
311,316
312,314
312,315
312,316
312,317
312,321
312,345
313,314
313,315
313,329
314,323
314,324
314,328
315,323
315,324
315,325
315,326
315,327
315,331
316,323
316,324
316,325
316,326
317,326
318,324
318,330
318,332
319,327
319,360
319,361
320,323
320,424
321,432
322,323
322,325
322,329
323,519
324,336
324,339
325,337
325,743
326,429
327,333
327,334
327,362
327,364
328,333
328,334
328,374
329,333
330,333
330,335
330,353
331,333
331,334
331,335
331,354
332,333
332,334
332,335
332,336
332,338
332,340
333,341
333,346
333,348
333,355
334,341
334,342
335,347
335,359
336,341
336,342
336,343
337,615
338,381
338,383
338,387
339,341
339,342
339,344
340,343
340,345
341,349
341,350
341,351
342,444
343,353
343,355
344,349
344,350
344,351
344,352
344,354
345,349
346,349
346,356
346,378
347,349
347,350
347,351
347,352
348,755
348,838
348,846
349,363
350,358
351,357
352,357
352,360
352,361
352,362
352,364
353,357
353,359
354,357
354,358
354,359
355,357
355,358
355,359
355,378
356,357
356,358
357,365
357,366
358,365
358,366
358,369
358,381
359,365
360,365
361,365
361,366
361,367
362,365
363,365
363,368
364,365
364,367
365,372
365,383
366,370
366,371
366,416
367,370
367,373
367,374
368,371
368,426
369,370
369,371
369,372
369,375
369,382
370,420
370,441
370,477
371,579
371,604
372,376
372,377
372,386
373,376
373,378
374,377
374,426
375,376
375,377
375,383
375,386
376,379
376,380
377,379
378,379
378,380
378,381
378,382
378,383
379,494
380,384
380,385
380,387
380,388
381,384
381,385
381,386
381,388
382,387
383,384
383,404
384,392
384,434
385,389
385,425
385,431
385,442
386,389
386,390
387,389
387,454
387,479
388,389
388,390
388,391
389,448
389,487
390,393
390,394
391,393
391,394
391,395
391,396
391,398
392,397
392,437
392,463
393,399
393,400
393,401
393,402
393,403
394,399
394,400
394,404
395,399
395,402
396,399
396,403
398,475
398,485
398,491
399,405
399,406
399,407
400,408
401,405
401,406
401,410
402,405
402,406
402,427
403,405
403,406
403,407
403,408
403,409
404,558
404,561
404,582
405,411
405,412
405,413
405,414
405,418
406,411
406,417
407,411
407,412
407,413
407,414
407,415
407,416
407,417
407,419
408,419
408,475
408,476
409,411
409,412
409,416
409,426
409,427
410,411
410,439
410,442
411,420
411,421
411,422
411,424
411,425
411,428
412,420
412,421
412,422
412,423
413,420
413,421
413,422
413,448
414,420
414,421
414,426
415,420
415,421
415,422
415,423
415,427
416,457
416,466
417,420
417,491
417,520
418,420
419,420
419,421
419,434
419,448
420,488
421,433
421,453
421,478
422,429
423,429
423,432
424,430
424,431
424,434
425,429
425,430
426,429
426,430
426,443
427,507
427,542
428,429
428,491
429,435
429,438
429,441
430,435
430,436
430,437
430,440
431,435
431,436
431,437
431,438
431,443
432,435
432,436
432,439
432,442
433,692
434,598
435,674
435,677
436,449
437,444
437,445
437,446
437,447
438,444
438,479
439,444
439,445
439,487
440,445
440,448
441,599
442,446
442,463
443,444
443,478
443,479
443,491
444,450
444,451
444,456
445,450
445,452
445,470
446,450
446,451
446,457
447,451
448,450
448,451
448,452
448,455
449,450
449,451
449,452
449,453
449,454
449,455
449,476
449,478
450,464
450,517
450,533
451,458
452,458
452,459
452,465
452,491
453,458
453,459
453,460
453,479
453,491
454,463
454,488
455,458
455,459
455,491
456,458
457,458
457,459
457,460
457,461
457,462
458,469
459,702
459,734
460,471
460,600
460,640
461,467
461,468
461,470
461,485
462,703
462,716
463,466
464,509
465,784
466,472
466,473
466,490
467,479
468,472
468,473
468,474
468,475
468,476
468,478
468,490
469,472
469,477
469,480
470,473
471,677
472,481
472,486
472,489
473,481
473,482
473,491
474,481
474,482
474,492
475,481
475,482
475,483
475,487
475,488
476,481
476,513
476,517
477,481
477,483
477,484
477,488
477,490
477,506
478,513
478,542
479,481
479,487
480,481
480,482
480,483
480,485
481,497
482,493
482,494
483,492
484,492
484,493
485,492
486,492
486,499
487,492
487,493
487,494
487,495
487,496
487,497
488,492
488,493
489,495
490,493
490,496
491,492
491,493
492,501
492,502
493,498
493,499
493,500
493,504
493,523
493,528
494,498
494,499
494,529
495,500
495,506
496,503
497,505
498,514
498,533
499,507
499,542
500,512
500,529
501,539
502,715
502,735
502,778
502,835
503,508
503,513
503,517
504,507
504,509
504,510
504,511
504,533
505,507
505,508
505,509
506,543
507,514
508,515
508,516
509,514
509,542
510,514
511,514
511,515
511,542
512,514
512,517
512,533
513,514
514,521
514,522
515,519
515,524
516,518
516,519
516,520
516,523
517,700
517,706
518,525
518,528
518,551
519,525
519,526
520,529
520,538
521,525
521,526
522,525
522,527
523,525
523,526
524,525
524,526
525,530
525,531
525,534
525,536
526,532
526,535
526,537
527,531
528,620
529,533
529,551
529,582
530,624
531,538
532,538
532,539
533,542
533,626
534,538
534,539
534,540
535,543
535,564
536,540
537,539
537,541
538,544
538,546
538,548
539,544
539,545
540,545
540,609
541,544
541,547
542,635
543,627
544,552
544,557
544,572
545,549
545,597
545,638
546,553
547,549
547,551
547,556
548,549
548,550
548,554
548,555
548,582
549,655
550,628
551,558
552,558
552,559
552,576
552,582
553,558
553,559
553,560
553,561
554,595
555,558
556,559
556,560
557,614
558,562
558,563
560,562
560,565
560,567
561,564
561,566
561,605
561,636
562,568
562,570
562,588
562,591
563,568
563,569
563,570
563,588
564,571
564,638
565,568
565,572
566,695
567,568
567,569
568,574
568,575
568,578
569,573
569,577
569,579
570,580
570,581
571,576
572,582
573,583
573,584
573,586
574,583
574,586
574,598
575,618
576,583
576,597
577,583
577,625
578,583
578,603
578,659
579,584
580,585
580,587
581,583
581,594
582,588
582,604
583,771
584,589
584,591
585,618
586,589
586,593
587,589
587,590
587,592
588,589
588,590
589,595
589,597
590,596
591,598
591,657
592,594
592,595
593,594
594,599
594,602
594,604
594,620
595,599
595,600
595,601
595,605
596,678
596,681
597,606
598,599
598,603
598,696
599,689
599,724
600,607
600,610
601,609
601,611
602,663
603,995
604,829
604,878
605,884
606,607
606,608
607,617
608,616
609,613
609,614
609,616
610,634
611,612
611,615
612,618
612,619
612,621
613,618
613,619
613,620
613,621
613,622
613,624
613,632
614,618
614,619
614,620
614,622
614,623
615,661
616,618
616,625
617,618
617,619
618,631
619,627
619,629
619,633
620,630
621,682
622,626
622,627
622,628
622,639
623,626
624,628
625,626
625,627
625,632
626,634
626,635
626,640
627,637
627,792
628,634
628,636
629,666
629,693
630,634
630,638
631,634
631,639
632,634
633,711
633,772
634,642
634,649
634,665
635,644
635,647
636,641
636,642
637,984
638,649
639,641
639,642
640,641
640,642
640,643
640,645
640,646
640,648
641,656
641,679
641,730
642,766
642,776
643,650
643,652
643,653
644,650
644,654
645,650
646,650
646,685
647,766
648,738
649,651
650,655
650,656
650,657
650,658
650,661
651,655
651,656
652,655
652,660
652,662
653,810
653,870
654,655
654,659
655,663
656,751
657,663
657,664
658,701
659,665
659,669
659,717
660,694
660,743
661,855
661,916
662,663
663,666
663,667
663,668
663,671
664,669
665,670
665,672
665,673
666,678
667,841
668,675
668,680
668,681
669,674
669,679
670,684
671,676
672,677
673,723
674,844
675,698
676,682
677,685
677,692
677,703
678,682
678,710
679,684
680,705
680,845
681,683
681,684
682,688
682,689
682,690
683,687
683,691
683,766
684,686
684,687
686,693
687,735
687,882
688,696
688,770
689,694
689,695
689,698
690,692
690,699
691,697
691,924
691,939
692,706
693,701
693,702
693,707
693,731
694,783
694,819
695,700
696,735
696,779
697,773
697,873
698,705
698,774
698,816
699,700
699,703
699,704
700,709
700,711
700,712
701,708
701,710
702,895
703,793
703,844
704,713
704,792
705,907
706,708
707,708
707,727
708,714
708,715
708,716
709,718
709,719
711,716
711,790
711,797
712,793
712,798
713,717
713,744
713,779
714,722
714,723
715,724
716,720
717,720
718,721
718,723
719,753
719,847
719,866
720,725
720,726
721,725
721,726
721,727
721,730
721,731
723,728
723,729
724,740
725,736
725,739
726,899
726,933
727,732
727,737
728,872
729,732
729,733
729,734
729,735
729,738
730,835
730,896
731,732
732,742
732,743
732,745
733,741
733,811
734,740
735,914
736,951
736,973
737,856
738,740
738,744
739,746
740,747
741,750
742,747
742,748
743,751
744,979
745,749
745,852
745,853
745,863
745,912
746,752
747,757
747,828
748,753
748,756
750,759
751,755
752,754
752,758
752,783
753,901
753,970
754,808
755,761
756,760
757,765
758,847
758,876
759,762
759,763
759,764
760,794
761,767
761,769
761,771
761,772
761,847
763,766
763,768
764,766
764,770
765,773
765,774
765,884
765,886
766,778
766,779
767,777
767,780
767,781
767,867
767,868
768,775
768,782
769,882
770,964
770,982
771,776
771,783
772,775
773,913
773,955
774,837
775,784
775,789
776,791
777,807
778,966
779,785
779,796
779,822
780,831
781,787
781,790
781,797
781,843
781,864
782,788
782,869
783,786
784,796
784,797
785,793
785,794
786,804
786,822
787,792
788,923
789,795
789,858
789,877
789,883
791,792
792,800
792,806
793,801
793,869
794,798
794,805
794,821
796,802
796,803
796,804
797,799
797,807
798,841
799,900
800,831
800,884
801,809
802,808
802,815
803,810
803,813
804,812
804,814
805,810
806,811
807,855
807,887
808,823
809,820
810,818
810,819
811,822
811,837
812,816
812,824
813,915
814,878
814,902
815,816
815,817
815,821
816,828
816,829
816,833
817,825
817,827
818,925
819,831
820,832
820,850
823,826
824,830
825,928
825,953
826,833
826,839
827,836
828,834
828,859
828,907
829,837
830,840
830,950
831,841
832,833
832,835
832,838
832,891
832,893
834,844
835,842
835,846
835,847
836,842
836,843
837,845
838,842
838,900
839,848
841,845
841,849
842,853
842,855
842,876
843,851
843,852
843,856
844,857
844,882
844,934
845,851
845,855
846,947
846,991
847,915
847,948
848,850
849,854
849,889
849,918
850,863
850,912
850,960
851,858
851,861
851,862
851,865
852,858
852,859
853,921
855,954
856,860
856,999
857,864
857,895
859,866
859,870
860,995
861,871
861,872
861,879
862,875
862,933
863,867
863,868
863,929
864,900
864,952
865,869
866,875
866,972
869,876
870,874
870,877
871,914
871,984
871,991
872,873
873,880
873,942
874,878
874,884
874,886
875,879
875,881
875,885
876,882
876,883
876,887
877,878
877,942
878,911
878,989
880,891
880,893
881,937
881,973
882,888
882,892
882,895
883,889
883,890
886,888
886,891
887,894
887,919
887,925
888,989
890,899
890,901
890,902
891,900
891,903
891,908
892,897
892,904
892,962
893,896
893,897
893,905
893,988
894,915
895,898
895,905
898,910
898,912
899,907
899,908
899,925
900,962
900,996
901,908
903,906
904,909
904,911
906,913
906,914
906,915
909,916
909,918
910,917
910,961
911,913
912,972
912,993
914,922
914,948
915,920
915,923
916,921
916,922
916,924
917,919
917,925
917,965
918,926
919,933
920,930
920,934
920,943
921,928
921,933
923,929
923,931
924,932
925,930
925,970
926,927
926,951
927,988
928,942
928,963
929,937
929,940
929,943
930,940
930,977
931,938
931,989
932,935
932,936
932,937
933,939
933,952
933,996
934,941
937,978
938,946
938,947
938,974
938,975
942,948
942,951
943,944
943,945
943,949
944,950
945,951
945,953
946,954
948,952
949,953
949,954
951,959
951,977
952,955
952,958
953,956
953,966
954,957
954,984
955,960
956,962
956,963
956,967
957,986
959,961
960,964
960,966
960,967
960,968
960,969
961,971
963,965
963,970
966,973
967,975
968,974
970,973
970,976
971,972
972,981
974,978
974,979
976,977
976,980
977,986
977,987
978,983
979,982
979,985
980,985
981,984
981,986
982,993
983,990
983,994
984,992
985,988
985,992
986,991
987,989
988,995
988,999
989,996
990,997
990,998
994,998
994,1000
<end>