<number of tasks>
100
<cycle time>
1000
<order strength>
0.895
<z_alpha>
1.960
<task times>
1 337 24727.1879
2 379 10119.1354
3 357 20219.9182
4 422 19737.9971
5 368 10725.7430
6 429 17744.6523
7 485 55595.3278
8 569 27223.9438
9 317 7659.3043
10 314 4498.9064
11 511 26285.4377
12 840 3657.9918
13 378 5679.4889
14 407 24740.3338
15 634 23079.7228
16 399 3644.3983
17 440 15479.6144
18 502 7489.6956
19 561 1338.1624
20 461 44420.5174
21 441 6262.6537
22 497 29394.8158
23 402 25706.1928
24 487 9357.7997
25 415 28387.5815
26 707 16790.9514
27 558 20483.7977
28 363 15396.5138
29 406 645.2674
30 458 11590.4860
31 474 51693.4887
32 524 35167.2466
33 576 41969.1367
34 517 31541.3238
35 619 13094.0308
36 332 6872.1979
37 468 24898.3512
38 473 16035.5841
39 575 28816.8287
40 382 28391.2159
41 417 7997.4418
42 351 4752.2684
43 648 17339.6797
44 526 10162.0139
45 647 25775.7518
46 292 11816.2070
47 458 47122.2909
48 390 13513.0918
49 445 21010.9196
50 485 17609.2770
51 776 11920.4676
52 517 20921.0951
53 457 44405.5186
54 470 4092.3834
55 608 16141.5847
56 599 18690.9900
57 551 37267.3201
58 568 33970.7965
59 484 6401.8401
60 649 16397.5431
61 505 44625.4899
62 609 33707.0436
63 376 28149.5117
64 440 10882.4446
65 373 20536.1500
66 288 16209.9729
67 534 46693.0024
68 498 51158.1287
69 549 33532.4834
70 865 4385.1064
71 624 12611.7028
72 570 29970.4612
73 556 35831.7878
74 434 8250.3105
75 455 25026.5184
76 734 9892.1001
77 647 10120.6525
78 462 3497.8778
79 584 581.3625
80 507 4568.8952
81 501 32057.6156
82 666 3756.5121
83 622 15684.7503
84 514 60633.4996
85 580 3799.6958
86 520 4417.6969
87 633 3733.7850
88 414 37397.8121
89 547 47851.2755
90 468 39181.1052
91 600 40470.2544
92 353 11245.2636
93 512 49792.7080
94 801 3365.3883
95 479 33031.1355
96 368 9860.9045
97 578 2438.4213
98 407 2162.1415
99 478 14892.3228
100 398 14628.2804
<precedence relations>
1,5
1,7
2,5
2,6
2,7
3,5
3,6
3,7
4,5
4,6
4,7
5,8
5,9
5,10
6,8
6,9
6,10
7,8
7,9
7,10
8,11
8,12
8,13
9,11
9,12
9,13
10,11
10,12
10,13
11,14
11,15
11,16
12,14
12,15
13,14
13,16
14,17
14,18
14,19
14,20
14,21
15,17
15,18
15,19
15,20
16,17
16,20
17,22
17,23
18,22
19,36
20,22
20,23
20,24
21,24
22,25
22,26
22,27
23,26
23,27
24,25
24,26
24,27
25,28
25,29
25,30
25,31
26,28
26,29
26,30
26,31
27,28
27,29
27,30
27,31
28,32
28,33
29,32
29,33
30,32
30,33
31,32
31,33
32,34
32,35
32,36
32,37
33,34
33,35
33,36
34,38
34,39
34,40
34,41
34,42
35,38
35,39
35,40
35,41
35,42
36,38
36,39
36,40
36,41
37,38
37,39
37,40
37,41
37,42
38,44
38,45
39,43
39,52
40,43
40,44
41,44
41,45
42,56
43,46
43,48
44,48
45,46
45,47
45,48
46,50
46,60
47,49
47,50
47,51
47,52
47,53
48,49
48,51
48,53
49,54
49,62
49,63
50,54
50,55
51,56
51,57
52,54
52,59
52,62
53,56
54,61
55,61
55,71
56,58
56,61
57,58
57,59
58,60
58,62
58,63
59,61
59,68
60,64
60,65
61,64
62,65
63,71
63,86
64,66
65,66
65,67
65,68
66,70
67,92
67,96
68,69
69,71
69,72
69,75
70,72
70,73
70,74
70,75
71,77
71,80
72,76
74,76
75,76
75,77
75,78
76,79
76,80
76,81
77,94
78,79
79,86
80,82
80,83
80,84
80,85
83,88
83,97
84,87
84,94
86,88
86,89
87,90
88,91
89,92
89,93
91,94
92,97
93,94
93,95
93,96
94,100
95,98
95,99
97,99
<end>