<number of tasks>
100
<cycle time>
1000
<order strength>
0.601
<z_alpha>
1.960
<task times>
1 242 13.6391
2 99 179.5833
3 220 2458.4714
4 534 17131.8535
5 55 147.5110
6 490 550.9949
7 91 503.4916
8 282 1451.0105
9 232 950.6837
10 232 404.1625
11 159 15.2668
12 270 755.9907
13 342 2369.5049
14 102 144.8022
15 307 3521.3221
16 545 14137.1390
17 307 649.2121
18 225 1769.4838
19 348 6598.2065
20 286 4854.2975
21 542 17555.5342
22 99 334.5605
23 92 6.4500
24 189 1374.0206
25 575 19862.0715
26 36 5.2888
27 161 1222.4124
28 84 342.1126
29 168 625.1269
30 115 173.3939
31 128 704.3659
32 139 336.9496
33 206 151.8231
34 518 14114.9180
35 188 121.7488
36 261 2324.3222
37 542 11057.6774
38 428 9899.3001
39 58 26.5390
40 51 132.1985
41 243 2010.9193
42 258 2969.5885
43 185 193.4885
44 336 2027.5218
45 287 4017.7061
46 152 698.3184
47 140 550.6511
48 247 1787.2853
49 84 2.0946
50 531 9401.7181
51 443 10241.2910
52 371 7846.1568
53 148 712.4452
54 26 1.7215
55 31 41.1615
56 157 103.2687
57 291 2272.3429
58 227 657.8235
59 241 3011.2158
60 123 556.4788
61 207 2241.3092
62 74 178.5211
63 63 176.3637
64 193 1606.8049
65 84 151.8056
66 425 4127.5746
67 187 1835.7731
68 46 35.6887
69 121 906.8245
70 150 1281.0427
71 225 720.4982
72 172 1378.2365
73 519 6469.2502
74 208 720.1906
75 28 42.9529
76 187 1994.0572
77 127 143.1468
78 89 232.3512
79 168 127.2154
80 412 2658.1366
81 56 9.7507
82 30 43.5570
83 498 13009.6713
84 149 949.0245
85 221 2503.0552
86 332 3879.7406
87 133 787.0780
88 198 2265.3476
89 57 77.0842
90 335 1694.7930
91 66 168.2702
92 229 307.0273
93 177 1611.7272
94 330 2160.1815
95 354 1729.4861
96 400 5391.5784
97 527 1925.3256
98 214 1471.3572
99 208 936.7369
100 187 2185.2067
<precedence relations>
1,9
2,7
2,12
3,8
3,11
3,12
3,13
4,10
4,13
5,11
5,12
5,13
6,20
6,21
7,14
8,16
9,20
10,18
11,15
11,29
11,30
11,34
12,17
12,19
12,20
12,21
13,19
13,20
14,27
15,23
16,24
17,25
18,26
19,22
19,27
19,36
20,27
20,28
20,29
20,35
21,27
21,28
21,30
22,32
23,31
24,33
25,34
26,35
27,54
27,55
28,33
28,34
28,36
29,33
30,33
30,35
30,36
31,37
32,39
33,38
33,40
33,42
34,41
34,42
34,43
35,63
35,69
35,70
35,72
36,50
36,70
37,44
38,45
39,47
40,48
41,46
41,49
41,50
41,62
42,49
42,50
42,51
43,50
43,51
44,54
45,55
46,52
47,53
48,56
49,54
50,57
50,63
50,72
51,55
51,56
51,57
51,62
52,58
53,59
54,60
55,60
56,60
57,78
57,94
58,61
59,62
60,63
60,64
60,65
60,66
60,70
61,67
62,68
62,70
62,71
62,73
62,79
63,68
63,71
63,73
64,72
64,76
65,69
65,85
65,94
66,68
66,69
66,73
67,75
68,74
68,88
69,78
69,95
70,83
70,92
70,96
71,76
72,79
72,84
73,77
73,78
73,82
73,94
74,80
75,82
76,81
76,83
77,84
77,85
78,92
79,83
79,85
79,91
79,94
80,86
81,87
82,91
83,88
83,90
84,90
85,89
85,90
85,92
85,96
86,93
87,94
89,95
91,96
93,97
94,98
97,99
98,100
<end>