<number of tasks>
100
<cycle time>
1000
<order strength>
0.895
<z_alpha>
1.645
<task times>
1 458 22929.8480
2 165 2108.3253
3 242 10556.8377
4 228 7685.3407
5 235 360.4445
6 458 24409.4501
7 176 4618.1359
8 96 2075.5153
9 119 906.9095
10 72 815.6127
11 21 34.5024
12 182 5518.5920
13 353 18950.4559
14 269 285.3971
15 163 2401.0454
16 445 7113.9772
17 480 41003.9900
18 343 18861.5931
19 189 839.6858
20 477 20185.1430
21 394 17291.7654
22 557 16884.6292
23 369 20835.9134
24 456 9356.9353
25 227 4081.8327
26 216 2390.3633
27 480 53962.1062
28 156 5452.4075
29 285 12140.8694
30 99 195.4384
31 368 16837.7696
32 239 9585.6030
33 284 401.3502
34 205 3978.2846
35 589 25042.0514
36 164 512.1980
37 269 5652.7266
38 494 6589.7074
39 92 1543.7786
40 577 8734.7850
41 99 1577.6417
42 235 4892.6622
43 544 31792.2749
44 37 316.1732
45 455 50057.4765
46 120 2765.2176
47 198 2142.6350
48 141 3034.6475
49 146 661.4469
50 23 127.4098
51 91 438.7117
52 178 4444.1992
53 283 11662.1974
54 78 108.7460
55 353 5238.8756
56 157 961.0339
57 120 1908.5668
58 124 3471.6431
59 117 2742.2160
60 239 10968.6103
61 150 925.9468
62 490 6769.2408
63 377 3573.1677
64 390 20797.6457
65 195 1398.4847
66 520 43306.7932
67 36 80.9086
68 210 1386.5377
69 145 610.8090
70 214 1918.1344
71 427 35295.8686
72 186 7558.2883
73 250 719.5532
74 188 5611.5884
75 459 21974.3232
76 99 743.7296
77 103 1576.5330
78 54 184.5999
79 146 3608.3023
80 75 367.1682
81 29 70.8253
82 61 0.5886
83 379 13704.1205
84 194 6174.8056
85 271 15736.2317
86 243 2453.6032
87 580 29509.9259
88 54 627.7278
89 198 5080.4490
90 81 1389.8459
91 42 383.5994
92 108 2583.6189
93 435 14370.2607
94 419 10932.4103
95 310 17878.0030
96 107 1316.4643
97 39 308.9753
98 204 960.2933
99 134 1199.5640
100 92 87.9250
<precedence relations>
1,4
1,5
1,6
2,4
2,5
2,6
3,4
3,5
3,6
4,7
4,8
4,9
5,7
5,8
5,9
6,7
6,8
6,9
7,10
7,11
7,12
7,13
8,10
8,11
8,12
8,13
9,10
9,11
9,12
9,13
10,14
10,15
10,16
11,14
11,15
11,16
12,14
12,15
12,16
13,14
13,15
13,16
14,17
14,18
14,19
14,20
14,21
14,22
15,17
15,18
15,19
15,20
15,21
15,22
16,17
16,18
16,19
16,20
16,21
16,22
17,23
17,24
17,25
17,26
17,27
18,23
18,24
18,25
18,27
19,23
19,24
19,25
19,27
20,23
20,26
21,24
21,25
21,26
21,27
22,23
22,24
22,25
22,26
22,27
23,28
23,29
23,30
24,28
24,29
24,30
25,28
25,29
25,30
26,28
26,29
27,28
27,29
28,31
28,32
28,33
28,34
29,31
29,32
29,33
29,34
30,31
30,32
30,33
30,34
31,35
31,36
31,37
32,48
32,49
33,37
34,35
34,36
35,38
35,39
35,40
35,42
36,39
36,40
36,41
36,42
37,38
37,39
37,40
37,41
37,42
38,43
38,44
39,43
39,44
40,43
40,44
41,46
41,55
41,60
41,68
42,43
43,45
43,46
43,48
43,49
44,45
44,46
44,47
44,48
44,49
45,66
46,73
46,76
46,81
46,85
47,50
47,51
48,50
48,51
49,50
49,51
50,53
50,54
50,55
50,56
51,52
52,53
52,54
52,55
52,56
53,57
54,63
54,70
55,67
55,74
56,57
57,58
57,59
57,60
57,61
58,62
59,62
59,63
59,64
60,71
61,64
61,65
62,66
63,67
63,75
64,70
64,78
64,80
65,66
66,68
66,69
66,70
66,72
67,71
67,79
68,73
68,74
68,75
68,80
69,73
69,74
70,74
70,75
71,73
72,76
72,79
73,77
73,78
74,79
74,89
74,90
74,92
75,81
76,77
76,80
77,82
77,83
77,86
78,82
79,85
79,95
80,82
80,84
81,84
81,88
82,88
82,89
82,90
83,88
84,87
84,93
85,97
86,87
88,92
89,91
91,100
92,93
92,94
92,95
94,97
94,98
95,96
96,99
98,99
98,100
<end>