<number of tasks>
100
<cycle time>
1000
<order strength>
0.596
<z_alpha>
1.960
<task times>
1 554 6158.9503
2 329 614.7118
3 476 8112.4713
4 449 8075.6982
5 680 12013.6190
6 638 23102.1934
7 553 8397.8028
8 852 5696.0423
9 609 1709.4495
10 684 11544.5460
11 556 8312.1460
12 540 6003.8171
13 270 4436.7007
14 421 7275.4709
15 393 341.6594
16 450 9980.2373
17 482 8357.9409
18 677 11955.2550
19 704 8159.9467
20 472 11398.3551
21 382 318.1918
22 584 16165.2412
23 497 6311.5436
24 279 4172.1298
25 701 19081.7823
26 441 4869.8098
27 617 21384.0428
28 452 1476.1556
29 448 10895.8039
30 561 6974.2414
31 490 4659.8198
32 425 8353.2139
33 509 5809.1205
34 368 7806.1506
35 458 390.6025
36 529 9002.7264
37 686 24992.5827
38 494 14424.4309
39 416 2724.9404
40 438 2048.2509
41 518 16124.4123
42 499 9645.3555
43 626 4881.9947
44 423 896.5045
45 406 6096.0437
46 333 6853.0297
47 607 10321.6509
48 606 12832.5167
49 674 10523.7415
50 651 9721.4779
51 237 704.7691
52 517 9505.5387
53 403 3420.7364
54 430 6590.3544
55 474 6367.6132
56 386 1386.0035
57 590 7592.1643
58 752 9400.7774
59 547 3173.7590
60 428 10920.5903
61 658 8400.5196
62 426 2364.4129
63 538 3646.7990
64 443 1360.1893
65 319 3759.3362
66 439 9554.2453
67 418 9133.5449
68 330 2036.4088
69 579 9678.3767
70 458 2634.3841
71 540 7530.0931
72 550 4338.5543
73 389 3474.8523
74 556 15832.0132
75 523 14742.8070
76 475 5014.9125
77 569 10372.0618
78 541 17252.4032
79 537 1253.3144
80 553 8888.8574
81 392 565.5146
82 275 1107.9382
83 717 3095.8406
84 270 1428.3918
85 715 5650.6810
86 606 12309.2839
87 477 3687.4427
88 430 3229.5124
89 718 309.0743
90 722 942.4610
91 487 13302.8060
92 706 18866.5125
93 486 6119.8509
94 498 11493.4669
95 401 8098.4315
96 588 19590.4654
97 489 447.6923
98 583 11418.8297
99 303 1957.4878
100 550 9796.3098
<precedence relations>
1,8
2,10
3,11
4,9
4,12
5,12
6,12
7,12
8,13
9,14
10,15
11,16
12,15
12,16
12,17
12,18
12,19
13,21
14,20
15,22
15,23
15,24
15,25
16,22
16,26
17,23
17,24
17,25
18,22
18,23
18,24
18,25
18,26
19,22
19,26
20,27
21,28
22,29
22,30
22,31
23,30
23,31
24,30
25,30
25,31
26,30
26,31
27,32
28,34
29,35
30,33
30,36
30,37
31,36
31,37
32,38
33,40
34,41
35,41
36,39
36,41
36,42
36,43
36,44
36,45
37,43
38,47
39,48
40,46
41,50
41,52
41,53
42,49
42,64
43,53
43,58
44,50
44,51
44,52
45,50
45,51
45,71
46,54
47,55
48,58
49,56
50,57
50,73
51,96
52,58
52,59
53,59
54,64
55,60
56,61
57,63
58,64
58,65
58,66
58,71
59,62
59,64
59,65
59,66
59,71
60,71
61,69
62,70
63,68
64,72
64,73
64,74
65,67
65,72
65,73
65,74
65,75
66,74
66,75
66,78
67,76
68,77
69,78
70,78
71,88
71,98
72,95
73,79
73,83
73,87
74,81
74,87
74,88
75,79
76,80
77,81
78,81
78,82
78,83
79,81
79,88
80,84
81,85
82,85
82,87
82,88
83,86
83,90
84,90
85,89
86,93
88,92
89,91
89,93
89,95
89,96
90,92
90,94
90,98
91,97
92,99
93,98
93,99
94,99
95,100
<end>