<number of tasks>
20
<cycle time>
1000
<order strength>
0.811
<z_alpha>
1.960
<task times>
1 257 1850.7935
2 103 456.1041
3 43 58.1446
4 76 311.6309
5 132 684.2342
6 59 3.6843
7 124 139.6291
8 126 772.5674
9 105 390.6336
10 20 19.0545
11 135 835.7420
12 76 36.3744
13 160 551.6446
14 263 2647.1923
15 76 322.9978
16 201 640.5903
17 177 1675.1273
18 248 1692.5756
19 339 614.4091
20 128 623.9111
<precedence relations>
1,3
2,3
3,4
3,5
3,6
4,7
5,7
6,10
6,15
7,8
7,9
8,10
9,10
9,11
9,12
10,14
11,13
11,14
11,15
12,20
13,16
13,17
14,16
14,17
15,16
15,17
16,18
16,20
17,19
17,20
<end>