<number of tasks>
100
<cycle time>
1000
<order strength>
0.595
<z_alpha>
1.645
<task times>
1 313 3774.6521
2 313 3134.8729
3 44 66.4331
4 161 709.8223
5 224 1980.7812
6 235 694.4347
7 103 247.1619
8 527 16429.9148
9 514 3351.3043
10 65 249.6229
11 100 573.7017
12 22 5.1576
13 143 1112.8061
14 31 54.7365
15 171 1544.6950
16 87 359.8327
17 138 345.7722
18 314 5443.0178
19 368 2503.6167
20 46 34.4310
21 84 364.2847
22 204 1941.5131
23 199 1643.3759
24 305 10.2831
25 113 32.7456
26 431 2869.5209
27 411 4565.4874
28 20 21.3955
29 466 3005.9020
30 192 1533.8867
31 165 242.2158
32 349 2826.3835
33 330 2553.3775
34 216 1826.3180
35 57 139.8504
36 202 1177.5678
37 249 414.2843
38 297 639.7682
39 479 13621.4029
40 367 3299.2035
41 135 621.4784
42 75 261.2494
43 167 388.7904
44 510 753.3402
45 525 3329.7366
46 153 877.1248
47 538 11834.7083
48 198 170.8032
49 40 43.4382
50 290 3468.9486
51 224 379.0722
52 297 2186.4670
53 204 1430.4974
54 214 2650.6621
55 151 105.4528
56 121 495.5031
57 104 86.5035
58 131 1006.1517
59 265 2589.3650
60 383 5686.8102
61 146 276.7570
62 26 6.6456
63 522 15431.4295
64 99 525.6676
65 245 3408.4014
66 277 4735.9326
67 222 821.4317
68 49 116.9645
69 92 426.3036
70 56 118.6079
71 540 14823.6358
72 27 44.9874
73 42 104.5764
74 403 5043.9273
75 566 3275.4339
76 177 1922.5462
77 41 2.9497
78 376 2926.4032
79 157 1074.4563
80 423 829.5887
81 301 1969.4471
82 351 5534.4163
83 62 216.0935
84 53 7.5019
85 526 4439.5295
86 62 237.2295
87 76 20.7739
88 214 793.7069
89 233 704.2519
90 161 940.2717
91 221 2428.3890
92 27 41.1702
93 173 1588.2279
94 35 21.1298
95 440 5742.1658
96 288 1531.4805
97 112 284.8551
98 286 594.6101
99 301 4611.8243
100 552 5058.0912
<precedence relations>
1,8
1,10
2,7
2,19
3,7
4,7
4,9
4,10
4,11
5,28
5,58
6,11
7,17
7,18
7,32
8,12
8,26
9,12
9,13
9,14
9,15
9,16
10,12
10,38
11,16
12,17
12,19
13,86
14,24
14,47
14,66
15,17
15,21
16,18
16,20
16,24
16,33
17,23
17,25
18,22
18,26
18,28
19,24
19,29
19,46
20,22
20,37
20,43
21,22
21,23
21,24
21,26
21,27
21,29
22,31
23,33
24,56
24,57
24,67
24,74
25,52
26,30
26,40
26,66
27,30
28,34
28,57
29,32
29,45
30,38
30,44
30,52
31,35
31,36
32,35
32,39
33,35
33,36
33,37
33,39
34,37
34,38
34,56
34,59
34,68
35,40
35,66
36,42
36,65
36,70
37,41
38,43
39,65
39,81
40,44
40,47
40,48
40,49
41,44
41,45
41,50
42,46
43,46
43,55
43,89
43,95
45,53
46,96
47,51
47,52
47,60
48,51
48,52
49,58
50,67
50,80
51,57
51,58
51,63
51,67
52,56
52,59
52,67
53,54
53,55
54,64
54,66
55,60
55,63
55,67
55,86
56,64
56,65
57,61
57,62
57,78
58,74
59,74
60,70
60,85
61,92
62,68
62,70
63,72
63,74
63,100
64,69
64,73
64,87
65,71
65,72
66,69
66,92
66,94
67,92
68,75
68,79
68,96
69,81
69,86
69,88
70,80
70,87
71,78
71,84
72,77
72,82
73,75
73,76
73,82
73,98
73,99
76,83
76,89
77,84
77,88
78,85
78,86
78,95
79,85
79,87
79,90
81,90
83,95
83,96
84,91
85,94
87,93
89,92
90,93
91,98
91,99
92,100
93,97
<end>