<number of tasks>
100
<cycle time>
1000
<order strength>
0.201
<z_alpha>
1.645
<task times>
1 139 3484.1795
2 400 26027.9140
3 153 302.5643
4 41 98.6938
5 89 357.5104
6 123 466.0824
7 98 2123.7605
8 224 3822.1912
9 201 8523.9072
10 93 446.8190
11 128 1578.1683
12 149 2807.0160
13 30 217.7307
14 211 435.0035
15 197 4029.9044
16 137 4363.0384
17 144 5054.4415
18 113 12.0643
19 50 332.5066
20 130 316.4451
21 200 2131.5568
22 205 2975.0002
23 80 221.2599
24 35 254.2859
25 142 930.4707
26 47 458.3644
27 152 3763.7362
28 112 2689.6502
29 67 772.6586
30 343 1107.1570
31 173 5258.7867
32 176 818.0743
33 129 3786.1320
34 153 3519.3492
35 265 2921.6289
36 172 100.6534
37 69 26.2626
38 209 6064.0210
39 100 2135.3237
40 217 1295.2153
41 93 758.0683
42 155 2268.6507
43 122 844.6832
44 153 5087.7604
45 158 584.8195
46 90 1387.7045
47 58 316.6627
48 90 951.3011
49 22 62.3678
50 126 3237.6449
51 193 8373.9636
52 122 27.1959
53 37 56.3631
54 218 90.7394
55 105 368.7181
56 53 143.6100
57 148 2761.3300
58 173 131.3043
59 139 3521.7771
60 165 2996.7570
61 27 15.6608
62 156 2133.5502
63 241 1660.6441
64 113 47.1050
65 299 8730.3800
66 98 2032.4276
67 169 6970.6510
68 241 2121.2998
69 40 349.3818
70 126 831.3292
71 77 207.8998
72 116 2198.0752
73 114 2782.9571
74 88 465.1458
75 236 2986.9340
76 190 8835.7790
77 45 408.5686
78 80 1184.9900
79 197 577.0993
80 86 56.7874
81 118 3380.1604
82 163 2783.0595
83 155 2020.4690
84 74 1043.6938
85 167 1122.4675
86 101 1246.6830
87 52 152.6259
88 203 1101.2741
89 129 2261.6492
90 247 5700.5083
91 70 1170.2120
92 24 51.8262
93 180 7091.2317
94 60 501.5286
95 118 2818.5590
96 148 608.2620
97 76 69.9833
98 175 4987.3749
99 278 8262.3021
100 118 2280.7844
<precedence relations>
1,5
1,6
1,7
1,98
2,34
2,47
2,74
3,8
3,9
4,91
5,10
6,11
7,15
8,12
8,13
8,18
9,14
9,16
9,17
10,20
11,19
12,22
13,23
14,24
15,25
16,21
16,27
17,66
17,99
18,26
19,28
20,29
21,31
22,32
23,33
24,34
25,35
26,30
26,34
27,36
27,37
27,38
27,39
28,42
29,40
30,41
31,44
32,45
33,46
34,44
34,49
35,87
36,43
36,47
36,75
36,76
38,48
38,91
38,92
40,50
41,52
42,55
43,51
43,53
43,54
44,84
45,56
45,57
46,100
47,58
48,57
49,77
49,84
50,59
51,60
52,61
53,62
54,64
55,63
56,67
56,68
56,69
56,77
57,65
57,87
58,65
58,66
59,72
60,74
61,75
62,70
63,71
64,73
65,73
65,77
66,87
67,92
67,100
68,78
69,75
69,76
69,88
70,80
71,81
72,82
73,79
73,93
74,84
75,83
75,84
77,89
78,94
79,85
80,87
81,88
82,86
83,87
83,92
83,93
84,87
84,89
84,90
84,91
84,94
84,95
85,97
86,96
87,100
88,99
94,98
<end>