<number of tasks>
1000
<cycle time>
1000
<order strength>
0.896
<z_alpha>
1.645
<task times>
1 531 55322.7443
2 107 1305.9131
3 273 6574.2990
4 86 577.1479
5 120 748.0161
6 113 3181.6481
7 80 46.6940
8 178 5787.0741
9 221 6335.4776
10 241 3302.0546
11 482 34160.2190
12 538 47729.9237
13 189 5116.6225
14 158 4936.4571
15 199 4427.1963
16 289 8619.7061
17 235 7604.1022
18 168 6701.5344
19 26 158.8740
20 329 16824.5305
21 175 1815.8808
22 196 9231.1441
23 227 7173.2582
24 151 506.9984
25 209 1420.2676
26 100 187.5779
27 62 770.3745
28 427 16957.1478
29 285 18386.9354
30 207 4317.9066
31 284 7502.1764
32 277 11241.5448
33 22 91.8998
34 217 800.5926
35 135 791.7224
36 225 5441.2045
37 358 13505.0066
38 183 3967.7123
39 223 1193.9943
40 357 93.7294
41 403 4694.2687
42 279 1556.6295
43 214 7045.1837
44 190 5815.4035
45 532 697.5545
46 162 1851.4156
47 324 17817.6954
48 554 11396.2763
49 494 32925.6786
50 260 1401.3549
51 447 49597.7437
52 152 734.2246
53 146 5112.7236
54 95 1628.2187
55 99 1854.0024
56 31 62.7330
57 52 265.8185
58 116 302.3327
59 68 1048.6242
60 478 34899.5752
61 194 4970.9738
62 66 98.9311
63 113 1395.0746
64 68 900.7833
65 87 578.3208
66 247 5399.7759
67 261 10807.0033
68 162 586.4866
69 354 13952.0151
70 141 2906.7543
71 68 651.7690
72 280 18319.7800
73 55 707.0017
74 657 14535.0975
75 154 2032.9063
76 136 1132.8358
77 289 15445.7644
78 175 4712.8778
79 141 51.3026
80 171 539.7281
81 554 35183.3122
82 73 206.4916
83 521 36257.8875
84 28 130.0197
85 90 1554.9163
86 417 13630.7863
87 199 7901.8605
88 319 1004.7250
89 431 32046.8598
90 264 5988.7941
91 181 4592.6435
92 194 953.2956
93 220 180.3440
94 81 377.9158
95 209 9523.5176
96 280 4673.5992
97 167 5035.8143
98 152 2365.7034
99 251 15619.2821
100 267 12849.2673
101 162 572.3023
102 71 371.9781
103 95 2102.3609
104 326 20423.8017
105 534 18635.3035
106 365 31355.3871
107 454 42521.9648
108 47 121.5453
109 460 22891.3825
110 106 350.3598
111 458 35223.6368
112 407 1941.9101
113 87 428.2607
114 72 651.8691
115 94 1115.5392
116 174 1276.8427
117 523 36207.6572
118 153 2224.0315
119 223 10866.9770
120 52 97.3188
121 162 4169.5366
122 97 1653.8823
123 74 533.1779
124 336 3844.6392
125 64 89.8070
126 288 6723.4665
127 409 12197.2040
128 311 13764.2806
129 479 14029.4956
130 132 672.8538
131 524 44431.6835
132 155 1739.8136
133 339 19481.9149
134 117 3114.8571
135 270 11019.0449
136 515 56736.1464
137 326 354.0912
138 89 1953.1164
139 73 122.7447
140 29 14.4332
141 113 2991.9846
142 122 954.3947
143 303 11832.7896
144 605 29821.2691
145 205 6113.7397
146 31 11.9422
147 111 870.0665
148 74 1151.6838
149 103 1481.3968
150 420 36533.7391
151 214 11103.2328
152 191 8640.8704
153 184 297.6711
154 350 1644.4729
155 29 87.8863
156 277 15893.8892
157 329 1768.7249
158 353 7475.2863
159 333 10967.7943
160 100 172.2974
161 60 41.4613
162 94 60.1703
163 175 333.2603
164 197 377.0295
165 431 2645.4358
166 416 646.8210
167 235 7168.9840
168 426 25119.3753
169 27 125.9672
170 148 2773.6547
171 22 3.5691
172 121 846.7814
173 274 3787.4516
174 426 28694.6265
175 25 133.1220
176 309 14156.5037
177 128 3759.1353
178 73 821.4211
179 102 1784.9045
180 103 1277.0606
181 59 315.4820
182 188 8053.9929
183 24 115.0669
184 95 1881.7514
185 33 10.3909
186 103 2024.0894
187 82 364.6733
188 191 4131.5418
189 111 337.2290
190 474 23981.9798
191 450 17851.5001
192 259 9650.6662
193 242 9552.2527
194 140 2978.0181
195 180 2914.2462
196 381 8599.5234
197 114 1761.1293
198 22 54.1248
199 249 12144.8770
200 103 1440.8477
201 228 8714.7328
202 363 7116.0017
203 537 44258.3678
204 80 57.0571
205 584 31311.1312
206 196 1168.9733
207 251 1977.5026
208 54 269.3253
209 275 6650.5229
210 122 187.8712
211 461 26294.7960
212 384 3413.2001
213 160 5.9128
214 460 25495.1340
215 456 8386.6811
216 565 112.1365
217 93 1406.7214
218 236 12908.7073
219 466 20147.7074
220 332 15749.5642
221 88 1640.5158
222 128 1301.1636
223 135 1326.2037
224 179 3485.9884
225 43 39.1963
226 501 31867.2112
227 32 144.5717
228 483 9341.2908
229 455 26332.6842
230 582 42953.5617
231 135 1136.6842
232 150 4204.5681
233 199 1926.1720
234 22 25.9261
235 408 25419.6290
236 111 313.8207
237 178 5018.2496
238 85 1421.6824
239 284 6713.6967
240 212 9937.7729
241 404 17033.9702
242 214 4386.9472
243 114 2443.0111
244 57 733.5458
245 72 949.3529
246 170 1240.7964
247 143 2080.1653
248 573 15610.6850
249 534 26041.1306
250 318 13977.4973
251 553 46954.7946
252 119 1157.2051
253 24 135.7098
254 112 682.7878
255 40 157.7854
256 198 9682.8304
257 66 7.9834
258 380 29484.2761
259 73 1102.6369
260 109 1056.0446
261 162 5472.4867
262 67 686.5520
263 479 21917.9634
264 484 1252.6028
265 223 9111.5113
266 116 990.9371
267 60 422.3715
268 34 20.5184
269 252 6317.3755
270 118 3387.6603
271 129 1138.1059
272 548 25304.3059
273 488 50725.8564
274 216 4887.4915
275 507 49975.1760
276 94 59.8640
277 277 7277.9983
278 33 27.2128
279 567 25476.2770
280 63 371.0080
281 56 426.1354
282 377 29560.7208
283 50 374.3025
284 337 19288.9608
285 149 5354.4319
286 99 1001.2371
287 591 25920.0790
288 313 2748.1307
289 51 358.0695
290 24 95.1523
291 110 2904.8663
292 271 7562.7672
293 127 472.4198
294 492 53005.5620
295 533 6457.5205
296 76 1348.8220
297 265 299.8004
298 588 16148.4520
299 30 54.8119
300 449 26403.2214
301 107 2511.0293
302 126 453.9214
303 236 12612.2109
304 468 2355.4270
305 344 11496.0191
306 299 6013.5342
307 167 5008.9800
308 522 14267.8462
309 453 50412.8089
310 183 5757.2591
311 229 697.8676
312 71 741.4470
313 322 17454.4812
314 430 25257.9639
315 177 426.8344
316 260 6234.2922
317 69 867.1819
318 37 207.6891
319 22 45.0732
320 164 4872.4704
321 310 826.7924
322 71 1042.1185
323 119 2798.4617
324 201 3009.2301
325 30 199.6796
326 168 6916.8815
327 157 2759.8662
328 98 1766.4493
329 542 21435.1994
330 73 690.0864
331 382 35486.0792
332 34 174.8523
333 520 17399.9725
334 78 1019.6324
335 291 1554.3346
336 577 28738.4399
337 185 7619.2387
338 35 222.9081
339 314 16422.0768
340 117 154.4701
341 24 61.7867
342 563 13116.7222
343 277 4925.3098
344 543 3099.3685
345 131 559.4813
346 322 10366.3091
347 74 972.1857
348 216 11423.6390
349 350 12486.6115
350 557 854.4219
351 411 10867.0622
352 128 1294.0818
353 42 209.8301
354 337 5747.8689
355 518 8765.9949
356 104 464.5532
357 93 2071.8113
358 215 6692.8486
359 145 2264.1974
360 247 3518.3386
361 117 2619.4926
362 265 1095.5934
363 265 1544.0940
364 38 207.4126
365 163 1674.2312
366 203 4778.1016
367 156 5563.5700
368 43 118.9240
369 132 903.2301
370 27 123.4944
371 129 2543.0942
372 171 6577.2580
373 75 892.2507
374 57 526.1254
375 275 16853.8192
376 77 1234.9750
377 270 2786.4041
378 211 8888.8480
379 311 7525.3023
380 478 18671.2553
381 135 1727.2198
382 294 19491.6290
383 256 7771.6959
384 28 3.5959
385 233 8548.6902
386 115 443.3779
387 156 984.5383
388 299 8542.8834
389 162 5967.3321
390 529 20241.6369
391 325 6953.6438
392 63 918.0157
393 441 4118.3305
394 440 602.3301
395 601 17067.3377
396 344 1412.4747
397 223 5932.4339
398 100 1844.7669
399 211 2807.7366
400 106 2073.6672
401 330 16392.4758
402 241 8274.2582
403 499 23016.9650
404 68 163.2881
405 47 521.8954
406 186 5758.3820
407 135 2251.0153
408 423 41175.8258
409 192 7837.6774
410 238 3650.9846
411 628 22322.0462
412 129 3006.0438
413 185 1052.1600
414 525 15629.6866
415 197 5236.9512
416 514 9780.3942
417 135 1450.2479
418 58 218.1554
419 258 9829.0734
420 217 1082.4529
421 501 58513.5326
422 86 1721.7645
423 294 17748.4537
424 121 2762.0897
425 255 9996.5696
426 104 68.7800
427 244 2953.8175
428 56 355.9621
429 216 2934.0104
430 176 3659.7287
431 494 14488.4342
432 40 296.0841
433 177 5910.5304
434 36 95.6024
435 202 4569.0066
436 311 16877.2909
437 412 4530.0640
438 72 626.4760
439 360 3659.2796
440 66 216.3729
441 68 911.1718
442 430 3105.2910
443 533 20674.5682
444 246 2091.7113
445 127 3799.8583
446 75 1366.2032
447 316 19923.3796
448 140 3803.0974
449 117 1842.4027
450 283 3246.2390
451 151 769.8598
452 115 2622.3707
453 29 148.9645
454 90 608.0153
455 543 46673.1457
456 242 1774.5408
457 409 8237.0939
458 74 245.6297
459 259 5769.3830
460 174 986.6716
461 477 33804.9312
462 157 4714.5093
463 269 13002.4751
464 123 1601.3869
465 365 5968.0689
466 193 4413.7381
467 404 27928.6172
468 419 40084.6247
469 79 175.3781
470 318 2823.3103
471 548 39509.6441
472 214 6169.5883
473 22 43.3525
474 275 12697.1231
475 98 1226.5304
476 465 30437.6128
477 182 6864.8727
478 45 430.6862
479 166 5162.4145
480 325 15693.8315
481 77 1332.2406
482 78 57.0272
483 120 2585.5646
484 104 2403.1325
485 235 12551.3220
486 524 42526.0183
487 51 20.3032
488 168 6604.9253
489 85 1567.8571
490 89 1334.7373
491 154 3467.6648
492 327 15375.7224
493 181 5298.8019
494 268 5716.3050
495 39 172.7534
496 501 18231.4418
497 486 7191.6979
498 50 120.3090
499 24 49.8243
500 44 46.9235
501 46 100.1760
502 141 2191.5825
503 291 8427.4294
504 77 127.3416
505 71 581.8992
506 182 3948.9478
507 551 10845.3142
508 267 5536.2152
509 476 29778.7711
510 234 7429.4385
511 36 263.1382
512 130 3091.6137
513 163 1333.7921
514 113 2888.1675
515 237 11457.4103
516 190 6707.0544
517 85 908.1697
518 249 13815.3771
519 88 1574.0506
520 122 2222.9319
521 23 38.7526
522 189 1903.7199
523 32 234.1640
524 113 2788.1354
525 169 4971.9496
526 381 5469.6440
527 374 33354.2768
528 116 1893.1935
529 340 2329.8799
530 206 3319.0776
531 234 13602.6144
532 39 64.7325
533 20 48.2554
534 27 169.4401
535 196 3802.5301
536 124 2486.2789
537 80 1031.2652
538 171 3268.5794
539 261 10280.4806
540 306 15596.2559
541 116 1062.8566
542 80 259.6785
543 453 31692.4947
544 190 3199.2188
545 487 50465.0038
546 86 197.7404
547 184 3657.8872
548 96 1488.9149
549 118 1979.4211
550 80 748.1285
551 181 2209.3004
552 170 217.3041
553 107 2389.3180
554 128 3242.0867
555 70 1157.6497
556 337 20616.5953
557 136 2135.0478
558 240 12769.1266
559 225 9341.1555
560 231 11156.7693
561 105 995.2177
562 208 10041.0508
563 28 101.6578
564 567 9125.8217
565 57 407.0612
566 467 29615.0339
567 162 5693.9387
568 192 496.6340
569 202 114.7360
570 98 1039.0433
571 361 13629.9948
572 592 38522.4820
573 292 6624.0844
574 498 33304.9550
575 179 1021.8551
576 224 5708.6658
577 196 9281.5717
578 181 5950.8247
579 323 4231.3369
580 486 46110.2368
581 200 7802.7756
582 126 2033.1827
583 321 7928.5711
584 305 512.9804
585 273 10731.9609
586 343 5908.8791
587 237 9952.5207
588 220 10962.4229
589 80 1539.0782
590 68 226.9225
591 106 628.1118
592 467 27943.3476
593 514 43826.0279
594 205 709.4339
595 350 8643.4064
596 560 132.7114
597 144 1346.7749
598 90 1716.7124
599 481 35999.7585
600 157 3970.2915
601 453 38735.8526
602 379 33442.0913
603 555 17825.7476
604 141 2256.0709
605 435 2982.0038
606 185 810.3246
607 129 2074.4971
608 354 24392.2837
609 51 164.1694
610 125 1796.9686
611 151 2278.1503
612 541 8988.0631
613 189 2903.3446
614 104 258.0221
615 162 3516.9906
616 379 2047.7977
617 258 12940.3289
618 130 2115.2794
619 473 33474.4240
620 107 117.4482
621 50 545.7823
622 162 3514.1674
623 90 1363.1631
624 218 4174.2419
625 454 214.6332
626 556 43357.1331
627 354 16983.8669
628 278 3641.1071
629 184 7992.0022
630 502 39675.5859
631 273 2558.9092
632 32 252.8829
633 367 23011.9574
634 259 8682.8425
635 225 7614.0682
636 208 7049.8603
637 173 7376.2808
638 148 1166.5681
639 169 4146.5173
640 94 301.8822
641 503 9562.9618
642 63 899.2600
643 90 775.0790
644 255 12148.2927
645 207 3151.9912
646 172 351.6517
647 488 55101.7108
648 258 15573.8699
649 148 3630.2268
650 466 46130.3741
651 32 157.2468
652 311 23950.6585
653 203 4646.8184
654 216 336.7854
655 97 1895.2038
656 99 482.5396
657 145 1763.5742
658 65 94.8422
659 139 300.9477
660 88 1447.2311
661 298 18977.8294
662 232 10117.3883
663 85 67.8315
664 371 34249.6315
665 296 16690.4977
666 66 600.9652
667 42 145.9542
668 487 56579.7988
669 196 5481.6196
670 110 1499.3261
671 52 87.5902
672 101 1005.3584
673 146 2724.3300
674 85 661.5162
675 23 50.8476
676 49 99.6674
677 57 185.3832
678 456 35190.4959
679 559 43829.5928
680 34 266.4845
681 101 1451.1213
682 294 6699.9419
683 276 1282.8712
684 560 45359.4322
685 513 45795.8437
686 33 98.8420
687 282 13693.5449
688 143 2677.0429
689 189 3220.2944
690 123 1642.5531
691 25 131.2332
692 186 8500.5752
693 173 156.4428
694 460 46916.4449
695 178 4985.9868
696 175 4929.1593
697 498 54987.3190
698 516 53601.2587
699 226 2905.4684
700 80 1298.1400
701 389 33597.4927
702 382 3308.4347
703 255 3868.1661
704 200 7202.7910
705 113 1910.5473
706 148 4042.0592
707 143 388.2840
708 339 19141.3779
709 526 12484.0084
710 157 838.3183
711 110 1061.8458
712 64 905.9635
713 221 5799.1864
714 276 11389.9537
715 370 9778.1887
716 141 3182.5807
717 199 8274.4688
718 221 1242.4105
719 40 362.7550
720 310 8520.7973
721 38 255.0117
722 192 4547.3898
723 131 1302.4905
724 107 1885.1195
725 175 712.6491
726 505 22735.1315
727 504 17652.8782
728 609 39485.6738
729 184 4655.0548
730 506 15963.8531
731 547 37672.8960
732 131 2924.1780
733 162 172.2517
734 46 80.3531
735 170 2620.1577
736 493 31710.0594
737 123 162.4863
738 300 22374.6489
739 465 32798.5966
740 226 626.7787
741 191 438.7146
742 158 226.5668
743 346 4091.0812
744 37 52.7739
745 417 3282.0492
746 29 158.7369
747 127 4000.0412
748 390 7016.8546
749 491 27149.5261
750 156 1151.6748
751 161 5213.0699
752 322 10936.0929
753 592 16613.3038
754 182 1966.0007
755 34 256.2856
756 83 405.5747
757 526 24877.6236
758 280 13473.8094
759 558 50107.1210
760 157 356.4792
761 307 22508.8212
762 74 793.1521
763 81 1189.4332
764 118 61.5540
765 146 4927.6332
766 88 1194.0250
767 198 7687.6918
768 50 202.7914
769 85 106.6356
770 168 672.8812
771 68 79.4766
772 139 2040.2418
773 426 18642.6224
774 137 3887.1068
775 48 525.6965
776 109 407.1641
777 476 10326.0009
778 228 12253.6962
779 543 39880.2386
780 243 13617.8035
781 187 2081.9549
782 137 30.1027
783 413 23386.1345
784 509 38979.1094
785 246 13143.8175
786 133 780.9450
787 558 17782.3933
788 506 16509.9622
789 179 3180.6262
790 26 132.2039
791 234 6524.9566
792 350 67.6121
793 213 4294.1739
794 226 9933.8084
795 226 9909.2533
796 289 9547.1033
797 245 3400.1163
798 472 49689.5711
799 491 11689.0156
800 140 749.5978
801 161 2795.1940
802 85 235.5278
803 21 72.8117
804 45 119.0034
805 143 432.2153
806 83 170.8674
807 40 0.8436
808 179 7733.1411
809 142 2880.5795
810 491 20318.7145
811 83 1212.4623
812 261 16329.7866
813 46 126.5300
814 113 1221.2848
815 245 4294.6841
816 161 1049.8077
817 210 7692.4345
818 258 6281.0657
819 450 4.9995
820 34 119.4131
821 138 983.3023
822 389 16604.1930
823 166 5189.0171
824 84 472.2414
825 36 211.5622
826 249 12576.3654
827 214 9923.8342
828 22 32.5901
829 94 955.7670
830 263 4893.3372
831 82 1060.4610
832 499 34070.8584
833 127 2153.2597
834 239 3349.7777
835 131 1142.0779
836 144 780.2198
837 165 3207.0804
838 148 31.8716
839 497 42935.9280
840 237 314.3020
841 229 8661.7864
842 200 3439.4415
843 64 543.8974
844 154 891.7551
845 406 34757.1434
846 129 3184.7737
847 177 1151.2702
848 578 4679.4625
849 100 2419.2918
850 384 27552.5973
851 135 2608.0759
852 182 5221.8916
853 174 1140.4758
854 173 3912.0343
855 134 3313.7327
856 21 31.1196
857 58 369.6556
858 121 2256.2247
859 24 9.1439
860 224 2414.0866
861 173 6049.4365
862 479 15702.6396
863 216 5532.2537
864 150 2913.5571
865 576 18603.5802
866 368 27617.9632
867 536 9356.3650
868 165 2788.8497
869 494 10613.5782
870 504 58089.4663
871 562 6862.2351
872 532 46061.1821
873 449 48234.0269
874 473 48842.0693
875 468 31852.9776
876 234 6156.6418
877 58 439.9449
878 324 19858.0277
879 124 1923.2267
880 211 8246.7234
881 225 4415.4435
882 222 10145.7568
883 41 82.0989
884 562 42620.1825
885 184 3179.8011
886 43 7.0603
887 548 43035.3862
888 99 1139.9018
889 248 12371.9810
890 457 10190.3102
891 355 28981.5895
892 208 8906.4493
893 184 2657.0325
894 319 833.4016
895 534 34700.7584
896 406 19384.5640
897 575 2169.2523
898 122 770.4014
899 142 1934.7122
900 318 10315.0951
901 191 7087.3138
902 119 901.2774
903 132 2627.7711
904 153 5461.4247
905 546 13892.0205
906 184 5993.9482
907 198 8449.5675
908 193 3287.7459
909 75 237.8151
910 77 861.9508
911 349 18011.7543
912 134 3511.0339
913 123 2981.0789
914 212 8851.7563
915 144 2549.0772
916 165 2164.6345
917 140 1506.5278
918 486 17950.5933
919 242 2615.4815
920 175 1513.3207
921 69 612.3203
922 68 511.6191
923 279 17103.2674
924 366 8174.7523
925 70 513.1101
926 185 5099.4579
927 129 3812.0269
928 248 7058.5087
929 416 40976.4379
930 348 9060.3464
931 123 2853.9990
932 152 5710.9582
933 209 2115.5020
934 79 654.5806
935 512 31075.4549
936 66 1007.3363
937 144 843.1763
938 240 6547.3881
939 28 57.7649
940 242 567.2794
941 183 6229.5563
942 334 13697.5871
943 41 277.9812
944 335 19238.2855
945 178 6298.4344
946 208 7845.3817
947 576 28280.1972
948 97 2221.4295
949 111 1945.3139
950 246 10303.5309
951 177 6589.9166
952 136 1941.1861
953 220 8713.2180
954 199 4464.0405
955 548 19626.4739
956 58 423.9497
957 167 203.7807
958 304 4041.5655
959 422 25692.5740
960 109 2861.2187
961 277 958.5627
962 167 6802.3129
963 55 591.7885
964 206 7793.1493
965 99 2067.5629
966 183 1732.3449
967 271 4558.9929
968 108 128.1938
969 248 5546.8276
970 213 4592.5774
971 455 11940.3222
972 488 53796.8804
973 255 1804.5567
974 103 1485.7996
975 41 373.9034
976 517 46082.1875
977 159 667.2072
978 161 1122.4077
979 67 677.4041
980 128 1561.3491
981 199 4324.9039
982 205 8998.7351
983 120 984.2360
984 270 2289.5130
985 288 1325.4929
986 42 7.4465
987 527 5108.5206
988 438 17282.6473
989 42 383.6965
990 204 6339.4265
991 240 13350.3881
992 63 397.1073
993 423 5267.4121
994 99 1772.5642
995 24 26.9100
996 248 5626.1282
997 191 4463.8358
998 565 41221.6309
999 215 10926.7818
1000 80 792.4297
<precedence relations>
1,9
1,13
1,14
2,150
2,161
2,162
3,9
3,10
3,11
3,12
3,13
3,14
3,15
4,12
4,15
5,9
5,10
5,11
6,9
6,10
6,11
6,15
7,23
8,357
8,378
9,256
10,16
10,17
11,16
11,17
11,18
11,19
11,20
11,21
12,16
12,17
12,18
12,19
12,20
12,21
13,16
13,17
13,18
13,19
13,20
13,21
14,16
14,17
14,18
14,19
14,20
14,21
15,16
15,17
15,18
15,19
15,21
16,22
16,23
16,26
17,22
17,23
17,24
17,25
17,26
18,22
18,23
18,24
18,25
18,26
19,22
19,23
19,24
19,25
19,26
20,22
20,25
21,24
21,25
21,26
22,27
22,28
22,29
22,30
22,31
22,32
22,33
22,34
23,27
23,28
23,29
23,35
23,36
24,27
24,28
24,29
24,30
24,31
24,32
24,33
24,34
24,35
24,36
25,27
25,28
25,29
25,31
25,33
26,27
27,37
27,38
27,52
28,37
28,38
28,39
28,40
28,41
28,42
29,37
29,38
29,39
29,40
29,41
29,42
30,37
30,38
31,37
31,42
32,402
33,37
33,38
33,39
34,37
34,38
34,39
34,40
34,41
35,37
35,38
35,39
35,42
35,48
36,37
36,38
37,43
37,61
38,43
38,44
38,45
38,47
39,43
39,44
39,45
39,46
39,47
39,49
39,50
39,51
39,52
40,43
41,45
41,46
41,48
42,43
42,44
42,45
42,46
42,47
42,50
42,51
42,52
43,57
43,58
43,60
44,53
44,54
44,55
44,56
45,59
46,53
46,54
46,55
46,56
46,61
47,53
47,60
48,53
48,54
48,57
48,58
48,59
48,60
48,61
49,53
49,54
50,53
50,55
50,60
50,61
51,53
52,53
52,54
53,62
53,64
53,67
53,68
54,62
54,63
54,64
54,65
54,66
54,67
54,68
55,62
55,63
55,64
55,65
55,66
55,67
55,68
56,62
56,63
56,64
56,65
56,66
56,67
56,68
57,62
57,63
57,68
58,62
58,63
58,64
58,65
59,62
59,63
59,64
59,65
59,66
59,67
59,68
60,62
60,63
60,64
60,65
60,66
60,67
60,68
61,63
61,66
61,74
62,69
62,70
62,71
62,72
62,73
62,74
63,69
63,70
64,69
64,70
64,71
64,72
64,73
65,69
65,70
65,71
65,74
66,73
67,69
68,69
68,70
68,71
68,72
68,73
68,74
69,75
69,80
69,81
69,89
70,75
70,76
70,77
70,78
70,79
70,80
70,81
71,75
71,76
71,77
71,78
71,79
71,80
72,75
72,76
72,77
72,78
72,79
73,258
73,266
74,75
74,76
74,77
74,78
74,79
75,82
75,83
75,92
76,220
77,84
77,88
77,89
78,82
78,83
78,84
78,85
78,86
78,87
78,89
79,86
79,99
80,88
81,82
81,83
81,84
81,85
81,87
82,90
82,91
82,93
83,90
84,90
84,91
84,92
84,93
85,90
85,91
85,92
86,238
87,90
88,90
88,91
88,92
88,93
89,90
89,91
89,92
89,93
90,94
90,110
90,111
90,112
91,94
91,95
91,96
91,97
91,98
91,99
92,94
92,95
92,96
92,97
93,94
93,95
93,96
93,97
93,98
93,99
94,103
95,101
95,105
96,100
96,101
96,102
96,103
96,105
97,100
97,101
97,102
97,103
97,104
97,105
98,100
98,104
99,100
99,101
99,105
100,106
100,107
100,108
100,109
100,112
101,106
101,107
101,108
101,109
101,110
101,111
101,112
102,106
102,107
102,108
102,112
103,106
103,107
103,108
104,106
104,107
104,108
104,112
105,106
105,107
105,108
105,111
106,236
106,248
107,113
107,114
107,115
107,116
107,117
107,118
107,119
108,113
108,114
108,115
108,116
108,117
108,118
108,119
109,113
109,114
109,115
109,116
109,117
109,118
109,119
110,113
110,114
110,115
110,116
110,119
111,113
111,114
111,115
111,116
112,113
112,119
113,120
113,124
114,122
114,123
114,138
115,121
116,120
116,121
116,122
117,120
117,121
117,139
118,120
118,121
119,120
119,121
119,122
119,123
119,124
120,125
120,126
120,127
120,128
120,129
120,130
121,126
121,128
122,125
122,126
122,129
122,130
122,131
123,125
123,146
124,125
124,126
124,127
125,132
125,136
126,135
126,146
127,132
127,133
127,134
127,135
128,132
128,133
128,134
128,135
128,138
128,140
129,132
129,133
129,134
129,135
129,140
129,144
130,132
130,133
130,134
130,135
130,136
130,137
130,140
130,144
131,132
131,133
131,134
131,135
131,139
131,140
132,141
132,142
132,152
132,153
133,141
133,142
133,143
133,145
133,146
134,141
134,154
135,141
135,142
135,143
136,141
136,154
137,176
138,141
138,142
138,143
138,144
139,141
139,142
139,143
139,144
139,145
139,146
140,141
140,142
140,143
141,147
141,148
141,149
141,150
141,151
142,147
142,154
142,162
143,147
143,148
143,149
143,151
143,152
143,153
143,154
144,147
144,148
144,149
144,150
144,151
145,147
145,153
146,147
146,148
146,149
146,150
146,151
146,152
146,153
146,154
147,155
147,156
147,159
148,155
148,156
148,157
148,158
148,159
148,160
148,161
148,162
149,155
149,156
149,157
149,158
149,159
149,160
149,161
149,162
150,155
150,156
150,157
150,158
150,159
150,160
151,157
151,160
152,155
152,156
152,166
153,155
153,156
153,157
154,155
154,156
154,157
154,166
155,163
155,164
155,165
155,167
156,163
156,164
156,165
157,163
157,164
157,174
158,163
158,164
158,165
158,166
158,167
159,163
160,163
160,164
160,165
160,167
161,163
161,164
161,165
161,167
162,163
162,164
162,165
162,166
162,167
163,168
163,171
163,172
164,168
164,169
164,170
164,171
164,172
165,168
165,169
165,170
165,171
165,172
165,173
165,174
166,168
166,169
166,170
166,171
166,172
166,173
166,174
167,168
167,169
167,170
167,173
168,175
168,176
168,177
168,178
168,179
168,180
169,175
169,176
169,177
169,178
169,179
169,180
170,175
170,177
170,186
171,175
172,175
172,176
172,177
173,175
174,175
174,176
174,179
175,181
175,182
175,184
175,188
175,196
176,181
176,182
176,183
176,184
176,196
177,181
177,185
177,187
177,195
178,181
178,182
178,183
178,184
178,185
178,186
178,187
178,188
179,181
179,182
180,181
180,182
180,183
180,184
180,186
181,452
182,189
182,190
182,191
182,192
182,204
183,189
183,190
183,191
183,192
183,193
183,194
184,195
184,209
185,189
185,190
185,193
185,194
185,196
186,189
186,190
186,191
186,192
186,204
187,189
187,190
187,191
187,208
188,189
188,190
188,191
188,192
189,197
189,198
189,214
190,197
190,199
190,218
191,197
191,198
191,199
191,200
191,201
191,203
192,197
192,202
193,197
193,201
193,204
194,197
194,198
194,199
194,202
195,197
196,197
196,198
196,199
197,205
197,206
197,207
198,205
198,206
198,207
199,205
199,206
200,205
200,209
201,269
201,283
201,284
202,205
203,205
203,206
203,207
203,218
203,222
204,205
204,206
204,208
204,214
205,215
205,217
206,210
206,211
206,212
206,216
206,224
206,226
207,210
207,217
208,210
208,211
208,212
208,213
208,218
209,210
209,211
209,212
209,213
209,214
209,215
209,216
209,217
210,219
210,225
211,223
211,227
211,242
212,219
212,220
213,219
213,220
213,221
213,224
214,219
214,220
214,222
214,232
215,219
215,220
216,219
216,239
216,241
217,226
217,279
217,298
218,219
218,220
218,221
219,228
219,229
219,233
219,234
219,242
220,228
220,229
220,231
221,256
222,228
222,230
223,228
223,229
224,229
225,228
225,229
225,230
225,231
225,232
225,233
225,234
226,447
227,228
227,229
227,230
228,235
228,236
228,237
228,238
228,240
228,243
229,235
229,236
229,237
230,236
230,241
230,243
231,235
231,236
232,235
232,236
232,239
232,242
233,464
233,469
234,235
234,237
235,247
235,266
236,244
236,245
236,246
236,247
236,249
237,244
237,245
237,248
237,249
238,244
238,245
238,246
238,247
238,249
239,244
239,245
239,246
239,247
239,248
239,249
240,244
240,245
240,246
240,247
240,248
240,249
241,245
241,254
242,244
242,245
242,246
242,248
243,300
244,250
244,251
244,252
244,253
244,254
245,250
245,251
246,250
246,251
246,252
247,253
248,250
248,251
249,250
250,255
250,256
250,257
250,258
250,259
250,260
250,261
251,255
251,256
251,257
251,258
251,260
252,308
253,255
253,256
253,258
254,255
254,256
254,257
254,258
255,262
255,263
255,264
255,265
256,262
256,264
257,262
257,263
257,264
257,265
258,262
258,265
259,262
259,282
260,262
260,263
260,266
261,292
261,316
261,326
261,334
261,335
262,267
262,268
263,267
263,268
263,269
263,270
264,267
264,269
264,270
264,276
265,267
265,268
265,269
265,270
266,267
266,268
266,269
267,277
267,278
268,271
268,272
268,273
268,274
268,276
269,271
269,275
269,285
270,271
270,272
270,273
270,274
270,275
270,285
271,279
271,280
271,281
272,279
272,280
272,284
273,279
273,280
273,281
274,305
275,279
275,280
275,282
276,283
277,279
277,285
278,284
279,286
279,287
279,289
280,688
281,288
281,289
281,290
282,286
282,287
282,298
283,286
283,287
283,288
284,286
284,287
284,288
284,289
284,290
285,286
286,291
286,293
286,296
286,297
286,300
287,299
288,291
288,292
288,293
288,298
288,300
289,291
289,292
289,294
290,291
290,292
290,293
290,294
290,295
290,296
290,297
291,301
291,302
291,303
291,304
291,305
292,820
293,301
293,302
294,459
294,470
294,472
295,301
295,302
295,309
295,313
296,301
296,302
296,303
296,304
296,305
297,301
297,303
298,301
298,302
298,303
298,304
298,305
299,301
299,304
299,322
300,301
300,302
300,303
300,304
300,305
301,306
301,307
301,311
302,310
302,312
303,306
303,307
303,308
303,309
303,310
303,311
303,312
304,306
304,307
304,328
305,306
305,307
305,313
306,314
306,319
307,314
307,315
307,316
307,318
307,329
308,314
308,315
308,316
309,315
309,316
310,314
310,315
310,316
310,322
310,331
311,317
311,321
312,320
313,314
314,323
314,324
314,325
314,333
314,335
315,323
315,324
315,325
315,326
315,333
315,335
316,323
316,324
316,336
317,323
317,324
317,329
317,334
317,335
318,323
318,327
318,336
318,342
319,323
319,326
319,342
320,323
320,328
320,336
321,323
321,324
321,325
321,326
322,454
322,539
322,556
323,330
324,332
325,334
325,336
325,350
326,330
327,330
327,331
327,335
328,330
328,331
328,332
329,330
329,331
329,332
329,333
329,336
330,337
330,338
330,339
330,340
330,341
331,337
331,338
332,337
332,338
332,339
332,340
332,341
332,342
333,337
334,337
334,338
334,340
335,337
335,350
335,352
336,369
337,343
337,344
337,346
337,351
338,343
338,352
339,343
339,344
339,350
339,352
340,347
340,352
340,354
341,343
341,344
341,345
341,346
341,348
341,349
342,343
342,345
343,353
343,354
344,353
344,354
345,353
346,424
346,459
347,353
348,353
349,587
349,594
350,607
350,612
350,630
351,353
351,354
352,455
352,545
352,561
353,355
353,356
353,357
353,358
353,359
353,360
354,355
355,361
355,362
356,361
356,362
356,366
356,371
357,361
357,362
357,363
357,364
357,365
357,368
358,361
358,362
358,363
358,367
359,361
359,362
359,363
359,365
360,361
360,362
360,363
360,383
361,375
361,589
361,592
362,369
362,374
363,371
364,369
364,370
364,373
365,376
365,377
365,398
366,369
366,372
366,378
367,369
367,370
367,378
368,369
368,370
368,371
368,372
368,391
368,394
369,385
370,381
370,409
371,386
372,379
372,380
372,408
373,379
373,384
373,406
373,407
374,379
374,380
374,406
375,493
375,567
376,379
376,382
376,387
377,379
377,380
377,381
377,383
378,379
378,380
378,398
379,388
379,393
380,390
381,399
382,388
382,389
382,390
383,388
383,389
383,390
383,408
384,388
384,399
384,408
385,392
386,388
387,388
387,389
387,391
387,394
387,396
388,395
389,397
389,401
390,395
390,399
391,403
392,395
392,396
392,397
392,398
392,399
392,401
393,395
393,400
394,476
394,494
395,402
395,409
396,404
396,406
396,407
396,421
397,402
397,403
397,404
397,405
397,406
398,402
398,403
398,404
398,408
398,410
399,405
399,410
400,403
400,410
401,402
401,403
402,411
402,412
402,420
403,411
403,412
403,413
403,414
404,411
404,412
405,411
405,412
405,413
405,414
406,411
406,435
406,450
407,411
408,411
409,411
410,414
411,491
412,415
412,419
413,415
413,417
413,418
414,415
414,416
414,420
414,421
415,426
415,428
416,422
416,423
417,422
417,427
417,440
417,444
418,424
419,423
419,434
419,436
419,437
420,422
420,423
420,424
420,425
420,429
421,430
421,431
421,642
422,432
422,439
422,451
423,432
423,435
424,432
424,437
425,464
426,432
426,433
427,719
427,755
427,845
428,434
428,436
428,490
429,432
430,519
430,540
431,658
431,694
432,438
432,441
432,442
432,443
433,633
434,473
434,504
435,439
435,440
435,444
436,438
436,499
436,515
437,438
438,522
439,445
439,447
439,452
440,445
440,451
441,445
441,446
441,447
441,448
441,464
442,445
442,446
442,447
442,450
443,446
443,448
443,449
443,472
444,445
444,446
444,447
444,448
444,449
445,453
445,454
446,455
447,453
447,454
447,455
447,456
448,453
448,454
449,453
450,478
451,457
451,458
452,453
452,454
452,456
452,459
453,460
453,463
454,528
454,633
454,662
455,460
456,460
456,462
456,469
457,460
457,461
457,464
457,467
458,460
458,461
459,576
460,560
460,569
461,465
461,468
461,469
461,470
461,471
461,472
462,465
462,466
462,467
462,470
462,471
462,472
463,465
463,466
463,467
463,468
464,465
464,472
465,473
466,474
467,512
467,529
467,530
468,473
468,474
468,475
469,473
469,474
469,475
470,473
470,474
470,475
471,473
471,474
471,475
472,473
472,474
472,475
473,476
473,479
474,476
474,477
474,478
474,479
474,480
474,481
474,482
474,483
475,477
476,484
476,489
476,509
476,510
477,484
478,484
478,487
479,484
479,485
480,486
481,490
482,484
482,485
483,485
483,488
484,491
484,492
484,497
485,491
485,494
486,493
486,632
486,665
487,491
487,492
487,495
487,497
487,510
488,491
488,492
488,493
489,491
489,492
490,491
490,492
490,496
491,498
491,499
491,500
492,846
492,863
493,571
493,713
493,736
494,500
494,502
494,505
495,504
496,498
496,499
496,501
497,498
497,499
497,500
497,503
498,643
498,663
498,720
498,734
499,508
500,772
501,507
501,510
501,545
502,506
502,507
502,508
503,506
503,507
503,508
504,506
504,509
504,529
505,506
505,507
506,515
506,548
507,511
508,511
508,512
508,513
508,514
508,516
508,517
508,518
509,512
509,513
509,530
510,511
511,519
511,520
511,521
512,522
512,524
513,519
513,521
513,552
513,554
514,519
514,657
515,762
515,763
515,805
515,824
515,827
516,520
517,523
517,552
518,519
518,520
519,525
519,528
520,525
520,526
520,530
520,535
521,525
521,527
521,532
522,525
522,526
522,527
522,532
522,533
523,525
523,526
523,529
523,536
524,525
524,526
524,527
524,531
524,584
525,538
526,540
526,661
527,746
527,838
528,666
529,534
530,537
531,562
532,539
532,555
532,556
533,534
533,535
533,536
533,537
534,541
534,542
534,543
534,544
535,541
535,542
536,541
536,542
536,543
536,545
536,553
537,541
537,544
537,547
538,870
538,873
539,546
539,557
539,561
540,715
541,551
541,554
541,555
541,557
541,563
541,568
542,556
542,635
543,548
543,549
543,550
543,561
544,548
544,549
545,548
545,549
545,550
546,548
546,549
546,550
546,551
546,553
547,548
547,550
547,552
548,558
548,562
548,563
548,569
549,558
549,559
549,560
549,563
550,558
550,559
550,568
551,558
551,569
552,558
552,560
553,624
553,936
554,738
555,939
556,561
556,621
557,558
557,559
558,564
558,565
558,566
558,567
558,576
559,569
559,589
560,564
560,565
560,566
560,567
560,568
561,566
562,567
562,587
562,588
562,589
563,690
564,574
565,570
565,571
565,572
565,573
565,575
566,571
567,570
567,571
567,593
568,570
568,571
568,572
568,573
568,576
569,570
569,571
569,572
569,573
570,577
570,580
570,582
570,599
571,701
571,745
572,732
573,577
573,584
574,577
574,578
574,579
574,581
574,582
574,583
574,584
575,662
576,577
576,578
577,666
578,585
578,586
578,589
579,585
579,588
580,585
580,586
581,585
581,586
581,587
582,720
582,735
583,646
583,690
584,587
585,594
585,647
585,648
586,590
586,591
587,590
587,591
587,592
587,593
588,893
589,858
590,596
590,597
590,598
591,672
592,595
592,720
592,789
592,807
593,599
593,662
594,595
594,667
594,710
595,624
595,935
595,987
595,991
596,600
596,602
597,665
597,778
598,601
599,672
599,677
600,603
600,604
600,608
600,610
601,605
602,603
602,604
602,605
602,606
602,607
602,608
602,609
603,617
603,629
604,612
605,611
605,612
606,611
606,615
607,613
608,611
608,612
609,611
609,616
609,618
609,619
610,611
610,614
610,620
611,623
611,624
612,626
613,622
614,644
614,665
615,621
616,863
616,866
617,685
618,621
618,627
619,892
619,912
620,625
620,673
621,630
621,634
622,628
623,628
623,630
626,629
627,633
627,662
628,631
628,632
628,633
628,634
628,635
629,631
629,632
629,634
630,631
630,632
631,636
631,640
631,643
631,644
632,638
632,639
633,636
633,645
634,636
634,637
634,642
634,646
634,657
635,636
635,637
635,641
635,657
636,648
636,649
636,665
636,670
636,672
637,651
637,662
638,647
638,648
638,650
639,647
640,864
640,943
641,680
641,691
642,647
642,665
643,854
644,647
645,651
646,735
647,654
647,656
648,655
648,666
649,652
649,677
650,652
650,657
651,652
651,653
652,663
652,668
653,658
653,659
653,665
654,658
654,659
654,660
654,663
655,661
655,664
656,662
656,666
657,721
657,827
657,831
658,667
658,670
658,682
659,917
660,672
661,667
662,667
663,878
664,971
665,669
666,667
666,668
666,669
666,671
667,677
668,673
668,675
668,682
669,706
670,683
671,673
671,674
671,676
672,673
673,678
673,679
673,681
674,678
674,682
675,678
675,680
675,683
676,694
676,754
676,780
677,678
678,684
678,686
678,688
679,684
679,685
679,689
680,690
681,725
681,773
681,811
681,820
682,684
682,685
682,716
683,684
683,687
684,807
684,904
685,693
685,696
686,691
686,695
687,691
687,697
688,736
688,781
689,755
689,766
690,692
690,694
691,698
691,699
691,700
691,703
692,698
692,699
692,700
693,698
694,772
694,887
695,972
695,989
696,699
696,701
696,727
697,698
697,699
697,702
698,707
699,704
699,708
700,704
700,705
700,706
700,709
701,704
701,706
701,710
702,704
702,705
703,952
703,994
704,719
704,864
704,875
704,895
705,713
705,715
705,716
706,714
707,872
707,965
708,711
708,712
709,711
710,724
711,717
711,718
711,746
712,720
712,740
712,815
713,722
714,719
714,721
714,785
714,811
715,717
715,718
715,723
715,724
715,725
716,786
717,728
717,729
717,730
717,733
717,747
718,726
718,731
718,735
718,744
719,761
719,941
719,988
720,836
721,726
721,732
721,820
722,726
722,745
723,741
723,792
723,818
723,819
724,726
724,734
724,739
725,726
725,727
725,813
726,903
726,988
727,869
728,942
729,934
730,966
731,738
732,739
733,755
734,737
734,771
735,736
736,749
737,742
737,744
737,746
737,747
738,743
738,745
738,748
738,749
739,740
739,741
740,807
740,810
741,750
741,751
741,933
741,948
742,845
743,751
743,752
744,857
745,753
745,784
746,755
746,813
746,818
747,754
747,780
749,750
749,765
750,898
750,938
751,914
752,755
752,757
753,782
753,870
754,756
754,758
755,759
755,763
755,767
755,768
755,795
755,846
756,759
756,762
756,766
756,802
757,760
757,764
758,761
758,765
758,781
759,772
759,902
760,771
761,978
763,769
763,906
763,995
764,773
765,770
765,774
766,832
767,773
767,779
768,875
770,775
771,775
771,776
771,780
772,777
772,844
773,778
773,781
773,788
774,776
774,779
774,834
775,782
775,783
775,784
776,785
777,782
777,889
778,822
778,826
778,882
779,837
780,783
781,794
782,786
782,789
783,790
784,791
784,827
785,787
785,788
785,792
785,803
786,794
786,798
786,824
787,793
787,799
788,871
789,872
789,955
790,797
791,795
791,796
791,800
792,859
793,836
794,807
795,801
795,895
796,802
796,820
796,835
797,801
797,802
797,804
797,805
797,806
798,880
799,846
800,803
800,849
800,912
801,876
802,809
802,810
802,882
803,807
804,813
805,807
805,812
805,814
806,808
806,811
806,815
807,819
808,816
808,817
808,818
809,873
809,907
810,914
811,849
811,934
811,937
812,817
812,820
813,832
814,821
815,818
815,940
816,824
816,827
816,935
817,825
817,936
819,822
819,864
820,822
820,823
820,826
821,917
821,950
822,828
822,899
822,909
823,828
823,830
823,832
824,828
824,882
825,831
825,853
825,864
825,983
826,829
826,842
827,864
827,936
827,937
828,933
828,968
829,834
830,837
830,838
831,835
832,833
832,836
834,839
835,850
835,957
836,840
836,841
836,842
838,858
838,864
838,873
838,890
839,843
839,850
840,848
840,849
840,864
840,935
841,845
841,846
841,847
841,850
841,912
842,843
842,844
843,852
843,853
844,950
845,921
845,994
846,914
846,925
847,851
848,936
848,937
848,939
849,936
850,869
850,877
850,970
851,856
852,854
852,857
852,858
853,855
853,859
853,945
853,989
854,861
854,864
854,866
854,869
854,880
854,902
855,870
856,860
856,868
856,905
857,862
857,867
857,871
857,910
858,863
858,871
859,865
860,878
860,919
860,951
860,953
860,978
861,872
861,873
863,876
863,902
863,961
864,897
864,924
865,903
866,944
866,972
867,877
868,943
869,883
871,874
871,875
872,881
872,925
872,936
873,883
873,884
873,886
873,887
873,932
874,888
874,911
875,885
875,961
876,978
877,879
878,880
878,882
879,892
880,891
880,945
881,890
882,909
882,983
884,893
885,987
886,889
886,894
887,895
887,991
888,903
889,899
889,901
889,903
890,896
890,898
891,927
892,897
892,900
892,902
892,906
893,943
898,907
898,961
899,905
900,987
903,904
903,906
904,908
905,910
905,911
906,913
906,962
907,909
907,912
907,983
908,926
908,955
909,914
909,921
910,918
910,939
911,915
911,916
911,917
911,920
911,965
912,919
912,922
912,959
914,993
915,956
916,995
917,922
917,925
917,926
917,975
918,923
921,924
921,927
922,963
922,964
923,929
924,930
924,932
926,928
926,931
929,933
929,936
929,937
930,934
931,935
934,939
934,986
937,938
937,940
938,944
938,946
938,947
938,961
939,941
940,942
940,943
940,945
942,949
942,951
942,954
943,948
943,953
943,956
944,950
945,952
947,955
948,958
950,959
950,962
952,958
954,960
955,957
956,961
956,963
956,964
957,965
958,969
959,970
959,978
961,967
961,968
963,966
965,976
966,972
967,975
968,973
968,974
970,971
971,979
972,978
972,981
973,977
974,980
977,983
977,984
978,982
978,986
978,987
980,985
980,987
981,988
983,991
985,989
986,992
986,1000
987,990
989,999
990,1000
991,993
991,994
991,997
991,998
992,995
992,996
<end>