<number of tasks>
1000
<cycle time>
1000
<order strength>
0.595
<z_alpha>
1.280
<task times>
1 96 495.9437
2 23 88.0157
3 71 548.3900
4 80 366.8142
5 381 6074.8530
6 505 25246.9539
7 209 9330.1289
8 58 718.5679
9 131 1931.4275
10 275 11342.4979
11 73 1065.5192
12 162 5239.5694
13 125 734.3274
14 44 130.0118
15 471 20718.7869
16 338 11381.8080
17 127 534.8654
18 107 647.5380
19 346 1631.6024
20 218 61.2912
21 590 42192.8275
22 45 32.0710
23 99 2200.5939
24 379 1521.9967
25 171 4707.2618
26 537 39390.3257
27 514 53945.1657
28 116 1792.6036
29 135 951.8457
30 473 9773.7743
31 257 2678.9066
32 476 51611.5272
33 45 286.0001
34 542 46303.2432
35 216 3468.5592
36 201 3925.8194
37 197 8008.7285
38 80 1482.4802
39 106 1083.3832
40 221 11738.7747
41 36 313.0542
42 209 5027.1265
43 338 22799.9051
44 353 9335.7735
45 63 485.7831
46 24 53.9534
47 240 2699.4623
48 68 779.9125
49 137 340.9357
50 46 61.2758
51 59 224.7363
52 75 1176.3750
53 140 2842.8382
54 529 24933.5249
55 84 1295.8177
56 59 791.2554
57 409 28653.8055
58 167 5491.0720
59 208 7827.4684
60 148 1710.7502
61 124 819.2663
62 295 17729.3456
63 198 3087.9685
64 230 5289.2659
65 241 9919.4341
66 32 121.1087
67 26 118.8612
68 74 567.8310
69 292 17749.5768
70 526 24467.5374
71 266 15414.1964
72 29 37.2497
73 40 64.6192
74 199 3688.3827
75 46 190.2274
76 202 6862.3639
77 561 34044.0305
78 531 55346.3034
79 278 2573.7962
80 67 185.6124
81 260 8850.6588
82 165 2592.1940
83 522 2576.8560
84 284 10243.2568
85 512 41026.3876
86 610 32664.7012
87 106 731.0851
88 446 1103.4339
89 52 436.9662
90 30 145.0096
91 247 9365.5383
92 192 3531.6777
93 76 956.8243
94 126 3059.0198
95 283 5020.5314
96 67 1031.6326
97 585 3547.7841
98 544 10310.3389
99 85 1311.6171
100 569 4748.9067
101 28 9.6975
102 62 117.7627
103 529 25359.4905
104 452 46716.4342
105 130 2553.8173
106 89 1367.1167
107 144 5165.1321
108 288 12256.9247
109 144 2522.8141
110 257 10319.8949
111 414 11796.1458
112 57 724.7464
113 30 60.3315
114 70 1220.2126
115 263 7434.2619
116 186 4486.6942
117 52 221.9238
118 458 42606.7079
119 110 1104.7570
120 172 5890.8373
121 253 2123.4457
122 117 2378.8939
123 110 1940.8629
124 543 18213.4764
125 71 577.2130
126 186 6218.7956
127 401 25276.0295
128 488 31597.1778
129 303 18229.8752
130 255 8941.1793
131 40 219.7746
132 34 233.5016
133 94 1231.9132
134 191 2747.3354
135 65 1002.8950
136 263 4142.6194
137 24 24.0436
138 421 44089.3983
139 278 17557.5093
140 586 6496.6657
141 300 15288.8642
142 449 42901.2518
143 543 36758.4581
144 205 10332.1974
145 59 177.1487
146 466 19780.5168
147 240 8632.9475
148 48 31.1288
149 182 6957.3589
150 89 1280.4134
151 160 2165.5176
152 523 26145.2139
153 115 130.6430
154 189 6943.6440
155 230 423.8463
156 511 52930.4528
157 302 7899.5017
158 513 12176.8765
159 178 1651.1636
160 189 4497.5954
161 296 10099.3954
162 649 31894.8784
163 167 6283.4124
164 281 15488.7983
165 100 2173.5266
166 92 1104.8103
167 227 3362.8048
168 310 3292.5678
169 341 16764.3928
170 84 658.8389
171 111 1196.6376
172 63 771.0105
173 218 6812.5848
174 112 289.0875
175 326 9535.5373
176 179 2231.6876
177 521 52739.7078
178 93 1764.9151
179 195 1153.0840
180 27 164.4745
181 26 33.9447
182 328 17712.5613
183 89 836.3222
184 171 4162.6149
185 404 24958.9532
186 297 2564.0241
187 22 17.5134
188 35 55.8819
189 222 6477.3155
190 126 337.2177
191 213 7523.6869
192 69 657.0490
193 449 27587.8575
194 176 4768.6380
195 167 6031.5776
196 531 10239.8838
197 41 353.1392
198 43 296.8791
199 64 766.2126
200 129 1485.5138
201 261 13895.3098
202 240 14165.0829
203 511 40690.1417
204 325 5945.5019
205 126 1067.1238
206 233 6860.9434
207 131 160.3824
208 499 3460.4754
209 175 6264.7262
210 457 40729.9307
211 495 50301.6223
212 103 675.2785
213 574 24739.6197
214 142 811.8661
215 151 3187.3328
216 139 1451.7720
217 189 7287.9612
218 116 530.9073
219 279 9213.2682
220 176 2887.0229
221 115 78.1415
222 117 2460.1653
223 139 1808.8469
224 54 272.2158
225 257 10893.9987
226 148 2485.5228
227 461 52203.8713
228 192 4727.6588
229 300 11776.4051
230 179 7285.1457
231 155 4514.9865
232 314 22086.9077
233 132 2099.0610
234 589 27624.3977
235 210 7509.2010
236 67 499.2218
237 89 238.2860
238 127 1480.9378
239 235 3755.8782
240 42 347.2290
241 68 737.1313
242 154 3851.9451
243 365 18279.9232
244 444 45343.3145
245 143 3455.5852
246 290 17082.5272
247 213 8436.5139
248 121 674.3627
249 50 335.8536
250 37 241.3472
251 359 21659.7418
252 50 390.5644
253 486 43467.7616
254 457 39391.5586
255 52 663.3135
256 39 148.7768
257 278 18400.6230
258 457 49039.2223
259 496 9363.6068
260 207 3188.3791
261 188 6902.1854
262 181 7993.0988
263 99 1893.0634
264 102 1288.6088
265 287 12996.6535
266 70 634.0494
267 502 50787.2642
268 238 3489.2174
269 155 4188.2471
270 225 7715.4442
271 91 1589.5326
272 142 1907.0281
273 468 11054.7367
274 134 1743.3015
275 271 5695.9489
276 196 6558.5989
277 178 3862.8582
278 279 3657.6415
279 200 6176.5810
280 76 1327.0675
281 545 21966.3737
282 305 16270.7607
283 206 4724.7790
284 356 21785.0993
285 280 14451.8133
286 319 19433.6603
287 497 60974.5392
288 244 1462.2163
289 90 988.7174
290 142 2947.1985
291 171 6416.7191
292 107 2038.2687
293 204 2307.3248
294 191 971.3491
295 144 4152.5941
296 219 116.7930
297 130 3685.3742
298 89 7.7293
299 34 112.9694
300 99 25.7540
301 80 1262.1216
302 141 2959.6827
303 173 6802.0293
304 220 298.3022
305 280 6094.3824
306 167 6067.3933
307 289 13034.8045
308 24 1.5692
309 260 2079.7934
310 250 4943.0726
311 113 1743.4105
312 397 28638.6054
313 70 1194.4586
314 231 5228.3951
315 91 391.5921
316 22 56.0959
317 195 2601.9341
318 78 11.4833
319 136 406.2477
320 123 797.5833
321 479 56410.3622
322 354 15184.6612
323 57 376.5609
324 253 2327.5477
325 309 688.2972
326 49 599.6325
327 261 8961.7430
328 539 52545.7565
329 238 13218.9510
330 563 32876.2569
331 474 17208.9193
332 441 8212.5555
333 153 2216.1674
334 124 1771.9363
335 147 2172.5568
336 182 1612.1870
337 216 2561.2293
338 54 610.0686
339 246 3034.9026
340 203 2592.0351
341 292 9772.3309
342 198 7588.6117
343 203 1619.7704
344 432 4889.3384
345 136 2907.8646
346 459 33018.7043
347 127 3260.9515
348 282 15681.2363
349 128 1085.8486
350 348 18975.3447
351 167 6587.7277
352 499 48383.1354
353 327 14449.3363
354 104 1787.8231
355 123 3711.9161
356 103 903.8370
357 93 1547.3093
358 21 95.8342
359 148 3375.5505
360 140 559.6854
361 383 15774.2372
362 397 6352.4954
363 171 2348.3434
364 108 1878.0988
365 166 6035.3070
366 53 378.8108
367 44 130.7742
368 227 1515.8450
369 207 628.4624
370 323 7511.1847
371 486 28837.7112
372 220 6227.1676
373 268 3532.9112
374 243 9558.4971
375 237 6564.9637
376 568 35396.5928
377 396 15965.4766
378 32 65.1614
379 114 1495.9632
380 431 22079.5932
381 159 935.6829
382 38 331.3282
383 93 1167.9282
384 74 1089.1619
385 542 52042.5323
386 194 2818.8388
387 292 21130.1714
388 182 6243.7136
389 516 4440.0220
390 123 694.5299
391 132 2652.8818
392 72 973.2336
393 440 24988.0283
394 210 981.5370
395 529 35856.2335
396 91 417.0995
397 117 2668.4607
398 96 495.4805
399 94 453.8868
400 57 725.7578
401 188 3541.5751
402 45 221.4359
403 44 68.5580
404 101 1669.0704
405 115 3275.6993
406 150 1877.7555
407 67 798.3209
408 218 4675.1749
409 82 890.1567
410 266 5049.8485
411 123 784.8220
412 54 29.2326
413 182 3542.1933
414 143 3688.6610
415 458 36970.5824
416 312 6887.8064
417 455 47639.7277
418 60 445.9761
419 221 483.4579
420 39 46.6877
421 171 4089.9997
422 130 959.2582
423 164 6683.4653
424 258 12308.3331
425 435 37244.3454
426 48 278.7482
427 522 12842.2714
428 61 109.5672
429 278 9987.8151
430 135 2943.8828
431 116 2068.4524
432 184 7346.5679
433 120 2787.6054
434 181 1837.5653
435 48 3.8303
436 149 2456.9078
437 143 2536.7087
438 132 394.5512
439 463 51253.5111
440 202 5181.5093
441 144 1488.1837
442 294 1109.4788
443 77 35.0508
444 224 8987.8048
445 215 2432.8203
446 273 15189.6498
447 107 332.3978
448 580 9824.7470
449 486 43155.4506
450 234 12366.5763
451 458 41075.9092
452 318 7062.5392
453 316 4914.5464
454 176 1062.3073
455 122 350.2782
456 435 37865.7485
457 252 6915.5826
458 498 49578.7586
459 589 436.5334
460 361 1603.1248
461 189 5493.4478
462 91 535.0108
463 198 8912.1929
464 173 4847.4740
465 526 13855.1870
466 40 61.6032
467 92 1439.6459
468 56 133.4904
469 49 199.4073
470 147 2179.4818
471 288 13570.2292
472 50 326.5531
473 45 23.0976
474 103 85.5665
475 220 5705.1826
476 449 48079.1114
477 116 1991.8913
478 111 2097.1048
479 95 723.3564
480 290 19838.3044
481 92 1065.5060
482 238 13737.1520
483 197 3296.4390
484 399 6575.2821
485 205 5227.4954
486 161 6062.6817
487 257 3887.3739
488 158 4208.9692
489 164 4379.0284
490 461 33260.2163
491 145 2984.7072
492 513 29088.6368
493 206 5589.7358
494 106 1294.8445
495 300 7702.0979
496 142 1470.2147
497 487 12600.3236
498 40 287.5462
499 84 506.3763
500 592 32524.7024
501 201 3848.2798
502 443 41481.6369
503 68 446.3388
504 174 1135.2840
505 462 8214.2174
506 115 2842.1793
507 315 14914.5696
508 323 5526.7207
509 244 11275.4813
510 110 1878.2065
511 312 21370.5529
512 115 417.7175
513 181 6934.1995
514 150 1072.4290
515 456 32887.0694
516 60 191.4466
517 484 16761.3141
518 31 49.3018
519 154 5067.4921
520 342 16828.7993
521 447 24761.6804
522 134 511.8092
523 305 11895.3771
524 179 3444.8292
525 307 20551.5786
526 473 5392.2796
527 317 18554.8028
528 265 2954.5395
529 88 1082.7754
530 260 3057.1379
531 443 14487.8548
532 396 22676.2237
533 310 8743.4507
534 311 11781.3031
535 129 2913.8567
536 284 6603.8017
537 122 2785.8008
538 69 930.4640
539 133 1714.7775
540 121 2138.7938
541 166 380.6744
542 419 39001.0665
543 207 7829.8756
544 225 1674.8560
545 313 23000.2063
546 211 6231.4421
547 60 156.2126
548 167 1419.1705
549 135 4368.5965
550 358 29700.0577
551 239 2112.5525
552 70 352.6711
553 97 96.7928
554 82 1428.8099
555 337 12417.7092
556 275 8072.0333
557 171 1767.7263
558 85 1328.3703
559 151 2307.7264
560 491 9666.4917
561 106 1484.3157
562 103 2051.4227
563 134 806.0865
564 188 4071.4089
565 67 831.1263
566 108 1568.1817
567 74 780.6237
568 144 2412.1413
569 317 23993.6577
570 196 4854.5877
571 143 4278.4212
572 27 3.7874
573 457 40511.4228
574 166 6429.3080
575 539 12472.0224
576 88 1760.6954
577 167 4560.5564
578 442 36793.3651
579 102 1866.6864
580 103 1527.2823
581 376 31629.3503
582 60 838.6983
583 191 5381.4454
584 239 3156.4145
585 588 40761.0502
586 252 15696.0677
587 172 4577.8592
588 185 1021.3080
589 443 20912.2838
590 184 6289.5547
591 98 395.5534
592 543 47388.5055
593 212 4488.1965
594 56 204.1603
595 177 2378.1763
596 221 9315.1804
597 205 2314.7440
598 441 48111.4871
599 104 2061.0072
600 92 670.4367
601 24 61.1758
602 152 2458.3082
603 48 29.3180
604 28 72.2916
605 286 6507.5340
606 56 247.3014
607 109 1756.1935
608 441 8216.2686
609 21 40.7632
610 546 17253.2828
611 51 128.3101
612 102 402.4615
613 364 18676.4486
614 137 907.2786
615 137 321.2535
616 380 2072.3235
617 150 2389.8513
618 278 16409.5138
619 88 99.9439
620 293 12887.1180
621 80 723.0436
622 575 26063.9186
623 218 4560.3051
624 167 5970.8168
625 237 1435.8277
626 379 12713.8139
627 150 3832.8434
628 37 314.6558
629 81 913.6614
630 37 238.3049
631 58 64.4051
632 253 11486.0511
633 280 16925.2526
634 40 110.3728
635 106 2205.5056
636 147 2773.3272
637 91 267.5737
638 468 46174.6487
639 84 834.9700
640 285 13086.5697
641 48 366.5267
642 98 893.5937
643 240 14123.8591
644 546 52698.3533
645 83 1697.7535
646 122 2886.3492
647 475 1043.6781
648 23 62.9446
649 122 2964.8537
650 276 5709.5988
651 296 15061.9569
652 261 15907.3163
653 538 50804.7347
654 346 29189.9376
655 127 3148.4811
656 79 1128.3396
657 38 144.6612
658 28 30.5809
659 331 19153.2999
660 133 1713.9817
661 193 4461.8957
662 233 6587.2367
663 204 8590.8971
664 361 6359.1638
665 441 6864.1635
666 131 2136.6854
667 156 5254.3573
668 22 110.4914
669 219 11647.9552
670 213 9355.0737
671 575 645.6140
672 121 2189.5436
673 334 8270.4607
674 220 2181.0513
675 99 1686.0106
676 327 2985.7003
677 96 319.4731
678 194 6899.5816
679 323 20289.0265
680 215 9483.0713
681 257 6982.7836
682 242 13467.0887
683 288 17768.7903
684 73 138.4239
685 505 46535.6555
686 153 3037.4477
687 106 1964.8505
688 186 3178.1056
689 256 5680.0994
690 163 613.9715
691 196 4007.7325
692 495 19637.4076
693 188 664.0059
694 193 8789.0416
695 526 3890.5511
696 71 1093.3297
697 114 308.3277
698 568 39423.7355
699 75 1263.8125
700 245 13942.2419
701 487 34844.2860
702 137 1054.3641
703 170 2506.1747
704 269 16804.5297
705 559 13167.3882
706 171 4575.5701
707 129 463.2402
708 175 5570.5488
709 282 14559.6992
710 181 5870.5651
711 161 6096.0392
712 52 41.9930
713 339 26757.9771
714 328 12769.7008
715 120 74.0813
716 459 22003.4347
717 29 194.2461
718 134 3552.5349
719 71 263.6807
720 486 20523.4192
721 28 41.4486
722 186 2936.0950
723 39 352.4307
724 125 128.0446
725 132 2428.1937
726 311 10250.7438
727 174 6876.5692
728 285 3362.8988
729 166 977.9256
730 73 594.3186
731 173 6008.7161
732 21 99.0603
733 285 20089.9768
734 82 1135.7410
735 408 39963.8858
736 265 16872.5923
737 296 3368.6252
738 52 313.2116
739 265 12942.0797
740 126 3039.2339
741 220 4027.1948
742 302 13098.6440
743 26 103.8836
744 43 11.7296
745 52 542.1772
746 553 40794.5206
747 138 1843.7683
748 508 16155.6859
749 339 5334.6841
750 317 11644.3807
751 196 2838.9569
752 201 7996.3032
753 46 48.1942
754 100 835.1020
755 163 3762.8542
756 296 5002.4081
757 108 203.8136
758 448 41858.1582
759 120 3205.3577
760 213 3524.7554
761 167 624.1949
762 515 14091.7233
763 541 12166.9296
764 533 53870.5247
765 277 13148.7404
766 384 12966.6265
767 411 6431.2817
768 39 66.5394
769 156 2822.2132
770 268 2934.2982
771 234 13618.0468
772 33 10.1606
773 150 1548.6527
774 266 739.6387
775 97 1205.0662
776 435 39150.9568
777 206 661.0706
778 42 371.7280
779 224 735.8635
780 436 12974.5114
781 68 837.5318
782 475 3651.8607
783 564 28876.6939
784 294 4940.1420
785 52 176.4022
786 160 2782.3470
787 145 504.8149
788 448 12310.3755
789 207 2351.4356
790 514 37900.8265
791 353 24044.7065
792 40 342.4020
793 263 15689.8260
794 448 4392.8459
795 181 6649.4121
796 102 611.9102
797 60 812.2195
798 347 16859.5195
799 296 20617.7947
800 85 54.1372
801 103 2180.9570
802 508 60546.6341
803 216 650.4020
804 91 427.1077
805 91 1936.9005
806 466 52720.7994
807 516 30695.3510
808 115 1617.5791
809 116 2618.2275
810 158 4183.3735
811 42 20.4911
812 21 26.0656
813 87 1654.2049
814 497 45534.2818
815 122 2007.4449
816 595 26285.3511
817 99 1905.1392
818 524 45035.4810
819 188 4405.2200
820 26 115.6774
821 486 18260.3671
822 215 1635.9518
823 29 39.6941
824 456 34623.6120
825 192 6321.0250
826 176 1579.0750
827 101 1250.8503
828 515 34831.7213
829 518 10796.4323
830 138 1902.9165
831 298 15712.8388
832 130 1060.9232
833 272 12242.0016
834 97 751.7231
835 196 2885.5632
836 495 31738.8676
837 305 19476.5460
838 77 104.4582
839 457 8134.6768
840 274 5659.7194
841 107 835.0914
842 186 993.0779
843 276 13511.8263
844 172 2046.9195
845 71 929.6859
846 172 3859.3494
847 237 2166.0197
848 256 12961.5167
849 77 450.7351
850 533 8403.4850
851 171 3730.0073
852 44 186.0152
853 96 2101.5914
854 195 3571.1319
855 71 1028.1247
856 350 27078.1920
857 112 2075.9969
858 145 977.3360
859 491 5837.5297
860 421 38583.8026
861 291 327.8788
862 182 1508.2388
863 480 43712.6983
864 477 40027.2054
865 218 10704.1830
866 420 13729.6313
867 539 33822.0310
868 532 6887.2545
869 151 3715.1695
870 67 175.7509
871 283 4744.2162
872 549 2193.6484
873 95 86.6548
874 424 12502.5849
875 88 62.3531
876 525 41371.5279
877 134 975.7838
878 162 1305.0745
879 129 3821.8336
880 34 235.4804
881 239 10337.5577
882 210 7267.7270
883 482 37592.2684
884 513 41638.3431
885 309 3521.6097
886 238 11593.2497
887 72 1086.7706
888 206 4403.6324
889 518 8413.2858
890 245 10273.6996
891 571 13076.2667
892 510 61051.3004
893 134 116.3953
894 122 623.6927
895 148 2801.5455
896 453 46309.6388
897 436 39029.1532
898 204 5637.5670
899 124 2041.2947
900 608 36363.8192
901 251 5471.7095
902 113 688.4256
903 277 6550.0688
904 479 39110.5910
905 155 3897.6158
906 224 6666.7887
907 139 2845.4821
908 253 3249.2179
909 121 1147.4274
910 256 11564.5911
911 494 4541.5763
912 22 51.4486
913 225 6216.1542
914 79 311.1596
915 191 5684.6076
916 140 3119.5024
917 197 2264.7440
918 120 1304.8881
919 119 2214.4197
920 215 10343.2313
921 178 88.7506
922 312 3623.5781
923 154 3814.7066
924 196 4242.7102
925 175 5717.8555
926 493 28281.3050
927 244 8353.7252
928 69 845.9957
929 193 9146.7776
930 57 795.1897
931 99 138.0551
932 501 47306.9827
933 530 36535.8091
934 27 80.2262
935 361 18233.5235
936 535 15844.1085
937 122 2434.6769
938 96 1263.4294
939 105 894.0377
940 91 608.7223
941 158 5485.4184
942 431 17983.2987
943 481 16299.8589
944 253 1739.1991
945 99 2228.7352
946 69 313.3117
947 225 12433.6586
948 133 3744.4653
949 58 184.3827
950 166 3665.7554
951 432 12612.5616
952 206 1213.7340
953 171 4533.0590
954 101 460.0341
955 177 4733.5461
956 112 1944.4170
957 164 5332.7300
958 287 19810.9004
959 401 12654.2246
960 40 344.3790
961 57 685.6128
962 248 6865.7035
963 97 2237.2032
964 436 25658.2589
965 506 59417.4520
966 288 2985.5603
967 510 44845.6082
968 43 119.6773
969 72 1157.4017
970 84 783.7640
971 172 2797.1640
972 193 8976.8912
973 289 16675.3181
974 201 2303.7823
975 43 157.3948
976 192 1813.2722
977 206 1059.7632
978 187 6900.9209
979 318 23845.1851
980 140 1470.0249
981 254 4634.3613
982 215 1849.6402
983 214 2768.7274
984 156 5044.2541
985 498 10133.4031
986 240 1248.3091
987 81 853.6686
988 144 3355.8016
989 73 461.7951
990 106 454.2572
991 132 2599.2048
992 272 11620.3354
993 303 19662.0126
994 235 7311.9527
995 188 150.8332
996 65 123.5311
997 266 1356.5318
998 149 2699.6774
999 154 5769.3278
1000 543 36912.8163
<precedence relations>
1,172
2,11
2,12
2,13
2,14
2,15
2,17
3,11
3,113
4,267
4,361
5,16
5,20
6,43
7,11
7,13
8,11
9,18
9,19
10,14
10,21
11,22
11,27
11,34
11,88
12,22
13,22
13,25
13,29
14,22
14,23
14,31
14,33
15,36
15,253
16,869
17,30
18,24
18,26
18,35
19,22
20,171
21,23
21,28
21,32
21,37
22,39
22,41
22,47
23,46
23,104
24,38
24,45
24,105
24,119
25,263
25,350
26,554
26,726
27,884
28,40
28,44
29,38
29,39
29,40
29,48
29,112
29,223
30,468
31,43
32,563
33,230
33,326
33,384
34,38
34,42
35,38
35,49
36,129
37,38
37,39
38,70
38,288
39,51
39,64
39,275
40,85
41,50
41,54
41,59
41,62
41,63
42,52
42,58
43,199
44,50
44,53
44,146
45,56
45,57
45,60
45,122
46,50
46,51
46,52
47,61
47,238
48,50
48,55
49,712
49,769
51,66
51,73
51,74
51,76
52,71
52,77
53,64
53,67
53,70
53,72
53,193
54,69
55,64
55,65
56,64
56,65
56,99
56,234
57,524
57,798
58,238
59,758
59,942
60,65
61,75
61,458
61,601
62,455
63,68
64,168
64,233
64,326
65,78
66,188
66,256
67,78
67,86
67,97
68,78
68,91
69,78
69,84
70,82
70,85
71,78
71,81
71,102
72,78
72,79
72,83
72,88
72,89
73,765
74,535
75,609
75,881
76,80
76,87
76,151
77,90
78,92
78,95
79,94
79,269
80,99
81,285
81,389
82,92
83,670
83,673
83,950
84,97
85,92
85,107
86,96
86,104
87,182
88,92
88,102
88,288
89,98
89,100
89,103
89,105
89,259
90,101
90,185
91,93
91,106
91,108
92,177
93,109
93,110
93,111
94,109
94,120
95,116
95,180
96,125
97,109
98,109
98,111
98,113
98,119
98,189
98,275
99,109
99,118
100,109
100,114
101,509
102,109
103,109
104,759
105,155
105,361
105,579
106,112
107,115
107,117
109,130
110,123
111,128
111,317
111,371
112,276
112,512
112,659
113,125
113,126
113,127
113,167
114,124
115,121
115,131
115,132
116,121
118,138
119,122
119,145
120,121
120,129
121,133
121,134
121,141
122,991
123,137
123,146
124,177
125,134
125,145
126,133
126,328
127,133
127,140
128,133
128,134
128,135
128,417
129,144
130,138
130,142
130,326
131,143
131,284
132,136
132,139
132,147
133,303
133,633
134,149
134,203
135,160
135,505
136,705
136,941
137,410
137,643
138,159
138,371
139,154
139,156
140,148
141,148
142,148
143,723
144,152
144,158
145,148
145,153
146,148
146,150
146,151
146,155
146,157
147,161
148,162
148,168
148,258
149,162
150,163
150,171
151,165
152,164
152,314
153,162
153,299
154,162
154,166
154,176
155,320
155,391
155,587
156,170
157,162
157,167
157,169
158,453
158,527
159,162
160,470
160,501
161,172
162,173
162,278
163,183
164,184
165,270
166,179
166,210
166,233
166,404
167,181
167,213
168,176
168,177
169,180
169,182
170,178
171,173
171,322
172,174
172,175
173,273
174,185
175,191
175,196
175,249
176,185
176,192
177,185
177,194
177,327
178,187
178,229
178,391
179,374
180,186
180,327
181,195
181,326
182,188
182,189
183,193
184,190
185,197
185,198
186,197
186,198
186,324
187,848
188,563
188,756
189,200
190,197
191,199
191,206
191,408
192,204
192,210
193,203
194,197
195,201
195,202
196,197
196,205
197,207
197,208
197,212
197,213
198,495
198,623
199,209
199,413
200,214
201,215
202,207
202,210
203,415
204,207
204,208
204,211
205,207
205,208
205,309
206,208
207,217
207,222
207,224
207,227
208,321
208,347
208,423
208,643
209,216
209,218
209,221
210,216
210,496
211,216
211,217
211,225
211,287
212,219
212,228
212,229
212,289
213,582
214,216
214,220
214,226
215,216
215,223
216,230
216,498
217,345
217,685
218,593
219,378
219,481
220,235
221,234
222,237
223,230
223,233
224,230
225,232
226,230
226,231
226,232
227,236
227,312
227,332
228,231
229,230
230,239
230,251
231,245
232,238
232,240
232,249
232,396
233,241
233,247
233,248
233,327
233,412
234,244
235,238
235,239
235,240
235,242
235,396
236,243
236,246
236,264
237,238
237,250
238,252
238,261
239,254
240,252
240,253
240,254
240,404
241,260
242,257
243,270
244,258
244,259
245,255
246,717
246,863
247,256
248,252
249,252
250,528
250,580
250,687
251,756
252,274
253,263
253,276
254,262
254,315
254,494
255,266
256,270
256,272
257,262
257,265
257,267
257,269
258,273
259,264
259,275
260,262
260,772
260,775
261,268
261,271
261,471
262,618
262,695
262,783
263,280
263,343
263,391
263,397
263,400
263,464
264,986
265,282
265,536
266,283
267,277
267,278
267,281
267,358
268,278
269,284
269,402
270,277
270,319
271,856
271,983
272,531
272,876
273,279
274,277
274,278
276,715
277,290
277,291
277,297
277,323
278,293
279,285
279,286
279,292
279,433
280,285
281,288
281,289
281,296
282,287
283,294
283,295
284,286
284,358
285,301
286,298
287,555
288,304
289,299
289,303
290,533
291,305
292,298
292,302
293,362
293,734
294,300
294,302
294,412
295,298
296,298
297,470
298,312
299,307
300,309
300,311
300,386
301,308
301,314
301,329
301,406
302,310
302,315
302,316
303,306
304,306
304,307
304,313
305,315
305,317
306,325
307,323
307,328
308,324
308,607
309,970
310,319
310,453
311,321
311,833
311,923
312,318
312,320
313,326
313,327
314,672
314,883
315,328
315,329
317,322
317,765
317,778
318,335
318,336
318,339
319,331
319,334
319,340
320,329
320,330
321,622
322,912
323,338
324,411
325,329
326,410
327,329
327,332
328,330
328,333
328,337
329,348
329,482
329,586
330,343
330,446
330,772
331,346
331,347
331,351
331,407
332,341
333,344
333,419
334,341
334,354
334,361
335,345
336,350
336,357
337,353
337,424
337,541
338,341
338,352
338,356
339,349
339,359
340,342
340,355
340,358
340,360
340,405
341,362
341,375
341,486
342,370
343,619
344,369
345,362
346,584
347,372
347,460
348,362
348,750
348,777
348,874
349,363
350,362
350,366
350,367
350,538
352,368
352,371
353,365
353,662
353,766
354,374
356,372
356,373
357,362
357,623
357,877
358,381
358,490
360,362
360,474
361,364
362,381
362,695
363,377
363,383
364,380
364,571
365,453
365,797
365,810
366,376
366,385
366,387
366,585
367,584
368,387
369,378
369,379
371,533
372,401
373,384
373,386
374,382
375,485
376,394
377,388
378,389
378,398
378,399
379,780
380,396
380,742
381,390
381,855
382,393
383,388
384,392
385,505
385,525
386,397
387,391
387,395
387,551
387,577
388,404
388,406
389,401
390,688
390,726
391,483
392,420
392,473
393,400
393,401
393,498
394,445
394,619
394,833
396,746
397,402
397,403
397,408
397,409
398,405
399,400
399,406
399,407
400,410
400,411
400,420
401,410
401,508
402,415
402,417
402,419
403,410
403,411
403,413
404,412
404,559
404,641
405,410
405,418
406,414
406,502
407,410
407,431
407,471
408,410
408,416
408,421
409,668
409,754
410,427
410,654
410,659
411,502
411,603
412,830
413,457
414,422
414,423
414,431
415,430
415,433
416,422
416,425
417,423
417,424
417,428
418,429
418,432
419,426
419,487
419,489
420,422
421,573
422,434
422,438
422,501
423,457
424,879
425,443
426,482
426,491
426,610
427,439
427,448
429,435
429,440
429,445
429,643
430,441
430,442
431,436
431,449
432,434
432,435
432,437
432,447
433,444
433,446
433,643
434,450
434,452
434,461
434,482
435,461
436,451
437,512
438,741
438,777
439,571
440,452
440,465
441,680
442,450
442,456
443,460
444,453
444,455
445,714
445,875
446,953
447,458
447,459
448,457
449,454
449,455
449,499
450,469
450,470
451,472
451,473
452,812
453,820
454,625
455,465
456,462
456,471
457,463
458,497
459,464
460,462
460,468
460,484
461,466
461,467
463,476
463,477
464,474
464,619
465,474
467,479
467,487
468,478
468,481
468,483
469,475
469,480
469,532
470,474
471,484
472,717
472,795
473,482
474,485
474,486
474,493
475,499
476,485
476,487
476,489
477,501
477,503
478,492
478,498
478,691
479,491
480,488
481,485
481,494
481,502
481,659
482,490
482,495
482,500
482,545
483,485
483,496
483,568
484,497
485,504
485,506
486,508
486,511
486,587
487,621
488,507
488,792
489,640
489,691
489,788
490,510
490,543
491,504
491,505
491,654
491,659
492,717
493,939
494,690
495,571
495,638
496,576
496,730
496,885
497,505
497,635
498,846
499,509
499,550
500,504
501,611
502,729
503,512
504,513
505,519
505,524
505,771
506,517
506,518
507,521
507,523
508,522
508,526
509,525
509,534
510,515
510,520
510,527
511,516
511,520
512,514
512,528
513,533
513,590
513,630
514,540
514,605
514,683
515,536
515,720
516,530
516,531
516,534
517,529
517,532
518,578
518,653
519,541
520,539
521,535
522,529
524,569
525,645
525,711
525,769
526,536
527,538
527,556
528,537
529,547
530,548
531,850
531,851
532,549
532,652
533,546
534,669
535,545
535,638
535,818
536,542
536,544
536,758
537,543
538,551
539,725
539,961
540,550
542,556
542,561
542,585
544,558
544,559
545,553
545,563
546,552
546,554
546,636
547,555
547,557
548,565
549,560
550,566
551,552
551,562
551,564
552,567
552,572
553,568
553,582
553,678
553,765
554,570
554,684
556,1000
557,573
557,576
558,575
558,583
558,688
559,575
559,659
560,581
562,574
562,578
562,672
564,569
564,574
564,580
564,738
565,579
565,668
565,831
566,571
566,577
566,606
567,648
568,592
568,596
568,852
569,689
569,790
570,593
570,719
570,724
571,595
572,629
573,584
573,589
573,591
574,855
575,585
575,590
575,896
576,747
576,820
577,587
577,657
577,826
578,588
578,706
580,594
580,878
581,586
581,918
582,709
583,588
583,596
584,604
584,710
585,699
585,772
586,598
588,597
588,600
588,605
589,597
589,715
591,601
591,606
591,608
592,653
592,788
593,599
593,609
594,603
594,761
594,784
594,855
594,926
595,602
595,607
595,673
596,924
597,709
598,610
598,617
598,658
599,744
600,616
601,615
602,619
603,614
603,946
604,613
605,611
605,753
606,638
607,620
608,612
609,618
609,655
610,621
610,622
610,631
610,744
611,627
612,626
612,628
612,634
613,630
614,623
614,624
614,852
615,629
615,633
616,963
617,625
618,632
619,814
620,634
621,641
621,699
621,925
622,644
623,643
624,845
625,636
625,640
625,663
627,642
627,759
627,786
627,793
628,638
628,645
629,635
629,637
629,747
630,635
630,636
631,931
632,645
633,849
634,639
635,647
635,650
636,656
637,649
637,859
637,879
638,651
638,653
638,655
638,823
639,648
639,657
639,709
640,854
640,945
641,710
642,646
642,652
642,694
642,764
643,654
643,659
643,771
645,658
645,883
646,660
647,666
647,667
649,828
650,935
651,662
651,697
652,664
652,665
653,663
653,802
655,955
656,947
657,802
657,831
658,661
658,791
660,676
660,796
660,892
661,670
661,678
661,679
662,669
662,674
663,668
663,672
664,673
664,779
664,830
665,671
665,680
666,675
666,677
667,705
667,816
669,688
669,689
669,691
670,763
670,954
671,695
672,685
673,921
674,690
675,681
675,684
675,686
676,687
676,719
677,683
677,692
677,808
678,977
679,682
679,750
682,754
682,917
682,991
683,699
683,745
683,803
684,694
684,697
684,752
685,714
685,947
686,702
686,740
687,695
687,701
687,769
688,703
689,693
689,698
689,700
691,695
691,859
691,951
691,976
692,696
692,770
693,705
694,708
694,712
694,714
696,711
697,704
697,706
697,709
698,713
698,782
700,825
700,859
700,862
701,710
701,832
701,907
702,829
703,707
703,944
704,716
704,817
705,740
706,717
707,941
707,945
708,723
708,901
709,721
709,722
711,726
711,768
711,816
711,883
712,715
712,727
712,728
713,718
713,719
713,720
713,724
714,725
715,738
715,744
716,739
716,753
717,731
717,735
719,729
719,730
719,741
721,737
721,749
722,743
722,775
723,742
723,805
723,948
724,733
724,734
725,740
727,736
727,805
727,862
728,732
729,751
729,752
729,933
730,747
730,886
731,850
731,916
733,759
734,748
734,753
734,758
734,802
735,749
736,746
736,966
737,755
738,745
738,750
738,756
739,757
742,906
743,759
743,898
744,754
745,768
747,813
747,931
748,765
750,760
750,766
750,780
751,763
752,762
752,770
752,915
752,946
753,962
754,763
755,761
755,772
756,771
756,918
757,760
758,767
758,991
759,764
759,769
760,778
761,777
762,775
763,773
763,872
766,774
766,807
767,783
769,784
770,773
771,780
771,781
771,782
771,988
772,776
772,779
772,783
774,789
774,861
775,837
775,957
776,892
777,786
777,793
778,790
778,840
779,785
780,792
780,794
781,791
781,796
781,908
781,914
781,991
782,787
784,788
784,795
785,798
786,808
787,803
787,888
788,801
788,924
789,802
789,805
790,919
791,804
791,808
791,940
793,807
794,800
795,806
795,830
796,797
796,799
798,815
798,868
798,909
799,814
800,818
800,973
802,809
802,811
802,814
802,816
802,898
803,948
806,810
806,813
806,819
807,812
807,817
807,970
807,994
809,944
810,824
810,828
812,826
812,829
812,832
813,821
813,829
814,827
814,830
815,820
815,822
815,831
816,825
818,823
819,821
819,829
821,833
821,962
822,834
822,844
824,836
824,838
825,843
826,837
826,840
827,835
828,842
828,959
830,838
830,841
832,839
832,897
834,847
835,904
835,930
837,852
838,845
840,849
840,850
841,851
841,909
841,963
842,848
842,950
843,846
845,857
845,971
846,858
846,865
846,871
847,855
847,860
847,862
848,853
848,854
848,863
848,864
849,981
850,856
851,945
851,995
852,854
852,859
852,861
853,880
854,877
855,871
855,872
855,875
856,870
856,969
857,867
857,930
858,873
858,876
863,866
863,869
864,874
865,868
865,920
866,887
867,885
868,878
868,880
868,891
869,883
870,882
870,910
871,970
872,888
872,889
873,890
874,881
874,896
875,879
875,884
875,886
875,998
876,885
878,903
879,892
879,895
879,990
880,893
881,905
882,897
883,895
885,900
886,904
886,970
887,904
888,899
888,902
888,941
889,898
890,896
890,901
891,894
891,906
893,908
893,921
893,943
894,917
894,944
895,918
895,938
895,981
896,913
896,916
896,917
898,910
898,911
898,915
900,920
901,909
901,919
901,941
902,914
903,912
903,980
904,907
907,922
907,929
909,978
911,932
912,926
912,930
913,927
915,924
918,925
920,931
920,933
921,923
921,928
922,940
923,939
923,946
924,934
924,935
928,938
928,942
928,945
929,941
929,944
930,937
931,936
932,943
936,951
936,959
937,950
937,954
939,948
939,957
941,953
941,956
942,955
942,958
943,947
943,952
944,949
947,968
947,969
948,967
948,971
948,972
949,964
949,976
950,966
953,963
953,965
953,975
954,962
954,970
955,967
956,961
957,970
957,974
958,960
958,971
958,973
961,986
962,982
963,981
964,984
965,980
966,997
967,989
968,978
968,981
969,988
970,987
971,977
975,983
975,985
976,979
977,990
977,998
978,997
981,1000
983,994
985,995
985,999
986,996
988,993
989,991
989,992
<end>