<number of tasks>
100
<cycle time>
1000
<order strength>
0.601
<z_alpha>
1.280
<task times>
1 41 76.3013
2 104 17.4325
3 58 57.8760
4 495 1915.6805
5 61 142.1649
6 147 769.1267
7 333 2476.6248
8 475 13855.7262
9 176 608.2124
10 86 172.6959
11 55 47.1882
12 60 119.3352
13 158 991.4039
14 39 81.7085
15 125 730.3420
16 507 4497.2736
17 458 7571.2436
18 50 83.0748
19 56 0.6107
20 106 455.9168
21 115 796.3330
22 57 92.5986
23 114 110.1904
24 140 369.2631
25 73 83.0041
26 463 2539.4815
27 229 489.2931
28 51 72.5539
29 390 4261.4820
30 218 2208.6590
31 496 1875.5198
32 165 1637.0306
33 75 213.0675
34 155 1353.4156
35 163 1406.3405
36 186 27.5038
37 567 2499.2496
38 275 283.8274
39 202 971.8820
40 481 2734.3918
41 127 177.8871
42 40 8.5342
43 150 180.6054
44 367 5489.4083
45 242 59.9030
46 168 280.1218
47 293 4894.8353
48 460 6639.2251
49 106 9.5381
50 322 6326.5341
51 222 2223.9824
52 282 562.9288
53 267 58.2635
54 266 282.7770
55 455 4113.1134
56 24 28.6626
57 48 104.7208
58 126 955.7133
59 253 199.2525
60 311 628.9159
61 151 1265.1076
62 625 21255.5363
63 441 9888.0486
64 154 1098.0416
65 170 362.9780
66 137 702.2477
67 79 372.4464
68 350 5847.0067
69 334 3359.1818
70 455 6167.6051
71 131 1056.5827
72 180 1284.5597
73 90 58.3300
74 26 27.7604
75 349 5243.5401
76 522 7019.1650
77 166 889.3983
78 247 2961.5990
79 156 1135.8773
80 154 288.6444
81 127 503.0110
82 251 3403.4602
83 119 538.8426
84 26 21.3815
85 165 85.8198
86 90 162.3019
87 246 478.7829
88 496 14961.2548
89 155 581.0632
90 439 443.1855
91 464 13375.2297
92 263 26.9012
93 169 177.8937
94 288 4318.8148
95 54 43.2736
96 86 135.0830
97 134 489.0085
98 106 399.9960
99 144 25.1203
100 46 2.6338
<precedence relations>
1,14
2,14
3,14
4,5
4,6
4,7
4,8
4,9
4,10
4,11
5,59
6,59
7,91
8,14
9,14
10,14
11,12
11,13
11,15
11,16
11,17
11,43
12,59
13,91
14,19
14,20
14,21
14,22
14,23
14,24
14,25
14,26
14,27
14,28
14,29
15,32
15,50
15,51
16,18
16,30
17,18
17,30
17,33
17,34
17,35
17,44
18,59
19,32
19,33
19,35
19,43
20,37
21,44
21,71
22,33
22,39
22,40
22,71
22,77
23,31
23,32
23,33
23,35
23,49
24,31
24,34
24,35
24,41
24,43
25,31
25,32
25,49
25,50
25,51
26,31
26,32
26,41
26,42
27,31
27,33
27,53
27,57
27,58
27,64
28,35
28,36
28,40
28,41
28,43
29,31
29,32
29,33
29,35
29,36
30,31
30,32
30,42
30,45
31,59
32,70
33,76
34,76
35,76
36,39
36,42
37,38
37,39
37,40
37,41
37,43
38,59
39,91
40,70
41,44
41,45
41,46
41,47
41,48
42,46
42,47
42,48
43,44
43,45
43,46
43,47
44,59
45,59
46,59
47,49
47,50
47,51
48,49
48,51
48,62
48,65
49,59
50,52
50,53
50,54
50,55
50,56
50,57
51,52
51,54
51,55
51,58
51,63
52,59
53,59
54,59
55,70
56,60
56,64
56,65
57,61
57,62
57,63
57,76
57,77
57,78
58,59
58,71
58,85
59,66
59,67
59,68
59,69
60,70
61,70
62,70
63,91
64,71
64,77
64,85
65,89
65,90
66,76
67,77
68,77
68,78
68,90
69,77
70,72
70,73
70,74
70,75
71,78
71,86
72,100
73,93
73,94
74,85
75,85
76,79
76,80
76,81
76,82
76,83
76,84
77,93
77,94
78,88
79,88
79,95
80,87
81,93
82,86
82,94
83,89
84,89
84,90
85,87
86,91
87,88
87,89
87,90
88,91
89,100
90,92
90,93
90,94
90,95
91,96
91,97
91,98
91,99
94,100
<end>