<number of tasks>
1000
<cycle time>
1000
<order strength>
0.896
<z_alpha>
1.645
<task times>
1 175 565.6340
2 22 25.7402
3 89 152.1880
4 106 458.0172
5 91 271.9808
6 171 318.4672
7 65 65.0633
8 36 26.7896
9 78 24.3084
10 152 990.2821
11 176 1883.8146
12 41 13.2216
13 153 624.0739
14 183 150.1535
15 138 106.2321
16 90 501.9336
17 226 41.7608
18 59 87.8644
19 202 1302.9720
20 40 29.2403
21 266 2714.8209
22 277 3955.4384
23 49 44.8467
24 180 1976.9880
25 99 553.6027
26 192 1713.4267
27 115 3.4886
28 135 346.3219
29 129 871.3978
30 156 1374.3048
31 140 173.0858
32 40 23.3101
33 27 25.5313
34 185 901.7891
35 165 54.2498
36 280 429.4210
37 240 2013.5730
38 75 140.0312
39 131 640.9538
40 179 861.3665
41 105 221.8141
42 158 61.5929
43 124 413.5893
44 203 2019.6099
45 141 1192.1578
46 73 91.5610
47 63 48.7998
48 75 155.7252
49 120 238.9377
50 176 1743.4504
51 117 324.0009
52 318 2993.3763
53 73 140.4750
54 159 1524.3563
55 110 660.7109
56 135 61.1550
57 204 2455.6524
58 92 458.3194
59 112 28.5195
60 43 13.5677
61 134 175.1777
62 209 358.5659
63 203 1825.9133
64 160 620.8110
65 163 80.2210
66 135 546.6643
67 70 94.7570
68 87 121.1843
69 181 2044.8669
70 128 995.2797
71 265 2864.1640
72 141 728.9795
73 150 417.4435
74 50 52.7558
75 65 103.0439
76 159 1386.4724
77 254 3436.4164
78 142 1132.6806
79 96 94.5828
80 136 191.4313
81 169 1724.4789
82 50 140.8929
83 55 75.8368
84 144 463.2478
85 35 43.6054
86 201 1764.3621
87 157 1120.2671
88 98 167.2390
89 93 150.8747
90 229 2655.3604
91 227 380.4937
92 25 38.2391
93 100 566.5364
94 26 1.1835
95 203 1950.0120
96 260 3425.5386
97 222 1493.5234
98 88 440.1593
99 86 253.5603
100 280 1404.1822
101 130 17.8343
102 125 82.8703
103 288 3936.3893
104 75 307.0234
105 139 1198.2840
106 293 730.7609
107 53 71.7133
108 117 132.8538
109 108 303.8791
110 28 24.0933
111 234 2768.2902
112 20 7.0743
113 137 799.8590
114 42 70.8159
115 142 654.4242
116 197 984.2835
117 284 4122.7658
118 227 1122.7529
119 145 1094.2254
120 60 69.2216
121 100 554.4969
122 265 428.2837
123 86 91.1304
124 170 1246.3505
125 155 1117.9654
126 149 377.6685
127 122 111.1487
128 259 2105.8005
129 80 23.0822
130 255 1669.1684
131 42 4.4769
132 62 164.4907
133 231 830.4292
134 128 318.3589
135 152 1383.5501
136 75 255.5236
137 96 430.3674
138 176 1039.1057
139 80 65.3957
140 96 103.4409
141 52 98.8001
142 101 69.2183
143 276 1738.6664
144 55 25.1798
145 111 452.5900
146 161 1297.2595
147 105 275.9926
148 156 311.9659
149 39 60.3861
150 296 3496.4417
151 95 102.4380
152 95 191.8183
153 153 469.6028
154 133 87.8803
155 221 662.0420
156 114 208.3100
157 83 354.3455
158 129 249.4694
159 70 87.0151
160 207 117.5504
161 112 529.7269
162 99 195.7960
163 106 382.8774
164 364 3371.1941
165 152 311.5511
166 120 75.6001
167 177 1885.0348
168 77 121.6021
169 133 315.7314
170 70 38.3821
171 100 530.6570
172 132 96.1738
173 183 724.8714
174 99 13.2401
175 73 267.1690
176 95 443.0381
177 73 8.7543
178 144 770.3953
179 314 3468.3038
180 87 239.9692
181 234 2605.6373
182 93 292.9517
183 113 283.8249
184 21 20.2493
185 66 243.2660
186 307 1546.3711
187 105 166.5705
188 257 3674.9277
189 134 329.2122
190 250 3713.9624
191 221 2577.1843
192 122 659.0711
193 149 447.6537
194 132 458.2136
195 133 1075.1739
196 292 2935.8289
197 197 562.2216
198 43 67.7814
199 282 2203.1486
200 172 469.0390
201 207 232.7078
202 73 238.3562
203 204 572.4098
204 164 125.9150
205 125 784.3670
206 236 1962.5138
207 113 548.5232
208 128 446.0797
209 146 237.5425
210 58 120.8907
211 32 18.6497
212 178 1267.0974
213 170 317.2183
214 81 215.7277
215 172 1239.1215
216 89 108.1441
217 124 141.8269
218 24 10.0977
219 68 6.1180
220 312 5396.4716
221 103 160.7686
222 27 18.1123
223 209 708.4892
224 135 674.2371
225 207 1100.4475
226 69 240.5264
227 58 171.2088
228 253 1095.1700
229 244 1952.8329
230 230 3195.8436
231 133 258.0928
232 79 224.7034
233 239 2700.3068
234 50 149.8615
235 330 1789.4700
236 240 432.6406
237 238 300.9146
238 88 233.8104
239 232 2777.1727
240 83 388.3108
241 122 1.1823
242 82 295.6673
243 121 901.3330
244 93 308.9382
245 170 946.6831
246 365 516.7140
247 115 515.8397
248 109 90.8048
249 90 158.2179
250 282 3859.0738
251 20 19.1592
252 90 257.7031
253 158 1408.8884
254 242 25.8717
255 60 156.4200
256 324 6476.9331
257 64 160.6440
258 108 176.7122
259 28 15.7365
260 117 624.3111
261 225 2995.4961
262 32 4.7429
263 55 109.6979
264 160 326.0333
265 22 17.5477
266 64 209.5330
267 239 737.8195
268 94 7.7779
269 72 24.6355
270 111 571.8426
271 26 10.5777
272 160 1271.0509
273 99 70.6477
274 131 589.8771
275 133 599.2872
276 228 353.3561
277 120 176.7097
278 97 557.4113
279 145 397.3393
280 127 204.7896
281 129 800.7320
282 343 5346.8089
283 98 588.5349
284 45 112.6748
285 62 78.1613
286 288 1410.4360
287 164 1638.5295
288 102 179.1410
289 133 446.2136
290 182 1565.2711
291 147 1108.6861
292 162 618.2739
293 65 12.8335
294 121 438.7857
295 70 10.2903
296 240 668.7548
297 221 1273.7095
298 66 266.3379
299 34 59.2213
300 112 658.4313
301 23 4.8391
302 155 1180.2087
303 238 1019.0663
304 141 1018.1623
305 63 223.0771
306 81 337.4241
307 122 850.6243
308 269 4465.7568
309 184 1734.3706
310 134 1080.3190
311 52 109.1929
312 79 111.5167
313 298 2669.4331
314 121 173.0203
315 40 58.4853
316 136 996.3033
317 140 720.2919
318 154 113.1978
319 42 50.9945
320 107 43.7642
321 279 3210.3023
322 139 85.6940
323 75 189.7218
324 167 228.9770
325 23 16.4429
326 124 605.9984
327 158 397.8365
328 73 94.7590
329 290 1040.7043
330 129 219.9551
331 90 180.6657
332 206 2222.8960
333 249 631.6023
334 295 1180.6784
335 192 1889.0169
336 116 694.9295
337 79 57.5971
338 115 501.8804
339 244 1133.7194
340 119 42.9458
341 166 947.0382
342 77 203.0041
343 25 9.5724
344 179 868.0436
345 21 2.4366
346 87 116.1184
347 71 76.0166
348 60 187.5499
349 26 39.0096
350 141 1158.6438
351 23 27.3322
352 180 908.8285
353 104 54.5581
354 70 216.5664
355 142 49.7234
356 97 449.5898
357 151 175.3954
358 50 17.4077
359 223 1855.0233
360 251 1297.1757
361 95 271.0715
362 38 1.1051
363 42 51.0070
364 29 17.7431
365 333 3895.1217
366 106 17.4327
367 131 146.5706
368 105 616.1288
369 137 1065.6204
370 38 80.2380
371 55 147.7264
372 187 1032.8634
373 120 688.4019
374 43 26.4673
375 203 955.2938
376 84 258.3117
377 70 113.4479
378 58 168.5909
379 127 314.6663
380 150 262.3387
381 52 134.9882
382 180 304.5438
383 84 433.5754
384 105 448.2313
385 297 1910.3784
386 115 304.0199
387 208 2591.8633
388 199 1544.8969
389 254 3457.0928
390 310 4139.4824
391 190 1732.3797
392 104 261.9677
393 319 2130.0656
394 144 192.4690
395 32 57.1172
396 270 1521.3139
397 161 100.7786
398 65 250.1285
399 149 406.9588
400 33 9.5768
401 42 40.9765
402 47 94.1187
403 107 585.2780
404 139 1186.9325
405 137 547.7577
406 173 306.0979
407 106 206.5282
408 46 61.4765
409 200 220.4635
410 138 42.7683
411 207 956.6145
412 259 862.8820
413 43 115.1168
414 39 26.3150
415 99 282.6161
416 220 1683.3726
417 168 627.2141
418 229 1492.1115
419 329 2930.7013
420 117 760.1064
421 107 512.5409
422 249 2271.7953
423 123 73.1160
424 147 544.6109
425 108 35.3434
426 138 1103.4192
427 164 1141.9688
428 105 561.7116
429 188 720.4599
430 58 76.2528
431 89 272.1382
432 69 172.1452
433 49 67.1324
434 55 133.8250
435 133 428.4335
436 126 679.6296
437 59 214.8321
438 180 871.0653
439 155 790.5330
440 241 656.8990
441 327 6353.3921
442 114 566.9677
443 82 270.9656
444 21 10.2964
445 72 117.9167
446 195 812.4805
447 102 311.8339
448 128 864.0634
449 52 118.0882
450 94 115.7855
451 21 14.7147
452 148 916.5016
453 257 3773.1538
454 23 32.4448
455 177 333.6736
456 128 975.4433
457 145 1312.4021
458 93 112.3465
459 77 36.6700
460 34 43.6065
461 157 14.0004
462 187 388.7329
463 25 5.9013
464 47 43.9014
465 87 244.1619
466 102 354.4876
467 26 0.4458
468 244 3713.8907
469 100 391.4454
470 152 1060.8951
471 179 116.6810
472 69 150.6955
473 56 133.9372
474 69 173.1315
475 218 1040.0458
476 57 56.7043
477 138 195.8495
478 125 610.7876
479 60 218.9391
480 246 914.3645
481 20 8.8751
482 89 215.7077
483 221 2729.9540
484 149 683.1015
485 146 698.7376
486 196 1241.6177
487 105 174.6060
488 239 2605.5823
489 135 15.1714
490 81 215.5393
491 253 1379.8722
492 45 34.7261
493 84 83.8565
494 215 1660.7272
495 91 53.7095
496 178 469.6237
497 151 923.9843
498 184 547.1773
499 154 837.0963
500 81 386.0837
501 33 44.2468
502 281 1109.1718
503 30 18.5438
504 189 835.7676
505 196 137.3541
506 325 1459.5866
507 138 596.6808
508 107 84.3300
509 223 2447.0912
510 173 1189.1635
511 81 380.3560
512 155 875.3439
513 65 228.9514
514 46 3.7881
515 344 2959.6910
516 48 92.0111
517 162 768.3235
518 334 863.3209
519 164 1299.5336
520 205 189.8988
521 149 1092.6999
522 42 51.6024
523 46 105.8929
524 74 127.4957
525 315 2783.9706
526 83 83.5128
527 161 1364.1020
528 180 1000.7212
529 62 214.4896
530 278 3604.5199
531 229 2503.2975
532 23 24.2297
533 63 47.7587
534 110 406.2342
535 107 226.9400
536 202 1057.8802
537 20 4.6703
538 284 3698.0484
539 39 70.4365
540 103 247.2238
541 205 356.8620
542 67 183.4699
543 93 473.0990
544 75 258.6004
545 198 2281.9064
546 100 147.4391
547 41 79.3380
548 179 746.3184
549 57 57.1089
550 46 121.2446
551 101 170.9611
552 35 12.3127
553 238 956.7730
554 94 337.8261
555 152 60.3758
556 131 607.8511
557 95 34.3572
558 240 666.0913
559 67 39.0009
560 44 64.5345
561 40 22.2458
562 159 632.6029
563 74 50.1965
564 129 27.0328
565 231 1545.2627
566 40 12.9223
567 193 770.6817
568 67 159.6790
569 174 1122.1524
570 238 2443.3824
571 35 45.6745
572 54 72.5268
573 173 25.1494
574 95 200.1206
575 189 504.5936
576 189 569.8538
577 142 1173.8746
578 31 27.6324
579 247 2511.7804
580 312 5246.4340
581 251 58.2137
582 186 1162.9118
583 248 3359.3701
584 171 1813.7539
585 257 924.5069
586 76 181.6933
587 127 264.5032
588 88 274.0211
589 114 380.8674
590 238 2430.7525
591 184 777.1244
592 75 211.2910
593 62 27.4939
594 125 774.6241
595 66 189.2718
596 101 382.9081
597 66 126.9272
598 47 12.8756
599 82 56.9709
600 84 197.2529
601 122 824.0902
602 203 1389.2859
603 251 3496.4982
604 83 108.3775
605 217 759.5758
606 103 229.4749
607 106 401.8567
608 164 63.4299
609 216 1829.6121
610 275 2780.8936
611 42 31.4867
612 177 1820.4722
613 145 239.8906
614 75 256.4798
615 45 18.5287
616 170 392.3042
617 151 610.6599
618 24 0.7624
619 65 7.5954
620 285 389.3988
621 71 52.2298
622 139 129.0386
623 31 18.9189
624 242 1963.6664
625 55 172.1797
626 157 625.5018
627 127 303.3120
628 300 3761.3686
629 127 111.7903
630 210 2389.1389
631 92 146.5074
632 185 419.2963
633 298 719.4171
634 188 584.0978
635 55 44.1062
636 83 182.8915
637 165 290.2924
638 245 196.4852
639 99 583.4810
640 231 2161.2046
641 107 55.7459
642 145 310.7968
643 124 903.5715
644 293 1247.4705
645 173 1667.7165
646 85 345.1502
647 53 148.0723
648 83 319.0479
649 97 550.5766
650 57 53.3268
651 33 39.7457
652 94 145.0636
653 187 717.1196
654 234 220.2905
655 215 2104.5284
656 160 1405.4407
657 39 92.7096
658 150 973.3994
659 93 398.5906
660 148 135.0303
661 138 634.2108
662 75 105.6672
663 151 372.1417
664 205 1338.9602
665 232 1432.9869
666 205 2551.1161
667 79 174.6233
668 67 172.9242
669 173 405.3628
670 137 290.9732
671 160 792.2129
672 51 128.8998
673 51 37.6346
674 188 1199.1593
675 92 253.8470
676 124 409.8460
677 117 715.7943
678 257 2529.1972
679 21 22.4634
680 298 3950.4933
681 104 573.0207
682 66 130.7892
683 98 230.0562
684 175 348.9802
685 26 9.9215
686 30 16.7716
687 202 2525.9006
688 75 17.3629
689 235 604.6806
690 120 367.2842
691 177 1424.4388
692 265 1892.3605
693 154 636.2843
694 177 1905.0118
695 83 169.9636
696 117 345.1534
697 142 16.6567
698 180 398.8652
699 406 8267.2714
700 54 33.1914
701 120 330.8952
702 26 3.0322
703 303 4010.9346
704 108 295.5965
705 59 39.9041
706 59 183.2073
707 77 117.4760
708 57 90.2087
709 76 168.6534
710 214 533.2282
711 42 41.8787
712 177 133.5729
713 204 691.1760
714 112 776.2191
715 102 66.5190
716 24 0.3421
717 145 506.2180
718 156 669.8895
719 230 2927.9479
720 291 6.8771
721 43 18.2519
722 129 980.6146
723 175 1032.8206
724 43 109.2066
725 25 36.3764
726 232 2732.9035
727 48 11.4945
728 106 251.5170
729 43 79.3379
730 212 726.3457
731 145 683.1843
732 113 145.3393
733 128 700.5701
734 36 30.3085
735 70 277.0475
736 93 282.2730
737 202 650.4697
738 198 1390.4065
739 115 650.4032
740 246 1727.2190
741 99 156.4567
742 256 1534.1437
743 225 1136.7213
744 62 174.2701
745 150 650.1656
746 175 783.6233
747 91 281.6989
748 52 51.4907
749 111 663.8990
750 247 256.0948
751 52 26.7228
752 34 34.2878
753 35 42.6441
754 118 613.7663
755 92 528.4174
756 86 444.2995
757 89 394.1876
758 72 35.8018
759 305 3708.4140
760 236 1320.9420
761 236 1782.4185
762 128 857.5820
763 63 90.3099
764 130 824.3924
765 58 2.2016
766 222 2682.6124
767 102 447.9159
768 224 320.8621
769 133 543.8890
770 109 237.4849
771 91 469.0800
772 75 189.1938
773 24 15.6661
774 218 2955.2432
775 75 25.7268
776 26 18.6185
777 245 2575.9578
778 89 142.1896
779 26 33.1973
780 219 1362.8954
781 121 195.2003
782 374 5936.6923
783 177 107.3838
784 272 1193.3933
785 97 397.1363
786 171 1174.9173
787 205 804.4995
788 300 401.4409
789 34 10.8987
790 194 180.7596
791 29 52.2868
792 75 195.3997
793 250 819.5625
794 46 42.9040
795 120 136.1792
796 201 2379.8346
797 181 109.9422
798 166 971.4122
799 216 2587.5744
800 21 26.2507
801 136 1150.5840
802 278 591.1957
803 98 556.8322
804 99 548.1018
805 201 195.4589
806 110 348.8727
807 161 491.4583
808 283 1355.6748
809 28 30.6439
810 213 1391.7087
811 122 344.8582
812 100 451.8273
813 22 19.5891
814 69 54.7215
815 157 221.3790
816 34 18.5016
817 300 5621.8380
818 116 448.6194
819 152 364.5318
820 59 27.9022
821 234 2465.7798
822 123 90.8717
823 246 2476.4869
824 137 481.0048
825 54 113.2973
826 189 1150.3159
827 158 632.3868
828 227 1290.5223
829 98 474.4151
830 72 203.2017
831 153 653.1105
832 164 1595.5353
833 158 1155.8411
834 21 5.7124
835 171 1125.9030
836 99 131.9120
837 79 339.0215
838 147 1155.3670
839 161 514.5521
840 175 472.5044
841 94 217.3307
842 31 31.0244
843 39 76.9700
844 171 91.8888
845 81 325.0281
846 99 27.6827
847 103 598.9490
848 143 293.3915
849 129 782.9547
850 214 1388.4686
851 30 7.4691
852 209 217.7311
853 70 272.0529
854 147 731.2456
855 124 324.1532
856 202 103.2966
857 110 252.6085
858 135 532.0370
859 115 37.8991
860 139 617.3608
861 237 1595.4049
862 121 119.8469
863 168 145.6375
864 233 2678.4610
865 193 2251.5505
866 57 157.6120
867 246 3440.1501
868 223 1097.2464
869 214 522.3800
870 33 23.3179
871 119 3.9191
872 118 244.8755
873 66 160.8271
874 127 219.1216
875 207 1619.4036
876 99 445.8541
877 70 280.8144
878 177 807.1938
879 211 2471.0293
880 241 776.8861
881 103 209.2590
882 284 2759.1055
883 62 12.3938
884 235 2458.4002
885 311 5669.3317
886 36 67.1071
887 255 3684.2890
888 56 142.4151
889 114 173.8427
890 156 1019.5565
891 72 292.0382
892 34 54.4129
893 265 2021.5146
894 228 1176.8471
895 264 1313.0955
896 74 160.9429
897 126 401.6130
898 156 267.6133
899 184 793.1445
900 29 45.4206
901 84 129.7689
902 91 484.6253
903 317 4196.8983
904 202 1958.0903
905 23 29.9487
906 142 53.0488
907 41 22.1572
908 187 299.5283
909 128 925.6880
910 104 57.4178
911 158 335.8459
912 72 261.4179
913 277 2561.8938
914 107 694.2332
915 88 28.2519
916 67 125.1934
917 55 144.5383
918 142 1082.8807
919 45 68.6254
920 88 156.5892
921 170 827.6708
922 94 119.5664
923 30 14.3437
924 114 485.6479
925 101 409.1391
926 128 414.3511
927 39 76.5970
928 24 24.2425
929 153 1261.6683
930 96 156.9637
931 309 3386.1256
932 142 263.1013
933 64 93.6874
934 274 2365.5765
935 164 238.1543
936 258 2057.3132
937 140 88.4491
938 103 131.1271
939 224 2431.5447
940 473 12036.9012
941 216 314.4754
942 131 842.8896
943 95 495.6987
944 254 2240.8469
945 193 1148.4152
946 61 8.8560
947 190 410.3154
948 117 824.5135
949 87 68.2650
950 215 165.3656
951 285 4175.6730
952 102 507.7827
953 71 93.5089
954 110 15.0407
955 299 174.6711
956 128 946.6120
957 144 420.1035
958 128 62.2619
959 84 318.9248
960 233 739.4660
961 23 22.7842
962 45 66.2830
963 124 819.1182
964 277 3402.6055
965 140 1070.3938
966 185 185.9063
967 262 3559.0172
968 148 251.1007
969 81 189.3305
970 44 98.9778
971 110 629.6127
972 113 219.7526
973 52 58.9732
974 145 864.8364
975 245 417.7331
976 33 29.5917
977 133 202.8128
978 32 47.0803
979 254 3836.0583
980 67 31.8090
981 86 258.0174
982 99 113.9247
983 141 197.4264
984 57 137.8539
985 105 131.4091
986 158 977.5416
987 163 1356.8373
988 170 847.2075
989 288 1364.8990
990 160 623.6437
991 43 28.7522
992 39 90.3707
993 29 1.2125
994 185 1376.6555
995 84 10.8188
996 86 361.8664
997 55 118.5973
998 118 179.2862
999 51 74.4963
1000 169 1570.6972
<precedence relations>
1,8
1,9
1,12
1,21
2,8
2,15
3,13
3,14
4,8
4,9
4,10
4,11
5,8
5,9
5,10
6,8
6,9
6,10
6,11
6,12
6,13
6,15
7,8
7,9
7,10
7,11
7,14
7,15
8,16
8,17
8,18
8,19
8,20
8,22
9,22
10,16
10,17
10,18
10,19
10,20
10,21
10,22
11,16
11,17
11,18
11,19
11,22
12,16
12,17
12,18
12,19
12,20
12,22
13,16
13,20
14,16
14,17
15,16
15,21
16,897
16,926
17,23
17,29
17,31
17,34
18,23
18,24
18,25
18,26
18,27
18,28
18,30
19,23
19,24
19,25
19,26
19,27
19,28
19,29
19,30
20,23
20,24
20,26
20,27
20,36
21,23
21,24
21,25
22,24
22,28
22,31
23,32
23,35
23,38
23,42
24,32
24,33
24,34
24,50
25,32
25,33
25,34
25,35
26,391
26,511
27,33
28,32
28,33
28,34
28,35
29,32
29,33
29,36
30,32
30,33
30,34
30,35
30,36
31,32
32,40
32,43
32,61
33,37
33,38
33,39
33,51
33,52
33,53
34,37
34,38
34,39
34,42
35,39
35,41
35,44
35,45
35,52
36,37
36,38
36,39
36,52
36,53
37,46
37,47
37,48
37,49
38,46
38,47
38,48
38,49
39,46
39,47
39,48
39,49
39,54
40,46
40,52
40,62
41,46
41,47
41,48
41,51
41,54
42,46
42,47
42,48
42,49
43,68
43,79
44,46
44,47
44,48
44,49
44,53
44,54
45,46
45,47
45,48
45,50
45,53
45,54
46,55
46,56
46,57
46,58
46,60
46,63
46,64
46,69
47,256
48,61
48,62
49,63
49,70
50,55
50,56
50,57
50,58
50,59
50,60
51,55
51,56
51,57
51,58
51,59
51,60
52,55
52,56
52,63
52,64
52,69
53,55
53,56
53,57
53,58
53,59
53,60
54,55
54,56
54,57
54,58
54,59
54,60
54,61
55,65
55,70
56,65
56,66
56,67
56,68
57,65
57,66
58,65
58,66
58,67
58,68
58,70
59,65
59,66
59,67
59,68
60,65
60,66
60,68
61,65
61,66
61,67
61,68
61,69
62,65
62,76
62,77
62,78
62,79
63,65
63,66
63,77
64,65
64,66
64,67
65,71
65,72
65,73
65,74
65,75
66,71
66,72
66,73
66,74
66,75
66,76
66,78
66,79
67,71
67,72
67,73
67,74
67,75
67,76
67,78
67,79
68,71
68,72
69,71
69,76
70,77
70,78
70,79
71,80
71,81
71,82
71,83
71,84
71,85
71,86
72,80
72,81
72,82
72,84
72,85
72,86
73,80
73,86
74,80
74,82
75,80
75,81
75,82
75,83
76,80
76,81
76,82
76,85
77,81
78,80
78,86
79,80
79,81
79,82
79,83
79,84
79,86
80,87
80,88
80,89
80,90
80,91
81,87
81,88
81,99
82,87
82,88
83,87
83,88
83,89
83,90
83,91
84,87
84,88
84,89
84,90
84,91
85,87
85,88
85,89
85,90
85,91
86,87
86,88
86,89
86,90
86,91
87,92
87,93
87,94
87,95
87,96
87,97
87,98
88,92
88,93
88,94
88,95
88,97
89,96
90,92
90,98
90,99
90,112
91,92
91,93
91,94
91,95
91,96
91,97
92,100
92,101
92,113
93,100
93,102
94,100
94,101
94,102
95,100
95,101
95,102
95,105
95,113
96,100
97,101
97,104
97,106
97,111
98,103
98,114
98,115
99,100
100,107
100,122
101,107
101,108
101,109
101,114
101,115
102,107
102,108
102,109
102,110
102,111
102,112
103,107
103,108
103,109
103,111
103,113
104,107
104,108
104,109
104,110
105,114
105,203
106,107
106,115
106,121
107,116
107,117
107,118
107,119
108,121
109,116
109,117
109,118
109,119
109,120
109,121
109,122
110,116
110,117
110,118
111,116
111,117
112,116
112,117
112,118
112,119
113,116
113,117
113,121
113,122
114,178
115,116
115,117
115,118
115,119
115,122
116,123
116,124
116,125
116,126
116,127
116,128
117,123
117,124
117,125
117,126
117,127
117,128
118,123
118,124
118,127
118,128
119,123
119,124
119,125
119,126
119,127
119,128
120,123
121,123
121,124
121,125
121,127
121,128
122,162
122,179
122,187
123,129
123,130
123,131
123,132
123,133
123,134
124,129
124,130
124,131
124,132
124,133
124,134
125,129
125,130
125,140
126,129
126,131
126,132
126,133
127,129
127,130
127,131
127,132
127,133
128,129
128,144
129,135
130,138
131,176
132,135
132,139
132,144
133,135
133,136
133,137
133,138
133,139
133,140
134,135
134,136
134,137
134,138
134,139
134,140
135,141
135,142
135,143
135,150
135,153
136,141
136,142
136,143
136,153
137,141
137,142
137,143
137,144
138,141
138,143
138,144
139,259
139,270
140,141
140,142
140,143
140,144
141,145
141,146
141,147
141,149
141,152
142,145
142,146
142,147
142,148
142,151
143,145
143,146
143,147
143,148
144,145
144,146
144,147
144,148
144,149
144,150
144,153
145,301
146,154
147,154
147,155
147,156
147,157
147,159
148,154
148,157
149,158
149,182
150,154
150,155
150,156
150,157
151,154
151,155
151,156
151,157
151,158
151,159
152,154
153,154
153,155
153,156
153,165
154,160
154,161
155,160
155,161
155,162
155,166
156,160
156,161
156,162
156,163
156,166
157,160
157,161
157,162
157,163
157,164
158,163
158,165
159,160
159,161
159,162
159,163
159,164
159,165
160,167
160,168
160,169
160,171
160,172
160,173
161,167
161,168
161,169
161,170
161,171
162,167
163,167
163,168
163,173
164,167
165,167
165,170
165,171
166,167
166,168
166,169
166,186
167,174
168,174
168,175
168,176
168,177
168,178
168,179
169,178
170,175
170,176
170,179
170,185
170,186
170,187
171,174
171,175
171,189
172,174
172,180
172,181
172,182
173,174
173,175
174,183
174,184
175,183
175,184
176,183
176,184
177,183
177,184
177,187
177,189
178,231
179,183
179,188
179,189
179,190
180,183
180,184
180,185
180,186
181,183
181,184
181,185
182,183
182,184
182,185
182,186
182,187
182,188
182,189
183,191
183,192
184,191
185,191
185,192
185,193
186,191
186,192
186,193
187,191
187,192
187,193
188,191
188,192
188,193
189,191
189,192
189,193
190,191
190,192
190,193
191,194
191,195
191,196
191,197
191,198
191,199
191,200
192,194
192,195
192,196
192,197
192,198
192,199
192,200
193,334
194,201
194,213
194,214
195,201
195,202
196,201
196,202
196,203
196,204
196,205
197,201
197,202
197,214
198,222
199,201
199,205
200,201
200,202
200,203
200,204
200,205
201,206
201,207
201,211
202,236
203,206
203,209
203,210
203,214
204,206
204,207
204,208
204,209
204,210
204,212
204,213
204,214
205,206
205,207
205,208
205,209
205,212
205,214
206,215
206,216
206,217
207,215
207,216
207,217
207,218
207,219
208,219
209,215
209,217
210,215
210,216
211,215
211,216
211,217
211,218
211,219
212,215
212,216
213,215
214,215
214,216
215,220
215,221
215,222
216,220
216,223
217,220
217,227
218,220
218,221
218,222
218,224
218,225
218,226
219,221
220,228
220,229
220,237
221,228
221,229
221,233
222,228
222,229
222,230
222,231
222,232
222,233
223,434
224,228
224,229
224,230
225,228
225,229
225,230
225,231
226,228
226,229
226,230
226,231
226,232
227,231
227,232
228,234
228,238
229,234
229,235
230,234
230,235
230,236
230,239
231,234
232,234
232,237
233,234
233,240
234,241
234,242
234,243
235,241
235,245
235,248
235,253
236,241
237,241
237,242
237,243
237,244
237,247
238,241
238,242
238,243
238,244
239,241
239,242
239,246
240,242
240,248
241,249
241,254
242,249
242,250
242,253
242,254
243,249
243,253
244,249
244,250
245,249
245,250
245,251
245,252
246,249
246,250
246,251
246,252
246,253
247,386
247,397
248,249
248,250
249,255
249,256
249,257
249,258
249,259
249,260
249,261
250,255
250,256
250,257
250,268
251,259
252,255
252,256
252,257
252,258
252,260
253,258
254,255
254,261
255,262
255,263
255,264
255,265
255,275
256,262
256,263
256,264
256,265
256,266
256,267
256,269
257,262
257,263
257,264
257,265
258,266
259,267
259,271
259,273
259,276
260,262
260,263
260,268
260,269
261,262
261,263
262,270
262,271
263,270
263,271
264,270
264,276
265,273
265,284
265,285
266,270
266,271
266,285
267,272
267,274
267,275
268,270
268,271
268,272
268,273
269,270
269,271
270,277
270,278
271,277
271,280
272,277
272,278
272,284
272,285
273,277
274,277
274,278
274,284
274,285
275,277
275,278
275,279
275,280
276,277
276,278
276,279
277,281
277,282
277,286
278,445
279,281
279,284
279,285
279,293
280,281
280,283
280,284
281,287
281,288
281,289
281,290
281,292
281,294
282,287
282,288
282,289
282,290
282,291
282,292
282,293
282,294
283,287
283,294
284,287
284,299
285,287
285,288
285,289
285,290
285,291
285,294
286,287
286,288
286,289
286,290
286,291
287,295
287,296
287,297
287,298
288,295
289,308
290,295
291,295
291,296
291,297
291,298
291,299
292,295
292,296
292,297
293,295
293,296
293,297
293,298
293,303
294,295
294,296
294,297
295,300
295,301
295,305
296,301
297,304
298,300
299,300
299,301
299,302
299,303
299,304
299,305
300,306
300,307
300,308
300,309
300,310
300,312
301,306
301,307
301,331
302,306
302,307
302,313
303,310
304,306
304,307
304,308
304,309
304,310
305,306
305,307
305,308
305,309
305,310
305,311
305,312
305,313
306,314
306,318
307,314
307,315
308,316
309,315
310,314
310,317
311,378
312,314
312,319
313,314
313,315
314,322
314,337
315,324
315,332
316,320
316,321
316,322
316,323
316,325
317,854
317,894
318,342
319,320
319,321
320,329
320,331
321,326
321,328
322,326
322,327
322,330
323,326
323,327
323,332
324,326
324,327
324,328
324,337
325,326
325,327
325,328
325,329
325,330
326,333
326,334
326,335
326,336
326,342
326,344
327,333
327,334
327,335
328,345
329,333
329,334
329,335
329,336
330,339
330,349
331,351
331,372
332,333
332,336
332,337
333,338
333,339
333,340
333,346
334,341
334,347
334,367
335,338
335,343
335,345
336,338
336,339
336,347
336,348
337,342
337,344
337,347
338,349
338,350
338,351
338,352
338,353
339,353
339,426
339,433
339,434
339,435
340,349
340,350
340,351
340,355
341,349
341,371
342,351
342,372
343,349
343,350
343,351
344,349
344,350
344,351
345,349
346,350
346,354
346,355
347,349
348,349
348,350
348,354
348,355
349,356
349,357
349,358
349,361
350,356
350,357
350,358
350,359
350,360
350,361
350,362
350,363
351,356
351,357
351,358
351,359
352,356
352,357
352,358
352,360
353,431
354,566
354,584
355,356
355,359
355,367
355,385
356,711
356,731
357,364
357,365
357,366
358,364
358,366
359,386
360,364
361,364
361,365
361,366
361,372
362,364
362,365
362,366
362,367
363,364
363,365
363,366
363,367
364,368
365,368
365,369
365,370
366,368
366,369
366,373
366,374
367,371
367,372
368,375
368,376
368,377
368,378
369,375
369,377
369,380
370,375
370,376
370,377
370,381
370,382
371,375
371,376
371,377
372,375
372,376
372,386
372,387
373,375
373,376
373,379
373,387
374,376
374,381
375,436
375,480
376,383
376,384
377,387
378,383
379,383
380,394
381,594
381,629
381,678
382,383
382,385
382,386
383,388
383,389
384,388
384,389
384,390
385,562
386,388
386,389
387,440
387,469
388,391
388,392
388,394
388,396
389,391
389,392
389,395
390,391
390,392
390,393
390,397
391,465
391,513
392,402
393,398
393,399
393,400
393,401
393,402
394,398
394,399
395,398
395,401
396,398
396,401
396,402
397,398
397,399
397,400
397,401
397,402
398,403
398,404
398,405
398,406
398,407
398,408
398,409
399,403
399,404
399,405
399,407
400,403
400,409
401,405
401,433
402,403
402,404
402,405
402,406
403,751
404,414
404,415
405,410
406,433
406,460
407,411
407,412
407,424
408,440
409,410
409,413
409,416
410,507
410,515
411,704
411,758
412,417
412,418
412,419
412,420
412,428
413,417
413,422
414,420
414,429
414,430
415,417
415,418
415,419
415,420
415,421
415,422
415,423
415,424
416,417
416,418
416,419
416,420
416,424
417,425
417,429
417,430
418,425
418,426
419,499
420,425
420,427
421,425
421,426
422,425
422,426
422,427
422,428
422,429
422,430
423,426
424,425
424,426
424,427
424,428
424,429
424,430
425,435
426,439
426,480
427,431
427,432
427,433
427,434
427,435
428,431
428,434
429,431
429,432
429,434
429,435
430,431
430,432
430,433
430,434
430,435
431,436
431,437
431,438
432,436
432,437
433,436
433,438
433,471
434,436
435,436
435,437
436,439
436,440
437,442
437,443
437,445
437,446
438,439
438,440
438,441
438,442
438,443
438,444
438,447
439,448
439,449
439,450
439,451
439,455
440,475
441,448
441,449
441,482
441,483
442,448
442,449
443,448
444,448
444,449
444,452
444,453
445,448
445,449
445,454
446,448
446,450
446,483
447,448
447,449
447,451
447,456
448,457
448,458
449,461
450,457
451,457
451,458
451,459
451,463
452,457
452,458
452,462
453,457
453,458
453,459
454,457
454,458
454,459
454,460
454,479
455,678
455,750
456,457
456,464
456,474
457,465
457,467
457,473
458,465
458,469
459,472
460,466
460,471
461,465
461,468
461,474
462,742
462,815
463,470
463,488
463,495
463,502
464,465
464,466
465,481
465,492
465,508
466,480
467,570
467,608
467,659
468,475
468,476
468,477
468,478
468,484
469,475
469,484
470,616
470,673
470,691
470,740
471,475
471,483
472,475
472,476
472,482
472,483
472,484
473,475
474,475
474,479
475,485
475,486
475,487
475,488
476,485
476,486
476,488
477,488
478,485
479,485
479,500
479,510
480,485
481,485
482,487
482,617
482,638
483,485
483,486
483,487
484,485
484,486
485,497
486,489
486,490
486,491
486,492
486,493
486,494
486,495
487,573
488,489
488,491
488,493
489,496
489,497
489,498
489,499
489,501
490,496
490,497
490,498
491,498
491,549
491,593
492,496
492,497
493,500
493,503
494,502
495,910
496,504
497,507
498,578
499,504
500,504
500,505
500,506
501,508
501,514
502,504
502,505
503,504
503,505
503,506
504,509
504,512
504,515
505,509
505,515
506,509
506,511
506,513
507,509
507,514
508,510
508,515
509,516
509,517
509,518
509,519
510,516
510,517
510,518
510,519
511,516
511,517
512,516
512,518
513,830
514,517
515,642
516,520
516,521
516,522
516,523
517,524
517,527
518,523
518,526
519,520
519,525
520,528
520,529
520,560
521,528
521,529
522,528
522,529
522,531
523,529
523,550
524,528
524,529
524,532
525,528
526,602
526,615
526,628
526,678
527,530
528,533
528,562
528,570
529,533
530,535
530,538
531,536
531,537
531,546
532,533
532,534
532,535
532,536
532,537
532,538
533,539
533,544
533,546
534,539
534,540
534,545
535,539
535,540
535,541
535,542
535,543
536,541
537,539
537,540
537,541
537,549
537,551
538,543
538,577
538,603
539,547
540,550
541,547
541,548
541,562
541,570
542,547
542,548
542,554
543,917
544,563
544,583
545,547
545,548
545,549
545,550
545,551
546,547
546,548
546,551
547,555
547,556
548,552
549,552
549,553
549,588
550,552
550,553
550,554
550,555
550,556
551,552
551,553
552,557
552,558
552,559
552,563
552,564
552,598
553,557
553,558
553,559
554,557
554,558
554,559
554,560
554,561
554,562
554,563
555,557
555,558
555,559
555,561
556,601
557,566
557,568
557,579
557,591
557,605
558,565
558,571
558,573
558,580
558,617
559,565
559,566
560,565
560,566
560,570
561,572
562,566
562,614
563,565
564,567
564,569
565,579
566,601
567,578
567,590
568,576
569,580
569,643
570,616
570,624
571,637
571,663
572,575
572,577
573,574
573,634
574,597
574,624
575,581
575,582
576,583
576,584
577,645
577,668
578,646
579,585
580,821
580,999
581,588
581,591
581,592
581,593
582,590
583,586
583,589
584,587
584,594
584,617
585,586
585,587
586,595
587,595
587,599
588,598
589,596
590,595
591,600
591,658
591,678
592,595
592,601
593,595
593,596
593,597
593,598
595,604
595,606
596,618
596,649
597,668
598,605
598,643
599,776
599,841
599,885
600,602
600,608
600,674
601,603
601,607
601,609
601,610
601,619
602,613
602,680
603,622
603,823
603,909
604,611
604,612
604,614
605,727
606,695
607,611
607,612
607,613
607,615
608,622
608,669
609,611
610,636
611,616
611,620
611,621
611,622
612,618
612,649
613,616
613,617
613,792
614,619
615,945
616,724
616,874
617,990
618,631
619,623
619,624
620,623
620,624
621,680
622,850
623,625
623,626
623,628
624,627
625,629
625,677
625,678
626,629
626,631
626,634
627,632
627,633
627,656
628,629
628,630
629,635
629,636
629,640
630,820
630,863
631,635
631,638
631,639
631,653
632,635
632,636
632,637
632,641
633,635
634,751
634,756
634,765
635,686
636,642
637,652
637,665
638,643
638,644
638,660
638,661
639,642
639,678
640,880
640,890
641,645
641,646
642,650
642,679
643,648
643,651
643,652
643,663
644,647
644,668
645,647
645,648
645,649
645,650
646,647
646,653
646,655
647,654
647,663
647,671
648,654
648,655
648,662
649,661
649,744
649,745
649,800
650,660
651,654
651,655
651,656
651,659
651,704
652,654
652,655
652,657
652,658
653,892
653,908
653,960
654,664
654,667
655,664
655,666
657,668
658,768
658,795
659,928
659,953
660,665
661,782
662,735
662,802
663,664
663,665
663,678
664,670
664,672
664,674
665,669
666,671
667,673
667,675
668,669
668,670
668,677
668,678
668,679
669,676
669,680
670,717
670,742
671,676
671,677
672,676
672,747
673,716
674,679
674,717
675,676
675,677
675,678
675,738
675,740
676,681
676,682
676,686
677,681
678,731
679,682
679,683
680,684
680,685
681,692
682,688
682,812
682,813
682,825
683,697
684,689
684,690
685,687
685,691
685,711
686,693
686,694
687,694
687,695
687,698
687,724
688,696
689,697
689,732
690,817
691,694
691,695
691,699
692,695
692,731
693,765
694,707
694,709
695,703
695,705
695,727
696,866
697,701
697,702
697,737
698,700
698,704
698,708
699,700
699,706
700,712
700,713
700,714
700,716
701,710
701,711
701,718
702,710
702,718
703,835
704,710
704,728
704,760
704,776
705,896
705,911
705,918
706,849
706,852
706,914
707,717
707,807
707,809
707,821
708,713
708,733
709,710
709,715
709,729
710,920
710,947
710,990
711,814
711,854
711,953
712,743
712,856
712,861
713,720
713,723
714,725
714,752
715,721
715,722
716,727
716,797
717,726
717,811
718,719
718,720
718,724
719,728
719,729
719,735
720,728
720,731
720,738
721,731
721,736
722,728
722,730
722,733
722,737
722,786
723,892
724,947
725,734
725,766
726,802
726,820
727,728
727,732
727,742
728,739
729,753
729,881
729,900
729,908
729,917
729,937
729,947
731,741
732,761
733,739
733,769
734,925
735,740
735,854
736,981
737,889
737,951
737,960
738,742
738,834
739,743
739,746
739,750
740,743
740,744
740,747
740,796
741,743
741,744
741,745
741,749
742,748
742,751
743,752
743,1000
744,837
744,889
744,927
744,952
746,860
747,753
747,924
748,757
748,808
749,751
749,754
749,755
749,758
750,756
750,772
751,764
752,845
752,893
753,803
754,759
754,760
754,761
754,765
754,766
755,759
755,760
755,763
756,762
756,780
756,974
758,765
759,851
760,770
760,771
761,994
763,773
763,774
763,782
763,830
763,832
764,788
765,767
765,769
765,772
766,768
767,776
767,795
768,777
769,778
770,813
771,775
771,779
771,780
771,844
771,863
772,775
772,792
773,775
773,781
773,800
773,852
774,860
774,866
776,821
776,920
776,958
777,782
777,786
778,783
778,784
779,824
779,867
779,982
779,1000
780,839
781,785
781,932
782,872
783,792
784,787
784,788
784,789
784,790
784,791
784,792
786,790
786,844
787,796
788,844
788,859
788,863
789,793
789,840
790,794
790,797
790,901
791,793
791,794
792,793
792,795
793,798
793,799
793,805
794,798
794,801
794,802
794,804
795,798
795,987
796,799
796,803
797,800
797,985
798,869
799,809
800,885
800,975
801,811
801,812
802,985
803,806
803,807
804,812
804,837
804,1000
805,808
805,810
805,911
807,814
807,962
808,984
809,813
809,817
810,815
810,898
811,816
811,849
811,887
813,818
813,819
813,822
813,824
814,861
815,821
816,825
816,861
816,886
817,820
817,823
817,826
818,829
819,830
820,835
822,832
823,828
824,903
824,961
825,827
825,831
826,946
827,834
827,954
828,836
829,835
829,856
829,859
830,833
830,838
831,837
831,879
831,924
832,839
833,843
833,876
834,841
834,846
834,922
835,844
836,843
836,847
837,840
837,845
838,896
838,925
839,842
841,848
841,850
841,854
843,852
843,853
843,860
844,849
844,851
846,888
846,962
846,964
847,855
847,956
848,930
849,861
849,862
849,962
851,857
851,858
851,860
852,856
853,856
853,865
854,937
855,859
855,955
856,863
857,865
857,869
858,931
859,880
859,946
860,942
860,991
861,867
861,939
862,864
862,866
862,868
865,872
866,870
866,874
868,871
869,873
870,876
870,878
870,879
872,875
872,877
872,879
872,880
872,881
873,882
874,876
875,889
876,883
877,884
877,886
877,887
877,911
878,888
878,929
878,964
879,902
880,885
880,926
880,959
881,885
883,892
884,971
885,919
886,891
887,972
888,890
888,894
889,893
889,984
890,899
891,897
891,898
892,903
893,896
893,897
893,901
893,967
894,895
894,900
894,902
894,948
894,949
896,945
897,908
898,906
899,904
899,909
899,939
900,931
901,907
902,905
902,978
903,992
903,997
906,910
907,911
907,968
907,985
907,990
910,912
910,913
910,914
910,915
911,973
912,916
912,917
912,918
912,921
912,922
913,920
914,919
914,943
916,923
916,925
917,924
919,964
922,926
923,964
924,931
924,945
924,961
925,927
925,928
925,929
925,930
925,952
927,935
927,977
928,933
928,965
929,934
929,985
929,992
930,956
931,932
931,936
932,940
932,942
933,938
933,939
933,945
934,937
934,941
935,944
936,943
937,958
938,949
938,980
939,948
940,951
940,955
941,947
942,953
943,950
943,952
944,946
946,954
946,986
948,955
948,956
949,989
949,1000
950,958
950,959
950,986
951,986
952,957
953,986
954,961
954,962
954,964
955,966
956,960
956,983
957,963
959,965
959,969
960,967
962,969
963,971
963,972
965,970
966,968
966,999
967,977
967,980
968,981
968,982
969,975
970,973
970,979
971,974
971,976
971,978
972,977
972,987
972,995
975,984
975,989
975,994
976,991
978,987
979,983
979,988
979,990
980,985
982,986
984,992
984,996
984,999
985,994
985,997
986,995
987,993
988,1000
989,997
989,998
<end>