<number of tasks>
50
<cycle time>
1000
<order strength>
0.205
<z_alpha>
1.645
<task times>
1 63 211.8628
2 86 354.4371
3 204 458.8792
4 179 222.1596
5 141 1003.5257
6 175 172.8836
7 219 2504.7579
8 109 617.8378
9 277 4196.6180
10 187 728.8647
11 29 9.6214
12 37 7.3411
13 88 0.6741
14 116 176.9414
15 158 1012.8048
16 119 432.4105
17 350 4536.7366
18 178 156.2096
19 62 177.6611
20 138 948.9053
21 97 549.4359
22 233 1791.6111
23 202 2064.9370
24 41 67.2925
25 221 1477.6599
26 187 1263.9379
27 76 245.8816
28 95 206.1680
29 162 285.7504
30 113 77.8433
31 125 362.7474
32 121 9.5112
33 48 22.4651
34 64 78.7395
35 96 12.8649
36 281 1157.7883
37 66 231.2542
38 67 169.6659
39 105 594.0338
40 48 61.2422
41 207 1079.2464
42 319 566.5259
43 132 776.1901
44 370 6876.4297
45 109 294.8726
46 84 129.8674
47 91 90.3499
48 208 528.0949
49 174 850.8826
50 291 614.1963
<precedence relations>
1,20
2,20
3,11
4,13
6,10
7,12
9,10
9,12
9,44
10,20
11,15
12,19
13,14
13,16
13,17
13,18
14,20
15,21
16,24
17,25
18,23
19,22
20,26
20,27
20,28
20,29
21,31
22,30
24,32
24,48
27,36
29,37
30,33
31,35
32,34
32,38
33,41
34,39
36,40
36,42
37,43
38,44
39,45
40,46
42,47
42,48
43,49
44,50
<end>