<number of tasks>
20
<cycle time>
1000
<order strength>
0.179
<z_alpha>
1.280
<task times>
1 311 10940.8073
2 158 4704.0139
3 274 4250.1710
4 94 1981.7266
5 224 10181.4527
6 558 26952.4027
7 525 10779.5675
8 405 32721.4269
9 71 971.4487
10 88 1082.9501
11 536 13657.1373
12 99 1707.0632
13 146 427.1214
14 254 1740.5677
15 545 11434.4943
16 97 930.1919
17 52 244.8744
18 526 33830.6007
19 201 6418.7839
20 117 242.2911
<precedence relations>
2,7
2,8
7,10
7,13
7,14
8,9
8,11
8,12
11,16
12,17
12,18
14,15
16,19
16,20
<end>