<number of tasks>
50
<cycle time>
1000
<order strength>
0.198
<z_alpha>
1.645
<task times>
1 25 150.3470
2 169 1664.5986
3 64 738.5443
4 133 1681.1421
5 233 11884.3934
6 112 2839.0795
7 51 8.5326
8 60 892.4120
9 126 2294.3901
10 157 2049.7337
11 46 369.4279
12 244 3795.2104
13 35 270.9542
14 220 2902.4822
15 198 4561.7712
16 104 1387.7142
17 146 4607.2600
18 175 2003.0469
19 142 5013.9868
20 25 144.6902
21 274 17633.9138
22 128 333.1378
23 287 9379.4578
24 49 48.2249
25 160 4338.6175
26 89 1520.0874
27 56 736.4061
28 65 474.2696
29 131 1581.2368
30 79 717.1099
31 32 98.6916
32 247 14483.8667
33 115 3193.1609
34 31 223.8625
35 20 31.5921
36 170 2195.7874
37 22 102.3766
38 178 4435.5338
39 252 5318.2791
40 216 4006.6850
41 247 5069.4460
42 132 1016.1638
43 269 14450.0827
44 156 556.6559
45 310 10294.1879
46 165 2812.3709
47 62 586.3029
48 49 381.5238
49 107 673.3285
50 215 10348.7768
<precedence relations>
1,9
2,8
3,11
3,12
4,13
5,8
5,10
6,7
7,36
8,36
9,14
10,15
10,16
10,21
11,21
11,22
12,17
12,18
12,19
13,20
13,21
14,36
15,24
16,26
17,23
17,25
17,27
18,28
18,32
18,34
23,36
24,32
25,30
26,31
27,33
27,34
27,35
27,36
28,29
29,36
30,38
31,39
32,39
32,40
33,37
33,40
33,41
33,42
36,43
36,44
36,45
36,46
37,47
38,48
43,50
47,49
<end>