<number of tasks>
50
<cycle time>
1000
<order strength>
0.199
<z_alpha>
1.280
<task times>
1 108 1348.5624
2 280 13453.5018
3 330 21324.4062
4 37 142.3735
5 304 0.3911
6 287 1807.9300
7 272 2414.3773
8 223 6152.3370
9 422 39869.4215
10 149 3748.3028
11 405 6126.0215
12 159 1621.1476
13 171 6850.4699
14 87 1473.8672
15 96 1383.9336
16 119 900.6474
17 203 9636.9863
18 127 293.6360
19 157 464.2484
20 42 343.3717
21 561 26728.1871
22 152 89.4251
23 41 266.5523
24 455 11343.7688
25 199 5032.5511
26 210 2656.1832
27 377 22305.8860
28 158 1298.5509
29 193 6993.2926
30 61 660.8903
31 233 4623.4585
32 51 143.9630
33 40 299.2361
34 257 1899.7825
35 26 145.4411
36 278 13067.6165
37 441 8120.2523
38 249 14081.4926
39 245 13698.2071
40 106 689.1258
41 255 11739.4941
42 531 48509.1442
43 128 75.8468
44 553 35627.4426
45 48 361.1806
46 91 1728.7870
47 75 213.0560
48 401 39535.6284
49 113 462.6502
50 53 700.4756
<precedence relations>
1,5
2,4
2,6
2,9
2,30
3,7
3,8
3,10
4,11
5,14
6,12
7,16
8,15
9,32
9,36
10,13
10,16
11,17
12,19
13,18
13,20
13,23
13,30
15,21
15,22
17,24
18,25
19,27
20,29
21,26
21,28
22,30
22,31
22,32
23,32
24,35
25,35
26,33
27,36
28,34
29,35
31,36
32,37
32,38
32,39
33,40
34,41
38,42
38,43
39,44
39,45
40,46
41,47
41,49
41,50
42,48
<end>