<number of tasks>
1000
<cycle time>
1000
<order strength>
0.595
<z_alpha>
1.645
<task times>
1 120 1530.1289
2 103 1915.6059
3 105 1326.9796
4 258 5600.3600
5 128 2298.8992
6 174 2418.3310
7 59 270.5349
8 132 2461.8550
9 467 16111.3577
10 223 6473.1815
11 299 15970.1528
12 157 783.7617
13 150 3911.2333
14 582 40658.4554
15 186 6513.9063
16 263 128.1580
17 29 99.5343
18 503 57063.4635
19 402 34476.2475
20 278 7485.5282
21 445 33506.8686
22 134 3382.2455
23 240 1072.6479
24 295 5217.9259
25 29 3.7268
26 235 4112.8698
27 228 6577.6988
28 219 5007.4224
29 285 5053.1659
30 35 177.4066
31 179 2665.1869
32 26 20.7463
33 32 245.2341
34 262 10848.7160
35 165 3912.5566
36 256 7873.1642
37 182 4114.7039
38 299 20618.4728
39 227 2928.6307
40 257 14441.7741
41 144 967.2835
42 71 1024.0511
43 346 20192.7740
44 541 25657.1623
45 50 590.1321
46 197 2145.9303
47 349 24743.3259
48 128 803.9677
49 230 3393.0981
50 73 202.4660
51 565 997.3607
52 236 1992.7461
53 250 1739.2021
54 161 4494.4088
55 491 44776.8957
56 146 4786.4951
57 157 3913.4934
58 262 16216.1999
59 82 1337.6127
60 49 110.1970
61 50 477.1183
62 77 1422.7436
63 47 289.2906
64 120 2251.9541
65 48 333.3995
66 336 8011.6424
67 278 3154.3298
68 26 166.5867
69 114 2954.2598
70 430 33732.4304
71 75 780.3644
72 58 639.6866
73 566 36663.8907
74 512 55884.3843
75 184 5691.5433
76 29 132.6728
77 311 13859.0175
78 576 10416.8318
79 182 6494.5569
80 140 64.6358
81 391 13119.9349
82 176 6771.7347
83 379 762.5702
84 289 11852.7549
85 445 42244.0500
86 60 533.8900
87 524 1827.8828
88 93 1475.6610
89 160 54.0972
90 189 431.9675
91 70 727.0303
92 61 115.7312
93 84 1237.0062
94 287 17581.1644
95 113 2261.7374
96 91 2043.8997
97 265 15929.1153
98 244 12868.3832
99 121 3023.7310
100 490 59423.3000
101 50 389.1072
102 174 3972.0838
103 537 9742.8328
104 121 3131.1537
105 228 5514.6972
106 250 14539.0042
107 458 15977.8356
108 312 8663.6137
109 318 24450.0246
110 61 919.4956
111 96 1635.6310
112 240 14216.4789
113 301 22560.7663
114 533 16703.1524
115 71 767.2123
116 160 951.5421
117 304 22341.5620
118 41 335.1294
119 229 7275.9296
120 205 10208.6173
121 93 1355.2107
122 287 6801.9497
123 262 15422.7087
124 77 523.9002
125 222 8213.9943
126 566 3744.1761
127 179 2565.1126
128 481 3936.4854
129 65 236.9880
130 262 11695.7601
131 142 2999.3501
132 237 11836.1369
133 23 77.3150
134 351 2422.0480
135 172 348.1086
136 150 1809.9731
137 501 5481.0260
138 211 8124.8752
139 275 10352.4205
140 544 800.1097
141 23 122.6283
142 220 6699.6170
143 347 3735.8434
144 52 143.8798
145 313 11666.7107
146 258 15386.3310
147 599 10261.7332
148 60 366.7270
149 183 3613.4479
150 44 357.0925
151 275 6968.7311
152 224 7673.7667
153 270 6014.7542
154 101 2281.9533
155 106 2653.4507
156 119 2580.6560
157 235 9316.2752
158 157 4285.0521
159 160 6025.9693
160 116 715.5285
161 251 8530.3147
162 294 14584.5704
163 408 408.2526
164 244 6278.0232
165 124 1716.8802
166 222 822.6049
167 299 14332.4545
168 509 51780.9399
169 457 42544.9600
170 306 22381.0478
171 99 64.9909
172 111 1810.3295
173 49 40.5880
174 245 13850.8284
175 461 21128.0099
176 485 576.3844
177 502 18343.0884
178 181 2472.0597
179 392 37282.0375
180 580 44621.1099
181 297 1763.0687
182 237 13881.2890
183 219 8422.2298
184 418 3803.0945
185 245 9420.2158
186 562 1465.0208
187 128 3338.3926
188 122 1978.8176
189 171 2805.4902
190 469 4087.0286
191 54 473.1033
192 105 2078.3483
193 339 28064.7310
194 140 906.3934
195 48 7.3173
196 190 3524.7740
197 194 7414.4419
198 541 20877.3853
199 192 3810.9774
200 89 1.5080
201 651 22175.4481
202 128 3771.3779
203 164 641.2833
204 254 15265.7788
205 46 107.2565
206 470 16745.8074
207 524 39559.7321
208 107 1607.3837
209 273 4858.3654
210 96 1478.0979
211 301 12500.6686
212 50 592.1436
213 86 1784.1066
214 113 466.4211
215 332 8993.0490
216 56 564.1765
217 540 25625.3171
218 480 50885.4291
219 84 1390.8886
220 166 1053.8146
221 218 8504.5776
222 283 17752.4219
223 445 13661.4467
224 45 17.3674
225 115 2022.7059
226 28 150.8226
227 195 4443.3446
228 538 35434.2902
229 77 843.7460
230 66 230.8078
231 289 3298.9669
232 97 117.1014
233 93 1270.1391
234 191 6289.9457
235 128 1169.9261
236 166 1559.9752
237 328 800.2371
238 102 2035.0142
239 102 1248.5235
240 93 1027.5355
241 187 5043.2044
242 160 2572.1226
243 228 7245.3595
244 366 19611.0986
245 123 3566.8729
246 146 4391.5236
247 112 231.3428
248 229 6435.5543
249 98 274.4210
250 216 7338.6386
251 329 19973.4238
252 292 7576.0093
253 110 27.5882
254 82 110.1371
255 195 8861.5436
256 199 9738.2332
257 269 4864.2671
258 139 1612.8898
259 235 13475.0755
260 411 4076.7336
261 147 3108.3124
262 278 12683.3965
263 183 4088.4627
264 259 11308.8304
265 38 279.1529
266 263 7167.6012
267 34 156.9371
268 106 1666.4170
269 307 4436.7145
270 606 38598.9769
271 215 8862.1322
272 135 617.3307
273 155 4092.1467
274 272 687.5700
275 502 2830.5927
276 126 2700.6763
277 394 17207.2064
278 454 22176.1800
279 475 38611.8712
280 190 7301.9930
281 52 398.6489
282 36 31.6667
283 30 102.6026
284 254 1259.7657
285 209 1561.8138
286 92 430.0391
287 23 23.2991
288 145 4363.9677
289 296 17039.9758
290 213 9313.9430
291 379 29088.5445
292 315 2024.5913
293 155 2887.9745
294 346 19168.5660
295 221 995.0226
296 368 20835.4386
297 143 1517.6399
298 125 3553.4274
299 199 1780.5141
300 487 45259.3713
301 513 14237.6242
302 309 23579.0344
303 284 7637.7916
304 413 38638.3648
305 150 485.6438
306 591 34065.9933
307 27 139.7911
308 549 45877.4846
309 533 35261.3309
310 533 82.3030
311 40 214.9478
312 109 145.7008
313 65 463.7150
314 65 154.1619
315 308 6193.0848
316 171 4634.9594
317 119 284.5926
318 76 1316.2520
319 85 1391.2593
320 206 7799.4184
321 76 661.8087
322 155 1272.9146
323 193 1959.8482
324 240 2233.8824
325 381 12970.2669
326 523 2167.0771
327 172 1498.9945
328 183 5721.0588
329 59 634.7530
330 113 3142.0056
331 337 19312.7273
332 119 485.5343
333 154 5069.1193
334 390 21107.5875
335 156 2423.8491
336 208 3692.0649
337 179 5156.6402
338 74 692.2744
339 58 711.8031
340 283 15130.4996
341 86 770.2205
342 521 18788.7927
343 176 7386.4166
344 281 18619.8094
345 72 73.3037
346 262 3692.1842
347 181 2758.2527
348 86 216.2667
349 66 378.4979
350 60 299.6620
351 159 4744.4124
352 322 1981.4463
353 251 747.8585
354 151 2660.3093
355 59 260.7850
356 151 5247.1138
357 492 19473.4778
358 306 1637.3865
359 275 16081.9496
360 185 3383.9153
361 241 3013.4305
362 492 3960.1394
363 494 36037.0209
364 169 4050.7600
365 163 3043.4562
366 334 10588.7990
367 270 8310.9189
368 280 9722.6711
369 202 9742.8142
370 100 2209.6939
371 146 493.6002
372 211 7357.8860
373 87 14.4128
374 121 993.1472
375 499 32761.0896
376 506 6434.8484
377 64 697.1117
378 262 16727.6646
379 57 617.0268
380 264 8258.3520
381 614 25077.0674
382 96 2106.5375
383 110 2370.3218
384 189 6391.5086
385 146 1581.1910
386 275 2023.0178
387 239 5493.1320
388 242 9017.9023
389 143 4128.9704
390 163 6537.5176
391 108 2123.5591
392 51 341.7882
393 569 18614.8124
394 182 337.7690
395 109 297.9165
396 186 3259.9022
397 50 227.7229
398 73 1199.8432
399 131 3804.0222
400 512 59660.4085
401 335 27348.5063
402 26 50.5008
403 106 2650.2753
404 80 503.0517
405 118 2262.8769
406 91 1551.1479
407 152 1756.9285
408 161 1554.0342
409 156 3491.8680
410 118 2460.8388
411 145 3735.5491
412 252 4757.8260
413 338 3776.5775
414 290 1804.8948
415 91 1392.1202
416 220 5968.3826
417 78 508.2683
418 112 3070.1048
419 499 13785.2222
420 211 11020.8541
421 616 37316.2423
422 149 3697.7085
423 278 1249.4882
424 185 6574.5000
425 104 2165.4217
426 155 1428.9166
427 113 2363.2666
428 587 12603.7665
429 33 151.5356
430 32 93.1324
431 323 5514.5347
432 273 16015.4853
433 31 128.3793
434 518 21505.6671
435 43 112.8313
436 149 308.4407
437 128 1965.7573
438 86 1479.2995
439 220 3436.6599
440 42 230.1297
441 104 2316.0775
442 531 23496.9199
443 292 8311.3054
444 148 744.1362
445 522 8324.1883
446 407 4888.4680
447 40 258.2430
448 109 2121.4948
449 101 2112.9185
450 158 5325.6247
451 255 11587.9616
452 211 7199.3806
453 187 6749.6415
454 473 37644.0993
455 380 7042.9241
456 134 3702.4814
457 323 21969.8267
458 142 1090.4345
459 503 35909.2732
460 86 1302.0821
461 206 9834.5461
462 123 3281.5580
463 192 1790.5080
464 163 2376.9449
465 136 196.9519
466 309 14584.5121
467 436 15528.0487
468 96 73.1468
469 112 1539.7982
470 199 1718.6448
471 223 7063.6950
472 322 10834.6744
473 419 8384.9566
474 225 9846.3971
475 193 4842.0472
476 74 644.3362
477 107 2320.5273
478 142 513.3754
479 169 2285.5147
480 128 3032.3659
481 248 9897.1678
482 53 203.3816
483 522 56105.3566
484 60 812.1068
485 202 4447.2563
486 56 235.3128
487 259 10602.1380
488 495 15711.9903
489 74 1225.8172
490 144 2981.3287
491 181 1299.6500
492 432 3217.6654
493 257 9912.6259
494 180 6824.9228
495 168 453.2874
496 255 2064.7554
497 310 11280.1649
498 225 7174.0479
499 113 1033.4453
500 58 187.1711
501 151 4506.7463
502 53 459.2083
503 267 5986.5538
504 192 2972.7919
505 457 4064.3450
506 139 2822.6231
507 478 17785.0606
508 89 290.0495
509 483 9684.1745
510 247 13434.5146
511 109 426.8592
512 128 549.1185
513 154 1756.7555
514 242 1353.4548
515 83 1065.6394
516 117 2603.9403
517 43 135.0417
518 225 6230.6597
519 109 2250.2854
520 29 95.4216
521 296 14818.8685
522 122 682.5043
523 160 6293.1295
524 188 2964.0861
525 155 1624.9282
526 299 5169.4546
527 98 1449.7465
528 247 453.5575
529 189 3230.6959
530 299 18854.7676
531 144 2928.7551
532 250 9749.9126
533 93 1962.9482
534 191 2457.0178
535 285 4565.5689
536 309 13620.6636
537 314 18716.4137
538 488 28672.1277
539 110 2981.6797
540 379 26240.7425
541 185 7694.0210
542 148 1909.0639
543 186 666.0747
544 211 2517.7565
545 44 246.3010
546 202 4980.1855
547 329 6197.1408
548 345 3151.9179
549 441 20619.9558
550 279 9763.3704
551 58 294.1620
552 75 759.1054
553 124 1276.4569
554 196 2450.8033
555 264 16600.2861
556 104 366.5583
557 205 3516.6301
558 462 4095.7162
559 578 32989.2672
560 274 15050.9006
561 27 101.8436
562 447 10694.3789
563 82 61.3591
564 491 5866.0991
565 131 310.5340
566 113 1359.4311
567 143 5007.1773
568 254 2334.3284
569 87 1559.5500
570 422 13820.5492
571 139 4311.8021
572 38 31.7734
573 35 284.6267
574 277 286.2118
575 504 4408.6400
576 137 1533.2973
577 448 21541.9134
578 502 58208.0612
579 209 6119.2868
580 78 284.9382
581 162 2827.8441
582 495 39344.7474
583 309 5797.9654
584 252 3916.6555
585 245 2211.3462
586 105 1047.5433
587 446 36425.4520
588 291 17942.2704
589 183 7192.2203
590 321 15739.1956
591 101 1936.3998
592 267 10361.1125
593 262 6483.9466
594 260 10942.1400
595 223 336.1943
596 208 9167.2866
597 267 7654.2936
598 173 1172.0913
599 152 3748.9905
600 207 877.0156
601 106 437.8276
602 153 2682.8782
603 472 31606.0468
604 249 13143.7278
605 51 355.0966
606 514 60295.9680
607 139 774.2600
608 68 674.4577
609 139 1027.9643
610 331 2362.2847
611 178 4733.9022
612 34 18.9270
613 95 505.8401
614 175 2098.1474
615 64 970.9543
616 318 18422.6541
617 260 11014.9686
618 45 254.3028
619 210 8399.0767
620 439 33449.0334
621 306 8303.6711
622 68 940.6251
623 121 2004.8003
624 258 13842.6714
625 486 47665.3115
626 235 2371.5239
627 86 247.1610
628 329 11558.8022
629 520 54530.3543
630 572 5328.8185
631 539 6256.9319
632 128 3489.1557
633 264 9725.6622
634 77 513.7545
635 117 122.2383
636 148 2086.2285
637 170 2015.9862
638 278 8228.1899
639 538 4970.2123
640 97 1476.5050
641 142 3140.5140
642 68 772.4507
643 518 54537.1557
644 200 5491.8624
645 172 2256.2670
646 40 242.2154
647 94 1927.3629
648 203 7374.2043
649 117 2217.5449
650 524 25201.3278
651 97 42.3426
652 191 1485.7661
653 491 8119.6715
654 26 145.4654
655 73 1210.6553
656 492 18464.1085
657 175 7216.6978
658 68 1021.3763
659 52 563.2623
660 257 9021.8078
661 280 1915.1608
662 218 207.9453
663 208 4972.0757
664 123 1589.1274
665 40 316.7818
666 190 1876.6973
667 377 25546.5915
668 268 5707.9084
669 80 957.1077
670 162 1776.5517
671 262 14896.3330
672 93 408.8564
673 497 11786.4400
674 185 2179.1312
675 195 5858.4530
676 126 3059.6562
677 142 4377.8182
678 305 9499.5664
679 101 1418.3178
680 122 2683.7718
681 201 2651.8179
682 174 4828.6838
683 28 85.6671
684 271 13834.4615
685 145 3640.8830
686 322 14996.4726
687 284 18754.4713
688 489 19537.6108
689 103 395.3442
690 237 719.2813
691 227 11130.3343
692 198 692.9732
693 294 20429.0312
694 346 2424.6629
695 93 1904.5227
696 31 107.2938
697 266 365.3992
698 26 102.1114
699 177 6920.4508
700 143 3094.3776
701 283 3845.7121
702 268 17548.5772
703 27 22.7252
704 50 28.0817
705 505 40190.2701
706 130 2945.6626
707 26 74.1837
708 136 3772.9863
709 362 20223.3149
710 148 4560.7822
711 503 55024.1891
712 186 755.8368
713 29 81.2560
714 500 59549.1771
715 208 2186.2505
716 79 162.4677
717 257 6949.1613
718 206 1769.6577
719 514 41726.2758
720 102 336.6665
721 298 10294.9449
722 126 190.2680
723 155 5325.0610
724 125 3568.7171
725 261 12031.7053
726 496 32261.7530
727 64 796.7693
728 209 8073.0895
729 141 3568.0447
730 206 8790.4627
731 299 19939.6133
732 470 1120.4184
733 145 272.2260
734 111 1614.4791
735 264 16193.3534
736 464 37876.3188
737 204 1314.8287
738 88 668.6353
739 122 1150.8870
740 133 2862.0642
741 78 357.2928
742 80 597.6732
743 93 458.3678
744 185 3427.2966
745 488 6847.6097
746 39 40.9181
747 88 387.3292
748 178 6020.0273
749 147 4978.5045
750 349 21803.7078
751 97 1988.7085
752 71 950.2626
753 522 1084.2893
754 194 7780.6467
755 298 12092.7871
756 119 2353.0063
757 482 1105.4168
758 154 1661.9703
759 343 4582.7345
760 230 5033.2851
761 294 16142.3793
762 81 533.5136
763 60 508.6373
764 135 4467.6286
765 132 673.5504
766 339 6929.8947
767 280 7992.2449
768 102 2379.2186
769 56 534.3108
770 439 33345.7477
771 118 653.7329
772 95 1383.9130
773 262 14922.8464
774 314 17077.5811
775 94 32.0419
776 477 22125.3758
777 172 258.6869
778 431 28805.0958
779 451 36376.8751
780 605 36238.7583
781 42 32.9677
782 208 2016.8518
783 26 37.3928
784 26 68.6078
785 42 136.4293
786 21 50.4535
787 335 22113.1019
788 38 235.3392
789 248 3905.7112
790 275 493.2784
791 170 2671.5159
792 58 702.8458
793 429 37064.8823
794 39 256.3522
795 201 3208.4272
796 483 30938.8150
797 479 5105.2341
798 401 7447.3028
799 123 580.7954
800 320 8571.6615
801 153 3790.7224
802 107 1497.3012
803 112 2771.5696
804 155 1522.7711
805 48 48.8569
806 278 2656.0071
807 500 49488.1248
808 177 5296.3631
809 206 2681.1945
810 95 991.0992
811 279 17405.9776
812 241 13167.2516
813 278 7496.8180
814 196 6488.8229
815 29 161.4968
816 175 3.6933
817 207 10083.1176
818 283 4651.0207
819 178 347.8611
820 252 2053.6213
821 486 24885.5706
822 106 2467.3971
823 119 2251.7511
824 233 2472.6346
825 162 5230.6992
826 30 107.5321
827 61 527.1844
828 123 2448.0810
829 285 11815.2021
830 273 6810.2021
831 206 2788.3679
832 236 12262.9859
833 208 876.1174
834 353 3468.5158
835 73 314.9905
836 187 8089.2829
837 128 3954.8293
838 461 38347.1092
839 537 42917.4510
840 383 16451.4830
841 131 3376.7560
842 261 6856.5789
843 53 518.0161
844 542 4447.6800
845 267 2696.3394
846 240 13429.0876
847 326 23723.9601
848 499 30884.2343
849 175 6989.0489
850 47 504.9146
851 116 1974.2311
852 316 8703.2657
853 23 91.3641
854 234 2246.3766
855 530 34728.0698
856 512 41656.3063
857 32 57.0262
858 221 9675.5239
859 240 1780.3492
860 62 353.7403
861 39 307.8819
862 196 2768.5726
863 195 6565.3208
864 109 2242.4830
865 79 355.6252
866 121 181.0480
867 110 620.4803
868 249 14202.9544
869 46 377.1475
870 160 4175.8065
871 246 7270.5574
872 466 47190.0444
873 323 11920.8555
874 86 75.2479
875 428 14955.5381
876 143 2452.1566
877 318 20726.1849
878 163 2118.1435
879 224 6801.4781
880 202 7186.0577
881 478 37863.2258
882 41 353.8740
883 61 509.9030
884 470 9215.9267
885 238 1248.5097
886 127 743.7944
887 426 30553.6645
888 515 24456.5117
889 488 14173.5474
890 304 15618.2504
891 261 6753.4983
892 40 222.6595
893 207 1200.0590
894 125 2730.2289
895 533 1101.1713
896 540 14762.4410
897 95 2251.2399
898 492 21196.1348
899 109 1956.9345
900 147 1811.9303
901 323 18286.4519
902 519 1255.9176
903 66 453.8103
904 94 1790.8643
905 107 808.6518
906 491 29483.1867
907 43 404.0790
908 222 11896.5122
909 492 888.8396
910 125 246.6606
911 297 1728.9773
912 76 564.9759
913 469 38864.1460
914 72 627.5627
915 465 47962.8164
916 257 13219.5493
917 540 23797.3541
918 48 34.7224
919 335 12340.6359
920 51 542.4875
921 169 1365.6765
922 581 3209.3662
923 216 9465.8251
924 50 507.9721
925 133 2392.4015
926 548 33643.5702
927 34 260.2493
928 99 1696.0924
929 148 1951.8658
930 106 1041.7438
931 160 2868.7865
932 433 13964.1130
933 42 406.5127
934 47 464.6900
935 302 9306.5880
936 292 11130.2176
937 464 10626.8378
938 239 5450.3613
939 77 1022.4837
940 371 22335.8158
941 75 1223.1848
942 100 697.4486
943 255 2517.1440
944 462 47720.5100
945 494 22029.6209
946 80 588.9049
947 76 716.7233
948 182 3562.5383
949 221 11314.7767
950 30 50.5914
951 85 1722.6061
952 116 1767.8191
953 57 469.7295
954 153 3637.3915
955 154 3186.0690
956 279 8993.4458
957 119 34.5927
958 91 165.9974
959 53 562.9045
960 55 371.7658
961 453 46930.6058
962 237 2574.1574
963 214 10804.9596
964 68 623.9044
965 95 251.4014
966 326 6328.7970
967 135 2705.2031
968 124 1517.1382
969 76 1201.0979
970 306 17627.9544
971 104 930.8028
972 271 18120.3335
973 177 3201.5279
974 149 173.9715
975 277 9331.3834
976 43 178.8688
977 361 3695.4526
978 25 111.7953
979 158 5815.2169
980 270 3346.6495
981 239 11277.8565
982 128 3212.6101
983 510 7667.2666
984 230 302.0382
985 44 324.9673
986 161 4991.2699
987 232 69.0544
988 64 540.5020
989 501 4385.5526
990 479 45346.4993
991 86 1189.0511
992 25 89.1790
993 76 392.3561
994 85 933.0197
995 420 42788.2431
996 167 3794.4468
997 142 4727.0646
998 480 46622.2614
999 159 3220.0332
1000 238 3257.5410
<precedence relations>
1,215
2,59
3,59
4,59
5,59
6,59
7,59
8,59
9,108
10,123
11,123
12,123
13,573
14,223
15,19
15,30
15,31
15,36
16,21
16,23
16,25
16,27
16,28
16,29
16,32
16,34
17,22
17,24
17,90
18,20
18,26
18,33
18,35
18,37
19,59
20,59
21,59
22,59
23,59
24,89
25,123
26,123
27,123
28,123
29,282
30,405
31,307
32,538
33,41
33,42
33,70
34,40
34,46
34,47
34,49
34,50
34,51
34,56
35,44
35,54
35,174
36,38
36,39
36,40
36,41
36,45
36,48
36,53
36,57
37,43
37,52
37,55
38,388
39,59
40,59
41,59
42,59
43,59
44,89
45,89
46,108
47,108
48,123
49,123
50,123
51,123
52,123
53,123
54,123
55,282
56,320
57,58
57,60
57,61
57,62
57,63
57,64
57,65
57,66
57,67
57,68
57,69
57,70
57,71
57,72
57,73
57,74
58,471
59,79
59,80
59,81
59,82
59,83
59,84
59,85
59,86
59,87
59,88
60,89
61,89
62,89
63,108
64,108
65,123
66,123
67,493
68,573
69,866
70,975
71,78
71,249
71,441
72,75
72,77
72,92
72,260
73,76
73,91
73,94
74,75
74,90
74,93
74,140
75,215
76,215
77,825
78,825
79,543
80,108
81,123
82,109
83,96
83,145
83,327
84,112
85,95
85,199
85,208
85,219
86,95
86,96
86,115
86,117
86,196
86,209
87,125
87,243
88,95
88,96
88,113
89,97
89,98
89,99
89,100
89,101
89,102
89,103
89,104
89,105
89,106
89,107
89,114
90,123
91,493
92,757
93,207
93,347
94,95
94,110
94,111
95,215
96,543
97,123
98,123
99,453
99,613
100,128
100,227
101,139
101,284
101,314
102,116
102,117
102,126
102,129
102,183
102,278
103,116
103,117
103,165
104,130
104,141
104,179
104,192
105,116
105,117
105,123
106,116
106,127
107,116
107,156
108,116
108,118
108,119
108,120
108,121
108,122
109,123
110,123
111,123
112,123
113,275
114,125
114,302
115,124
115,330
116,215
117,215
118,223
119,535
120,131
120,142
120,170
121,139
121,141
122,140
122,171
122,258
122,260
123,131
123,132
123,133
123,134
123,135
123,136
123,137
123,138
123,178
124,282
125,320
126,307
127,574
128,300
128,301
128,347
129,427
130,131
131,471
132,454
133,454
134,428
135,151
135,181
136,143
136,146
136,148
136,171
136,245
136,275
137,143
137,147
137,190
137,276
138,144
138,252
138,284
139,405
140,699
141,145
141,150
142,149
142,152
143,722
144,320
145,320
146,320
147,320
148,908
149,538
150,153
150,156
150,157
150,158
150,159
150,163
151,160
151,162
152,154
152,155
152,161
153,215
154,844
155,345
156,454
157,573
158,223
159,428
160,168
160,175
160,180
161,164
161,165
161,166
161,167
161,169
161,174
161,178
161,211
162,171
162,173
162,177
162,179
162,252
163,170
163,172
163,176
163,181
164,215
165,345
166,345
167,454
168,307
169,913
170,377
171,645
172,508
173,636
174,225
175,182
175,183
175,184
175,185
175,186
175,187
176,185
177,183
177,396
178,373
178,618
178,791
179,184
179,245
179,506
180,619
180,831
180,853
180,907
182,320
183,405
184,189
184,194
184,196
184,197
184,608
185,193
185,195
185,198
185,199
186,192
186,274
186,275
187,188
187,190
187,191
188,680
189,814
190,215
191,722
192,320
193,723
194,439
195,932
196,636
197,933
198,200
198,201
198,205
198,208
198,211
198,212
198,213
199,201
199,202
199,203
199,204
199,206
199,207
199,209
199,210
200,215
201,345
202,982
203,320
204,454
205,454
206,939
207,307
208,913
209,866
210,275
211,223
212,217
212,218
212,219
212,220
212,221
212,222
212,225
212,270
213,214
213,216
213,224
213,226
214,388
215,227
215,228
215,229
215,230
215,231
215,232
215,233
215,234
215,243
216,320
217,320
218,439
219,908
220,908
221,645
222,275
223,236
223,237
223,238
223,239
223,240
223,241
223,242
223,246
223,250
224,687
225,244
225,245
225,247
226,235
227,388
228,932
229,252
229,275
230,248
230,249
230,310
231,248
231,257
231,283
232,248
233,251
233,258
234,575
235,282
236,439
237,255
237,303
237,373
237,375
238,256
239,415
239,607
239,760
240,249
241,977
242,251
242,283
242,306
242,342
243,687
244,248
244,251
244,375
245,550
245,691
246,254
247,248
247,250
247,253
247,258
248,320
249,405
250,439
251,839
252,307
253,687
254,262
254,270
255,330
255,675
256,260
256,261
256,263
256,265
256,268
257,266
257,341
257,453
257,513
257,534
258,259
258,264
258,267
258,269
259,844
260,471
261,507
262,275
263,275
264,508
265,757
266,687
267,272
268,273
268,278
269,271
269,274
269,279
269,280
270,276
270,277
270,449
271,282
272,282
273,320
274,320
275,285
275,286
275,287
275,288
275,289
276,882
277,290
277,314
277,350
277,419
277,507
278,292
278,295
279,281
279,282
279,291
279,294
279,340
279,373
280,281
280,282
280,283
280,284
280,290
280,291
280,292
280,293
280,294
280,295
281,844
282,296
282,297
282,298
282,299
283,845
284,377
285,304
285,352
286,300
286,301
287,844
288,303
289,302
289,310
289,390
290,975
291,415
291,496
291,668
292,300
292,344
293,420
294,308
294,342
295,344
295,375
296,507
297,305
298,306
298,314
298,316
298,317
298,628
299,308
299,550
299,643
300,307
301,573
302,309
302,311
302,312
302,313
302,318
302,422
302,461
303,305
303,306
303,315
304,310
305,320
306,845
307,319
307,321
307,322
307,323
307,324
307,325
308,913
309,913
310,377
311,573
312,866
313,745
314,645
315,319
315,320
315,326
315,327
315,328
316,671
317,326
318,319
318,329
318,330
319,543
320,332
320,333
320,334
320,335
320,336
320,344
321,699
322,340
322,342
322,419
322,437
322,453
323,341
323,343
323,350
323,352
324,331
324,332
325,450
326,507
327,338
327,339
327,398
328,331
328,337
328,354
329,397
329,468
330,331
331,680
332,345
333,699
334,574
335,508
336,428
337,454
338,932
339,932
340,853
341,353
341,498
342,348
342,462
342,507
343,345
343,346
343,349
343,351
343,354
344,345
344,347
344,350
344,352
344,353
345,355
345,356
345,357
345,358
345,359
345,360
345,361
345,362
345,363
345,364
345,365
345,366
345,367
345,368
345,369
345,370
345,371
345,374
346,839
347,377
348,636
349,372
350,354
350,372
350,547
351,373
351,375
351,536
352,606
352,772
352,784
353,408
354,471
355,377
356,376
356,377
356,469
357,451
357,535
357,616
358,387
359,437
359,499
359,534
360,635
360,758
360,781
361,623
361,718
362,613
362,753
362,788
363,653
363,757
364,378
364,841
364,843
364,912
365,379
365,380
365,384
366,382
366,624
366,665
367,376
368,376
369,381
369,386
369,534
370,383
370,385
370,535
371,376
372,636
373,426
373,975
373,977
375,424
375,534
375,550
376,388
377,388
377,391
377,392
377,393
377,394
377,398
378,866
379,745
380,745
381,636
382,687
383,389
384,390
384,395
385,396
385,634
386,476
387,397
387,399
388,400
388,401
388,402
388,403
388,407
389,722
390,405
391,866
392,408
392,436
393,759
393,980
394,435
395,507
396,745
397,406
397,408
398,404
399,559
399,786
400,573
401,507
402,932
403,415
403,421
404,454
405,410
405,411
405,412
405,413
405,414
405,419
406,428
407,418
407,420
408,409
408,416
408,417
408,499
409,722
410,723
411,439
412,745
413,428
414,422
414,423
414,427
414,429
414,435
415,745
416,853
417,423
417,430
418,432
418,433
419,425
419,426
419,471
419,550
420,424
420,431
420,434
421,434
421,550
422,982
423,454
424,439
425,913
426,866
427,745
428,437
428,442
428,443
428,444
428,445
428,446
429,440
429,447
430,496
430,667
430,668
431,441
432,438
432,635
433,436
434,761
434,923
435,448
435,449
435,450
436,471
437,454
438,493
439,455
439,456
439,457
439,458
440,699
441,507
442,509
443,453
443,727
443,840
444,451
444,683
444,711
446,462
447,460
447,461
447,462
448,451
448,480
448,666
449,459
449,618
450,452
451,814
452,543
453,982
454,464
454,465
454,466
454,467
454,470
454,508
455,508
456,636
457,757
458,468
458,478
459,933
461,469
461,538
461,614
462,463
463,471
464,574
465,975
466,853
467,473
467,474
467,478
467,479
467,493
467,644
468,573
469,574
470,472
470,475
470,476
470,477
470,480
470,481
471,482
471,483
471,484
471,485
471,486
471,487
471,488
471,489
471,490
471,491
471,492
472,493
473,913
474,866
475,882
476,494
477,815
477,979
478,497
478,866
479,938
480,496
480,667
480,668
481,495
481,605
481,637
481,753
482,573
483,573
484,508
485,975
487,536
487,637
487,838
488,499
489,506
489,509
489,510
490,795
490,883
491,512
492,498
492,511
493,500
493,501
493,502
493,503
493,504
493,505
494,507
495,866
496,621
496,634
497,688
498,814
499,844
500,734
501,533
501,633
502,613
502,637
502,711
502,757
503,653
504,883
505,550
506,845
507,514
507,515
507,516
507,517
507,518
507,519
507,520
507,521
508,522
508,523
508,524
508,525
508,526
508,527
508,528
508,529
508,530
508,531
508,532
508,616
509,538
510,548
511,513
511,620
512,513
512,534
513,722
514,853
515,537
515,542
515,604
516,753
517,539
517,803
517,990
518,536
518,617
520,682
520,707
522,535
523,667
523,682
523,710
524,780
525,540
525,606
526,541
526,675
526,778
527,535
528,537
528,628
529,825
529,827
529,925
530,784
531,921
532,894
532,951
533,538
534,537
534,538
535,543
536,913
537,636
538,544
538,545
538,546
538,551
538,552
538,553
538,554
538,555
538,556
538,557
538,558
538,559
538,560
539,853
540,882
541,933
542,547
542,548
542,549
542,550
542,603
543,561
543,562
543,563
543,564
543,565
543,566
543,567
543,568
543,569
543,570
543,571
543,572
544,573
545,866
546,866
547,645
548,574
549,574
550,636
551,710
551,795
552,577
552,745
553,724
553,789
553,974
554,791
555,573
556,576
556,638
556,760
557,573
557,578
557,668
558,573
558,575
559,853
560,729
560,935
561,913
562,908
563,911
564,651
566,611
566,668
567,621
567,705
568,653
568,777
569,718
570,604
572,603
572,632
573,579
573,580
573,581
573,582
574,583
574,584
574,585
574,586
574,587
574,588
574,589
574,590
574,591
574,592
574,593
574,594
574,595
574,596
574,597
574,598
574,599
574,600
574,601
574,602
574,692
574,693
575,882
576,674
578,976
579,866
580,721
581,623
581,624
582,611
583,681
584,610
585,676
585,760
586,619
586,770
586,855
587,707
587,720
587,727
588,753
589,717
589,838
589,952
590,651
590,706
590,808
591,607
591,621
592,605
594,796
595,627
595,700
595,755
596,605
597,725
598,613
598,676
599,605
601,608
602,689
603,605
603,609
603,612
604,606
604,972
605,680
606,839
607,699
608,908
609,645
610,636
611,615
611,618
611,619
611,621
611,622
612,614
612,617
612,620
612,640
613,616
613,730
613,817
614,723
615,845
616,932
617,626
617,627
620,623
620,625
620,629
620,631
621,623
621,624
622,628
622,630
623,680
624,680
625,814
626,722
627,636
628,632
628,634
628,637
628,638
629,633
629,639
629,641
630,640
630,682
631,635
632,722
633,845
634,645
635,790
636,646
636,647
636,648
636,649
636,650
636,651
636,784
637,853
638,679
638,686
639,642
639,643
639,644
639,645
639,666
640,757
641,726
641,727
642,845
643,839
644,866
645,654
645,655
645,656
645,657
645,658
645,659
645,660
645,661
645,662
645,663
645,673
646,652
646,664
646,720
647,653
647,666
647,668
647,925
648,665
648,900
649,667
649,735
650,733
651,904
652,932
653,908
654,790
655,853
656,672
656,678
656,732
656,805
657,671
657,676
658,675
659,678
659,954
660,670
660,677
661,669
661,674
662,679
663,790
664,933
665,792
667,673
667,797
668,788
668,789
669,680
670,913
671,866
672,853
673,687
674,683
674,688
674,692
675,686
676,682
676,684
676,690
676,691
677,681
677,693
677,700
679,685
679,689
680,694
680,695
680,696
680,697
680,698
681,825
682,982
683,699
684,699
685,908
686,745
687,701
687,702
687,703
687,704
687,705
688,838
689,699
691,706
691,808
692,700
692,705
692,707
693,705
693,818
694,825
696,709
696,721
696,895
697,717
697,726
699,712
699,713
699,714
699,715
699,716
699,772
700,745
701,718
702,711
703,719
703,783
704,911
704,967
705,790
705,826
706,720
707,708
707,710
708,722
709,939
710,723
711,913
712,933
714,726
714,755
715,722
715,725
715,730
716,728
716,729
716,735
716,843
717,932
718,724
718,727
718,734
718,811
718,826
718,827
719,725
719,782
719,896
719,907
720,731
721,732
721,733
721,830
722,736
722,737
722,738
722,739
722,740
723,741
723,742
723,743
723,744
724,932
725,908
726,745
727,746
727,882
727,936
729,897
731,809
732,812
732,829
732,842
734,747
736,753
737,755
740,966
740,972
741,808
741,810
743,883
745,748
745,749
745,750
745,751
745,752
745,756
745,788
746,754
751,757
753,757
754,759
754,760
754,871
756,758
757,761
757,762
757,763
757,764
757,765
757,766
757,767
757,768
757,769
757,773
758,770
758,771
758,774
758,775
758,806
760,772
761,845
762,967
762,982
763,776
763,872
764,777
764,780
765,805
766,779
766,781
766,815
766,902
767,988
771,817
772,778
773,967
775,896
775,989
775,1000
776,785
777,784
778,787
778,788
778,809
779,782
780,786
780,812
780,988
781,783
781,789
781,912
781,979
782,866
783,932
784,790
785,791
785,792
785,793
785,795
786,794
786,810
786,854
790,798
790,799
790,800
790,801
790,802
791,882
792,803
792,805
793,796
793,844
793,896
794,797
794,804
794,855
795,976
796,839
797,932
798,811
798,812
799,806
800,807
800,809
800,810
801,813
803,975
804,808
804,935
805,988
806,814
807,866
808,818
809,816
809,819
809,881
810,815
811,905
811,924
812,883
813,817
814,820
814,821
814,822
814,823
814,824
814,827
814,831
814,902
815,825
816,828
817,829
817,884
818,826
819,830
819,899
820,839
821,933
824,841
825,832
825,833
825,834
825,835
825,836
825,837
825,898
826,856
826,907
827,967
827,978
829,838
829,840
830,843
831,842
832,845
833,913
834,932
836,856
837,857
838,844
839,846
839,847
839,848
839,849
839,850
839,851
839,854
839,855
840,853
841,853
842,973
843,852
844,858
844,859
844,860
844,861
845,862
845,863
845,864
845,865
846,866
848,989
849,871
852,932
853,867
853,868
853,869
853,870
855,907
856,920
857,872
858,982
859,882
861,969
865,884
866,873
866,874
866,875
866,876
866,877
866,878
866,879
866,880
869,883
870,954
872,881
873,932
874,908
876,899
877,974
878,885
879,895
879,897
881,932
882,886
882,887
882,888
882,889
882,890
882,891
882,892
882,893
882,898
883,894
883,896
885,982
886,902
889,903
889,988
891,904
891,906
893,900
897,901
898,905
899,934
900,939
901,908
902,909
902,911
903,969
904,910
906,907
906,912
906,982
907,913
908,915
908,916
908,917
908,918
908,919
908,922
909,914
909,924
911,923
912,920
912,921
913,926
913,927
913,928
913,929
913,930
913,931
914,932
917,934
917,936
917,937
918,976
918,991
920,933
921,938
923,925
924,935
925,939
926,953
927,989
928,950
928,975
932,940
932,941
932,942
932,943
933,944
933,945
933,946
933,947
933,948
933,951
935,949
935,954
936,952
938,967
939,955
939,956
939,957
939,958
939,959
939,960
939,961
939,962
939,963
939,964
939,965
940,967
942,966
946,978
960,969
960,972
961,1000
962,971
963,973
965,968
965,970
968,975
970,978
970,980
971,977
971,981
973,974
973,976
973,979
974,982
975,983
975,984
975,985
975,986
975,987
975,991
977,990
978,992
979,988
981,989
982,993
982,994
982,995
982,996
982,997
982,998
982,999
982,1000
<end>