<number of tasks>
100
<cycle time>
1000
<order strength>
0.605
<z_alpha>
1.960
<task times>
1 502 9289.5089
2 308 19064.2332
3 407 10173.8862
4 558 10364.0572
5 403 30724.7632
6 481 56295.7811
7 354 27312.3751
8 568 39830.9537
9 523 39349.0336
10 521 57295.8681
11 593 37355.2320
12 502 853.9276
13 496 50393.1943
14 522 11346.0393
15 306 4573.5139
16 619 27490.6494
17 423 15037.8180
18 425 44844.3762
19 397 25427.2750
20 433 42779.9606
21 672 22335.2570
22 431 1309.8056
23 712 11395.9362
24 397 25064.0733
25 584 10540.2838
26 784 9034.5336
27 431 1734.1747
28 349 1807.0887
29 404 3014.5321
30 461 38820.1665
31 699 15389.1310
32 463 51336.8431
33 510 6176.6754
34 419 29162.5871
35 440 19128.6502
36 588 31942.2672
37 713 13589.9956
38 620 33764.5011
39 341 23763.8455
40 534 17103.9275
41 716 911.5959
42 472 39401.9411
43 549 16567.9638
44 519 11231.5379
45 534 4773.5432
46 468 22363.9032
47 511 52482.6467
48 622 21492.3599
49 599 37482.2609
50 653 12388.1192
51 464 9461.3353
52 676 7680.9091
53 385 656.4120
54 509 6786.9569
55 351 13615.2579
56 452 4458.2473
57 553 42313.4900
58 434 17388.1692
59 532 38563.4712
60 517 7774.6648
61 340 19159.3269
62 473 45841.7904
63 414 11040.6105
64 328 21422.3013
65 472 14117.9152
66 467 27482.3573
67 391 7669.4509
68 491 8131.8623
69 547 20568.1343
70 631 6506.1279
71 667 16452.4020
72 560 8859.4785
73 575 14704.5792
74 793 1010.9021
75 326 12997.2977
76 603 9880.6638
77 559 33749.2727
78 502 31164.8292
79 612 15400.8446
80 442 43496.4329
81 320 3767.9027
82 505 35602.7883
83 342 15465.3487
84 432 18978.0817
85 452 46300.9494
86 689 29.4358
87 602 12888.3242
88 757 2890.9189
89 546 30964.8857
90 408 12077.2256
91 543 41749.8605
92 641 33466.2674
93 498 28599.3019
94 500 60976.6937
95 565 13276.5116
96 434 4808.9257
97 555 25548.4874
98 452 16558.6294
99 615 31898.8160
100 260 8092.2145
<precedence relations>
1,5
1,7
1,15
2,4
2,5
2,6
2,8
2,9
2,10
3,14
4,11
4,12
4,15
5,12
6,12
6,13
7,12
7,13
8,14
8,27
9,12
9,13
10,14
10,27
11,16
12,17
12,18
12,19
12,28
13,28
13,29
14,26
14,28
14,29
15,20
16,25
17,21
18,24
19,22
19,23
19,25
19,26
19,27
19,29
20,26
20,27
20,28
21,30
22,31
23,32
24,34
25,46
25,47
26,33
26,34
26,35
27,33
27,34
27,41
27,42
28,33
28,34
28,35
29,33
29,38
30,37
31,38
32,38
33,36
33,39
33,46
33,52
34,38
34,39
34,40
35,41
35,42
36,43
37,44
38,44
38,45
38,46
38,47
39,82
40,45
41,45
41,52
42,71
43,48
44,89
45,49
45,56
46,50
46,51
46,64
47,50
47,51
47,52
48,54
49,55
50,53
50,56
51,56
52,57
53,59
54,63
55,60
56,58
56,61
56,62
56,65
57,61
57,63
57,64
57,65
58,66
59,67
60,70
61,68
61,71
61,72
62,69
62,95
63,71
64,71
64,72
64,73
64,88
65,71
65,73
65,74
66,75
67,76
68,79
69,81
70,80
71,77
71,82
72,78
74,93
74,95
75,83
76,88
77,84
78,85
79,86
80,87
81,88
82,89
82,95
83,90
84,91
85,93
86,93
87,92
88,93
89,93
89,100
90,95
91,94
92,95
93,96
94,97
95,97
95,100
96,98
96,99
<end>