<number of tasks>
50
<cycle time>
1000
<order strength>
0.203
<z_alpha>
1.280
<task times>
1 644 13213.0345
2 584 35187.9660
3 513 59355.2915
4 394 19524.1913
5 317 9281.3935
6 531 8224.2721
7 533 20568.7881
8 312 3658.2559
9 602 15698.5379
10 504 58741.6845
11 530 42495.4433
12 427 6488.1371
13 452 5453.4303
14 547 5736.0344
15 638 18901.9691
16 471 14717.1382
17 406 27987.6475
18 519 54597.8843
19 478 7376.4910
20 573 25028.7038
21 530 38646.8540
22 392 23523.6330
23 565 38845.4919
24 685 1534.6586
25 245 5988.4097
26 533 44052.1156
27 481 33418.1820
28 615 24230.2809
29 706 14646.9630
30 582 32973.0197
31 421 2424.1696
32 350 6342.5698
33 308 3148.8585
34 298 14270.5967
35 680 14241.6392
36 667 8238.5647
37 515 59195.2377
38 544 10725.3806
39 463 19208.7915
40 477 22751.0084
41 519 14580.5503
42 503 53708.3465
43 426 16492.0097
44 507 29448.7235
45 501 45572.4291
46 326 13126.8112
47 353 7114.3828
48 504 7641.2759
49 358 18052.4989
50 502 53829.9035
<precedence relations>
1,24
1,42
2,8
2,11
3,12
3,13
4,7
4,10
6,9
7,41
8,13
8,15
8,18
9,16
10,12
10,13
10,17
11,14
12,19
12,23
13,43
14,19
14,24
15,20
15,22
16,25
18,21
18,26
20,44
22,27
22,30
23,28
24,29
26,28
26,31
27,35
27,37
27,43
28,32
28,34
28,38
28,39
29,49
30,36
31,33
34,40
34,45
36,41
36,42
36,44
38,43
41,47
41,50
42,46
44,49
45,48
<end>