<number of tasks>
50
<cycle time>
1000
<order strength>
0.199
<z_alpha>
1.645
<task times>
1 40 53.1346
2 124 521.2923
3 57 180.2336
4 125 391.6305
5 82 1.3928
6 77 304.4408
7 96 384.1858
8 114 717.2106
9 50 50.9565
10 87 25.2805
11 146 929.6753
12 250 2152.9974
13 105 638.6652
14 190 196.6325
15 160 1317.5175
16 152 697.8525
17 35 14.0898
18 91 269.1782
19 94 29.7614
20 159 462.0855
21 169 796.5963
22 289 1773.7514
23 43 12.7194
24 194 364.8029
25 100 401.5415
26 193 812.4669
27 47 115.1329
28 62 109.2369
29 33 13.7987
30 155 1156.2349
31 55 151.2748
32 82 298.7417
33 30 21.1110
34 128 335.0468
35 126 766.9368
36 153 250.2342
37 447 5132.2653
38 85 157.5208
39 148 981.9137
40 150 664.0046
41 199 2188.9796
42 294 288.6273
43 124 656.5034
44 26 19.9912
45 144 187.6361
46 64 186.0344
47 127 117.5858
48 84 236.2810
49 253 3403.4350
50 167 1576.9681
<precedence relations>
2,12
3,9
4,10
4,23
4,43
7,25
7,31
8,11
9,14
10,13
10,16
10,18
11,15
11,18
12,17
13,20
13,21
15,22
15,25
17,19
17,23
18,21
18,22
18,24
18,30
19,26
20,28
22,29
23,27
23,42
26,31
26,34
27,32
28,30
28,33
28,36
30,37
30,40
31,35
31,38
31,41
32,36
32,39
35,48
36,44
36,46
36,50
38,42
38,43
38,49
39,45
39,47
41,49
<end>