<number of tasks>
100
<cycle time>
1000
<order strength>
0.196
<z_alpha>
1.280
<task times>
1 119 989.5559
2 63 417.3792
3 94 496.7615
4 173 3083.1760
5 120 2416.3382
6 80 144.4375
7 173 1044.8013
8 83 277.4511
9 158 62.0807
10 32 112.4450
11 141 1237.5746
12 244 8665.9511
13 175 1914.3174
14 32 39.4665
15 267 14612.2937
16 57 39.4745
17 51 495.8885
18 205 4085.6237
19 270 11885.3026
20 81 663.6981
21 25 133.6996
22 142 4097.8078
23 132 3443.7129
24 190 4697.9843
25 108 140.2895
26 188 8707.1076
27 317 12253.1509
28 37 79.0313
29 70 806.0831
30 37 286.1228
31 39 288.9606
32 179 2135.3145
33 285 4763.7606
34 43 151.0363
35 146 1974.5562
36 101 562.9546
37 198 2296.1739
38 165 5987.8390
39 228 12468.1611
40 46 162.1023
41 159 6016.0193
42 51 285.8929
43 30 33.5246
44 32 103.5567
45 81 1560.9574
46 248 12811.9293
47 214 10769.5218
48 74 869.2230
49 184 4897.4081
50 52 615.7087
51 114 1823.2341
52 172 5485.4552
53 97 78.9149
54 164 323.2548
55 32 20.9712
56 131 1087.6163
57 97 2080.2051
58 124 3562.1600
59 74 446.1859
60 174 4538.8491
61 196 7184.9946
62 185 3933.4672
63 147 3244.6363
64 267 10911.6178
65 109 2450.0353
66 232 12390.0550
67 93 1789.9133
68 177 6869.4219
69 92 1180.1121
70 155 3696.2230
71 114 2799.1202
72 253 4769.2928
73 56 413.3782
74 146 4500.1533
75 122 127.7214
76 75 1358.9569
77 102 223.5650
78 121 2343.9686
79 27 166.5541
80 170 1130.5673
81 105 1351.5709
82 139 2253.4204
83 221 4786.1250
84 85 1059.0189
85 186 3454.5184
86 57 391.0628
87 329 15298.2010
88 67 877.3255
89 283 7483.6189
90 205 710.4215
91 159 2020.1514
92 95 451.1517
93 215 6237.4557
94 158 3046.9890
95 114 1072.5502
96 296 9328.7701
97 262 16956.3415
98 183 133.3293
99 181 5801.0283
100 151 1987.1442
<precedence relations>
1,20
2,20
3,20
4,20
5,20
6,40
7,40
8,17
9,12
9,13
9,14
9,16
9,18
9,19
10,11
10,15
11,20
12,20
13,20
14,20
15,20
16,24
17,25
18,21
18,22
18,26
18,27
19,23
20,28
20,29
20,30
20,31
20,32
20,33
20,34
20,35
20,36
20,37
20,38
20,39
21,40
22,40
23,40
24,41
25,42
27,40
27,43
29,53
40,44
40,45
40,46
40,47
40,48
40,49
40,50
40,51
40,52
44,54
44,55
44,56
45,57
47,59
50,58
54,60
55,61
56,62
56,63
56,64
57,67
58,65
58,68
59,66
60,69
61,70
62,71
63,72
65,73
65,75
68,74
69,76
70,77
71,78
72,79
73,84
74,80
75,81
75,82
75,83
76,85
77,86
78,87
79,88
80,90
81,89
83,90
85,93
86,91
87,92
89,94
89,96
89,97
89,98
90,95
91,99
92,99
96,100
<end>