<number of tasks>
1000
<cycle time>
1000
<order strength>
0.896
<z_alpha>
1.645
<task times>
1 258 4116.2471
2 416 2464.1745
3 153 334.4243
4 230 2057.8039
5 581 10189.1627
6 87 108.9859
7 289 2092.1187
8 43 52.4848
9 503 13033.7703
10 135 758.6567
11 113 579.0537
12 181 1828.9273
13 336 256.0345
14 60 168.9322
15 247 2399.4455
16 122 913.8769
17 452 7613.7180
18 186 1370.7903
19 387 2863.9459
20 155 1395.2356
21 191 1554.4129
22 28 0.7949
23 406 8785.6260
24 140 398.7990
25 179 1177.2996
26 42 46.0085
27 73 58.6301
28 141 1084.2085
29 90 193.8156
30 271 2624.1876
31 38 7.2714
32 213 2581.6219
33 251 2160.3135
34 161 623.0134
35 271 2760.3749
36 288 2585.2118
37 385 723.8894
38 89 152.6097
39 473 10028.4904
40 70 50.1416
41 573 7550.8313
42 257 237.6083
43 208 2438.5490
44 567 5253.3098
45 46 1.1199
46 561 1262.9306
47 142 387.9872
48 49 149.2087
49 219 1211.0980
50 309 430.6954
51 501 6961.2460
52 247 2440.9132
53 162 412.2214
54 501 15019.4574
55 446 2779.6560
56 433 1422.5333
57 77 208.7166
58 150 23.0109
59 433 7061.0600
60 229 1816.8574
61 205 2575.4332
62 107 378.6813
63 335 385.4055
64 41 46.0168
65 111 43.8530
66 49 114.0140
67 201 2373.9205
68 214 705.7379
69 77 183.1752
70 126 878.6046
71 246 597.1551
72 207 1731.4349
73 142 417.3058
74 32 22.6326
75 73 327.4102
76 202 1987.5993
77 122 163.3971
78 369 5677.3120
79 210 1113.9621
80 281 4028.3667
81 188 2176.2382
82 48 92.8125
83 180 1951.1139
84 65 242.0707
85 133 757.5689
86 139 300.6166
87 176 1106.0420
88 60 45.2609
89 315 2192.6203
90 260 1638.5321
91 198 82.9063
92 485 3538.2633
93 545 14379.8657
94 62 71.0207
95 84 124.8270
96 107 413.3084
97 25 7.8216
98 227 742.7330
99 59 23.9627
100 119 44.0605
101 26 12.9589
102 167 1233.6601
103 513 14732.4553
104 190 1509.2010
105 178 218.3070
106 61 158.0745
107 214 549.6286
108 275 3517.0797
109 503 4092.1360
110 115 605.7801
111 62 193.7798
112 271 2916.7622
113 81 386.3715
114 145 1134.7564
115 30 17.1823
116 129 712.0906
117 169 495.4907
118 145 465.3467
119 104 32.8846
120 519 513.4404
121 207 98.6322
122 61 127.9474
123 399 7671.7345
124 283 2827.0491
125 27 4.1848
126 155 548.7940
127 199 2424.3044
128 181 803.6945
129 221 2664.5034
130 568 9475.8032
131 527 16912.3331
132 145 752.7587
133 72 167.0244
134 123 28.0980
135 355 7247.9927
136 452 6937.1009
137 256 2625.7182
138 335 3093.8584
139 100 409.9746
140 379 4935.0828
141 231 3303.9597
142 188 1845.6798
143 58 149.3490
144 121 644.8699
145 142 1056.8720
146 338 135.1666
147 269 498.8424
148 329 3338.9165
149 260 3841.0281
150 144 427.5894
151 162 1490.6956
152 105 319.7114
153 49 8.7662
154 265 314.3137
155 278 2804.0401
156 257 1822.7843
157 507 15293.3605
158 67 90.0312
159 504 7781.8882
160 219 2705.2982
161 305 4907.2587
162 39 47.9934
163 576 13677.8445
164 256 725.2549
165 209 1044.7304
166 143 746.8312
167 28 47.4906
168 21 15.1350
169 43 102.1102
170 324 2555.1452
171 362 1757.3071
172 73 311.7870
173 459 2302.9746
174 341 4400.0706
175 132 908.1549
176 94 404.2773
177 192 2182.4726
178 481 4691.9406
179 54 117.0585
180 124 336.6642
181 407 3180.6097
182 86 351.5086
183 76 332.2125
184 209 1180.9414
185 156 575.9871
186 581 20113.8876
187 526 6594.1851
188 50 21.9287
189 318 2054.4353
190 241 1741.5187
191 118 465.3819
192 257 133.5404
193 199 685.9190
194 387 1954.1741
195 376 5556.5928
196 484 6603.4366
197 451 136.7199
198 114 212.1483
199 150 780.1650
200 317 217.0193
201 108 204.3997
202 360 2868.9044
203 492 2984.7519
204 272 4230.5176
205 123 44.7666
206 100 257.6456
207 68 88.1708
208 370 4375.6575
209 484 4784.8627
210 402 4797.9296
211 237 631.1531
212 508 3233.0687
213 190 1439.4809
214 322 2993.0513
215 119 861.2792
216 418 997.3515
217 530 4653.3832
218 225 387.7090
219 218 2160.1442
220 434 9014.4004
221 57 179.0918
222 148 210.5900
223 141 337.0286
224 69 241.1161
225 126 618.3591
226 421 1029.2292
227 357 489.2928
228 82 79.4496
229 243 328.9401
230 529 1307.4104
231 455 1631.2787
232 522 6802.3661
233 206 431.8759
234 82 238.3621
235 213 2601.7828
236 252 2807.0606
237 564 301.3480
238 151 901.7249
239 62 238.9392
240 144 857.1977
241 521 15140.6283
242 201 2325.2945
243 87 26.9545
244 59 117.5839
245 419 3508.6218
246 267 857.1686
247 187 2015.1132
248 136 1143.4960
249 139 495.7022
250 90 45.8522
251 464 2542.4129
252 502 10517.3685
253 562 4912.3295
254 302 5075.6406
255 329 3961.7125
256 170 933.3901
257 69 226.3567
258 270 1331.5853
259 122 910.2721
260 227 1870.3315
261 47 108.3748
262 362 6854.4385
263 249 2686.3336
264 204 2162.2411
265 341 3849.7930
266 340 6019.2434
267 66 197.9173
268 132 440.0978
269 167 516.4268
270 596 5510.4149
271 274 1601.1789
272 189 1365.5130
273 123 129.5822
274 500 2379.3926
275 390 6818.4719
276 302 1477.8511
277 264 2871.5622
278 56 163.5905
279 167 909.6686
280 33 18.6583
281 135 676.7725
282 224 1058.1111
283 131 239.0381
284 512 322.7182
285 354 6459.0647
286 162 398.5954
287 514 11593.0582
288 196 1774.9104
289 36 75.8567
290 50 132.6691
291 478 9423.9476
292 173 663.3172
293 537 16549.4763
294 98 10.3061
295 384 1670.5276
296 33 18.8246
297 149 587.6746
298 250 383.7113
299 114 738.7791
300 434 4683.0535
301 132 234.9830
302 409 9076.8714
303 214 1715.4380
304 475 4295.4991
305 382 8357.8581
306 96 290.7129
307 262 398.4375
308 486 4688.0517
309 273 4256.8993
310 46 105.8659
311 178 1347.6694
312 450 6394.3652
313 469 12047.8581
314 363 4524.5464
315 153 883.4421
316 76 208.3891
317 426 534.9434
318 156 1220.2070
319 252 3018.8718
320 428 6960.1666
321 185 545.2756
322 463 5101.5221
323 474 8369.5072
324 120 826.4668
325 98 133.1756
326 184 762.0884
327 408 8260.5029
328 150 897.9238
329 200 2052.5394
330 78 303.0942
331 106 382.0232
332 54 56.2203
333 116 210.0789
334 27 32.4453
335 70 220.9738
336 341 7235.4489
337 259 1599.3443
338 102 93.6003
339 81 12.0222
340 200 2405.4506
341 530 10848.8120
342 42 31.5179
343 268 1982.2963
344 141 464.2245
345 360 324.8248
346 34 68.5431
347 29 52.0956
348 492 2236.5303
349 27 45.5303
350 69 134.5215
351 294 4802.4838
352 501 4073.8502
353 160 1187.5349
354 71 160.0824
355 44 23.8290
356 35 34.2551
357 234 2590.6096
358 533 10569.9776
359 42 34.9890
360 209 278.3731
361 131 764.5343
362 96 155.2141
363 477 1515.9517
364 273 674.3539
365 514 10118.2951
366 291 4514.1810
367 257 792.5106
368 153 962.6300
369 494 1117.5437
370 111 622.1793
371 536 14954.0693
372 22 11.8743
373 173 435.0294
374 77 9.6989
375 59 78.9065
376 33 44.0033
377 72 313.4444
378 506 8711.8768
379 301 2841.4044
380 105 194.8119
381 77 174.9674
382 124 906.7763
383 75 31.8168
384 36 66.4255
385 127 404.2977
386 398 5094.7848
387 248 1153.8917
388 160 1315.5461
389 55 13.7971
390 67 157.4907
391 453 7854.6764
392 396 1706.9912
393 215 196.2759
394 127 121.2869
395 502 13682.2001
396 70 180.3450
397 95 259.4593
398 273 3771.1633
399 21 14.7252
400 114 651.7496
401 568 19269.1183
402 373 6032.9783
403 119 30.1710
404 92 419.6324
405 642 12274.1967
406 98 530.1921
407 140 592.4007
408 130 296.7027
409 43 33.0300
410 127 603.4907
411 150 786.0824
412 348 4589.6923
413 312 4794.9657
414 113 223.2342
415 486 1252.7402
416 74 32.7274
417 394 9629.8796
418 437 1024.7693
419 112 645.9585
420 72 183.3849
421 290 690.0912
422 233 3294.9614
423 253 921.9115
424 215 2564.0418
425 469 12118.2364
426 466 7333.8099
427 436 10030.1185
428 490 14082.8402
429 43 92.5326
430 159 617.2035
431 178 1104.0768
432 222 2612.1145
433 198 1842.5776
434 78 194.8799
435 204 131.2373
436 110 301.2294
437 126 711.6233
438 172 34.4628
439 98 457.4897
440 145 1116.5092
441 333 3319.7746
442 104 469.3072
443 175 1656.3860
444 98 467.1743
445 94 503.6579
446 218 851.7200
447 279 3570.8854
448 229 1780.7623
449 483 1169.6003
450 117 40.3545
451 65 50.3769
452 112 434.1645
453 268 1269.9240
454 242 179.7810
455 104 49.4074
456 52 3.7882
457 267 2132.4720
458 26 11.4410
459 196 273.7975
460 395 2034.9236
461 93 233.6788
462 459 43.3114
463 239 740.9431
464 219 489.8020
465 181 1506.4773
466 35 54.5927
467 338 5544.9352
468 170 824.7148
469 187 471.2782
470 496 13395.9738
471 438 1596.1582
472 126 822.7866
473 524 8411.4473
474 413 6508.0666
475 62 234.3177
476 153 451.1561
477 276 2692.4551
478 459 9745.4555
479 92 397.4297
480 211 1218.1208
481 481 812.6211
482 201 509.7132
483 121 813.7598
484 330 4419.9511
485 217 2297.4866
486 186 1088.8100
487 472 3249.4300
488 448 1554.5039
489 304 2528.5377
490 221 1426.8673
491 213 1168.5784
492 97 175.2264
493 64 168.1537
494 190 1296.6956
495 532 10034.8857
496 268 2929.2063
497 233 1528.3120
498 65 80.1259
499 162 1141.7715
500 443 9751.6189
501 181 1830.6989
502 237 1809.8166
503 42 77.9314
504 536 6080.1460
505 511 10912.7692
506 160 152.2150
507 274 4315.7675
508 362 1313.3323
509 31 7.2559
510 55 108.1606
511 93 154.6345
512 150 1358.8647
513 369 3315.2800
514 336 4513.1113
515 290 446.2916
516 406 8132.8761
517 466 8902.7805
518 303 81.9867
519 474 1065.4921
520 30 26.8554
521 84 48.7141
522 496 6112.1719
523 124 548.0257
524 518 7199.6065
525 48 103.7876
526 32 49.3513
527 126 919.9692
528 308 3136.3373
529 166 1073.7128
530 156 1334.0010
531 159 1149.0206
532 96 107.1009
533 283 2841.5112
534 62 79.0085
535 50 92.2011
536 136 799.3708
537 388 8010.2738
538 102 334.8454
539 398 387.5860
540 103 570.6245
541 211 45.0141
542 506 3326.0937
543 179 124.6149
544 126 466.3730
545 235 1541.5282
546 507 12001.2678
547 156 1349.6478
548 25 16.3658
549 156 830.7278
550 61 23.5997
551 130 106.8994
552 55 25.1048
553 36 2.4935
554 150 778.0382
555 519 13279.1074
556 48 20.2884
557 73 39.2688
558 35 33.4213
559 265 2859.9465
560 194 1458.7425
561 208 1835.5639
562 496 7512.8742
563 200 1475.7268
564 216 2095.3091
565 482 7030.1872
566 252 1928.4477
567 291 380.0717
568 377 7775.2191
569 637 2281.1687
570 66 222.8116
571 205 2170.7745
572 123 64.4736
573 208 1078.1712
574 181 1696.7634
575 151 1179.4048
576 213 108.6299
577 302 2302.2725
578 263 300.6032
579 236 99.1774
580 140 1134.8072
581 52 132.8556
582 462 8656.9543
583 162 1448.7176
584 64 65.7491
585 417 10446.9121
586 419 7167.9780
587 112 745.9060
588 227 1450.2213
589 529 3260.1651
590 531 11437.4156
591 476 6452.7893
592 530 9822.7973
593 494 4357.3372
594 27 10.3131
595 99 126.6287
596 429 4242.9804
597 584 18271.2060
598 97 101.8559
599 28 5.7220
600 135 1080.3226
601 146 855.6692
602 181 365.6845
603 109 215.9492
604 447 8887.1633
605 303 4088.8658
606 103 621.7960
607 565 19518.0933
608 139 1025.3938
609 50 115.3688
610 196 1349.4208
611 123 369.1410
612 458 6812.6073
613 29 27.2415
614 77 42.7956
615 175 318.4499
616 163 350.9524
617 586 18521.4507
618 226 2038.3796
619 167 97.6637
620 201 1282.2389
621 500 5505.7355
622 58 81.1722
623 155 410.5750
624 500 12662.5482
625 164 32.8442
626 215 1961.0988
627 168 526.6667
628 290 1589.4302
629 101 54.0833
630 296 2616.5251
631 43 9.0627
632 222 28.2733
633 40 24.7656
634 517 12193.0206
635 43 56.4286
636 91 364.7180
637 26 18.9641
638 327 4019.5023
639 91 182.2412
640 229 904.9646
641 104 245.7157
642 143 880.0189
643 264 579.0143
644 25 33.3515
645 120 351.7960
646 143 416.8427
647 76 7.0429
648 102 421.1560
649 325 6187.1195
650 427 7657.6548
651 323 2988.3007
652 171 1358.6638
653 21 8.6909
654 64 156.1618
655 260 715.9906
656 118 201.0530
657 37 41.8217
658 91 395.3715
659 230 2017.5036
660 208 1925.9001
661 47 83.8441
662 428 3723.1502
663 109 377.3322
664 269 1150.8130
665 68 92.3955
666 136 4.2938
667 53 134.4109
668 295 2958.8176
669 161 323.6421
670 41 38.7694
671 207 652.3495
672 104 458.7628
673 204 1869.7577
674 30 39.0552
675 459 1837.3288
676 53 119.8671
677 200 880.6953
678 251 1789.9152
679 268 4389.4692
680 57 156.6266
681 458 5378.2901
682 126 794.2489
683 115 816.1800
684 125 151.1065
685 140 767.1981
686 141 324.8548
687 255 3085.7635
688 80 381.2520
689 326 4980.5829
690 125 956.3373
691 42 82.4465
692 207 759.9954
693 117 124.0302
694 238 2837.4222
695 103 476.9424
696 417 489.4789
697 68 214.6486
698 546 18299.6780
699 555 17699.1686
700 67 214.8354
701 203 2432.5710
702 133 177.1609
703 151 1332.3571
704 498 1061.6524
705 45 39.1844
706 85 79.6343
707 425 587.2559
708 72 118.3239
709 563 1143.5409
710 160 1061.4173
711 146 1125.5894
712 126 542.2403
713 86 294.8850
714 360 301.9046
715 498 11719.9618
716 128 292.8851
717 233 1453.1580
718 247 2459.7447
719 134 911.6122
720 279 3938.2663
721 80 278.0080
722 184 2115.3277
723 160 54.6666
724 582 10774.5651
725 231 1863.2522
726 215 937.6792
727 207 1491.4265
728 205 1226.9285
729 262 3947.2933
730 98 187.2621
731 302 3337.7715
732 407 8822.2199
733 225 352.2183
734 240 1343.4181
735 37 80.9022
736 185 855.0992
737 328 1042.0113
738 155 112.9476
739 183 1996.7228
740 124 764.3242
741 67 12.2889
742 503 9464.9612
743 262 607.8626
744 177 283.3180
745 98 410.7478
746 66 190.3707
747 504 2877.3613
748 234 559.8358
749 455 10929.7985
750 354 7510.7091
751 475 7826.0360
752 61 177.5250
753 41 29.4974
754 78 364.4132
755 142 410.1340
756 51 126.0458
757 264 2734.1699
758 224 2779.4330
759 164 1127.7771
760 238 3355.2058
761 323 3445.8458
762 66 268.5983
763 210 2328.4185
764 42 15.1524
765 221 3021.0011
766 460 1691.4496
767 41 43.9443
768 120 792.4380
769 98 587.4960
770 189 484.6551
771 139 427.6353
772 241 2705.6673
773 304 2137.0804
774 199 559.5717
775 297 357.4511
776 274 3318.7191
777 510 15756.9531
778 506 6834.2189
779 272 1595.6271
780 88 193.7327
781 110 740.8222
782 133 119.7921
783 250 1645.4584
784 51 143.4336
785 119 456.9628
786 77 164.8309
787 41 92.7591
788 93 443.9000
789 51 2.8125
790 141 519.0172
791 284 4211.3541
792 133 1061.9164
793 146 242.4091
794 118 727.3677
795 141 745.0378
796 137 431.9832
797 254 2119.4867
798 51 34.4323
799 208 1412.0498
800 35 48.7674
801 203 376.0944
802 119 604.5301
803 292 4646.1224
804 126 8.6966
805 351 1887.4696
806 59 110.7960
807 415 8618.5297
808 29 32.1339
809 102 378.9138
810 233 710.6014
811 205 945.8809
812 55 166.2509
813 136 345.3995
814 110 151.1423
815 48 136.7028
816 347 64.2417
817 88 83.5264
818 95 466.8649
819 22 3.1906
820 464 8071.4022
821 448 7566.1530
822 135 362.4956
823 494 14426.6868
824 508 806.9507
825 285 1523.1195
826 159 85.1656
827 110 539.0954
828 71 38.6431
829 458 5385.7691
830 371 380.0046
831 71 284.5933
832 128 660.7742
833 147 1223.7330
834 380 4353.9850
835 116 559.6639
836 379 4782.2503
837 143 1162.2675
838 77 113.4740
839 165 283.2937
840 573 3614.4157
841 158 1412.2632
842 389 995.3615
843 277 2528.6420
844 22 27.3701
845 43 7.4416
846 271 2305.1299
847 551 7998.8056
848 469 11500.6126
849 114 619.1680
850 188 1726.8637
851 212 1253.4211
852 144 1151.7813
853 190 1378.6618
854 126 941.5525
855 231 745.3390
856 108 101.6058
857 352 6496.4171
858 50 22.3574
859 213 1373.9669
860 58 135.7962
861 568 18211.8612
862 156 704.4997
863 34 30.1644
864 266 2456.3348
865 54 41.4126
866 271 2595.9825
867 178 1516.4258
868 147 359.7199
869 316 2397.7967
870 21 4.3373
871 153 776.9811
872 248 2777.5001
873 538 2076.7650
874 293 1961.0851
875 252 3621.0965
876 66 167.5741
877 58 25.8778
878 20 12.0263
879 168 1459.4196
880 152 120.1409
881 191 1434.4005
882 573 20151.4789
883 213 872.8768
884 303 2413.0417
885 124 355.3279
886 76 101.2189
887 95 558.8969
888 432 1579.6955
889 109 252.5461
890 495 14340.8382
891 577 15150.6356
892 143 184.0790
893 40 93.6460
894 98 470.4525
895 199 2372.3875
896 214 2758.2594
897 135 139.1941
898 185 188.2011
899 536 12667.0827
900 21 12.5605
901 335 2381.1996
902 39 59.9150
903 60 64.1272
904 114 768.7327
905 525 13261.4910
906 435 5953.7886
907 60 199.6049
908 41 93.1531
909 243 3173.1949
910 350 1683.2190
911 447 8929.9791
912 65 241.3629
913 135 1071.7386
914 542 6620.1963
915 166 678.0104
916 188 368.0656
917 117 192.2351
918 149 356.4606
919 189 111.2154
920 495 14149.3915
921 73 246.0223
922 470 3432.0544
923 136 530.8450
924 406 8228.4066
925 266 3196.2969
926 168 529.6326
927 240 2959.4887
928 194 311.2067
929 55 157.2445
930 113 760.2151
931 33 4.3376
932 199 151.9305
933 470 9845.8808
934 177 764.6537
935 76 144.6184
936 150 592.2409
937 69 295.2728
938 468 8402.1977
939 238 420.6354
940 480 3287.0956
941 156 28.4691
942 594 9727.2733
943 110 77.8120
944 67 45.8170
945 95 306.7092
946 460 8719.2383
947 217 1540.2303
948 92 167.9671
949 321 1650.4717
950 286 3960.5083
951 32 31.7821
952 327 3674.6203
953 274 1837.0455
954 494 11644.3629
955 512 8101.7672
956 477 7351.1452
957 572 18259.9468
958 177 1692.1243
959 307 1615.5217
960 517 6440.8854
961 200 1564.7387
962 441 11238.0139
963 117 378.5559
964 175 425.4686
965 52 60.0564
966 232 2468.4289
967 213 1422.8274
968 141 681.1113
969 217 1522.7972
970 188 660.7585
971 461 3579.5764
972 157 421.7233
973 174 1698.1945
974 260 1660.2728
975 235 2808.9425
976 154 930.2637
977 175 150.7819
978 100 14.5881
979 164 312.2353
980 59 109.7180
981 264 842.8859
982 198 56.8117
983 107 365.8427
984 97 100.8930
985 269 1780.1042
986 52 86.4850
987 161 219.2136
988 31 59.9600
989 182 1750.9726
990 500 6548.8010
991 273 170.2142
992 181 1742.5935
993 134 606.3269
994 301 2710.0656
995 103 24.4569
996 485 5084.5467
997 33 61.6317
998 83 326.2583
999 68 40.0076
1000 250 3512.3208
<precedence relations>
1,6
1,8
1,11
2,10
2,20
3,6
3,7
3,10
3,11
3,12
4,6
4,7
4,8
4,9
4,10
4,11
4,12
5,6
5,7
5,8
5,9
5,10
5,11
5,12
6,13
6,14
6,15
6,16
6,17
6,18
6,19
6,20
7,13
7,14
8,13
9,13
9,16
10,13
10,14
10,15
11,13
11,14
11,15
11,20
12,13
12,14
12,15
12,16
12,17
12,18
12,20
13,21
13,22
13,23
13,24
14,21
14,22
14,23
14,24
15,21
15,22
15,23
15,24
16,21
16,22
16,23
17,21
17,22
17,23
17,24
18,21
18,22
19,21
19,22
19,23
19,24
20,21
20,22
20,23
20,24
21,25
21,26
21,27
21,28
22,25
22,26
22,27
22,28
22,29
22,30
23,25
23,36
23,37
24,25
24,26
24,27
24,29
25,31
25,38
25,39
25,40
26,31
26,32
26,33
26,34
26,35
26,40
27,31
27,32
27,34
27,35
27,36
27,37
27,38
27,39
27,40
28,31
28,32
28,33
28,34
28,35
28,36
28,37
28,38
28,39
28,40
29,31
29,32
29,33
29,34
29,35
29,36
29,37
29,38
29,39
29,40
30,31
30,32
30,33
30,34
30,35
30,36
30,37
30,38
30,39
30,40
31,41
31,42
31,43
32,41
32,42
32,43
33,41
33,42
33,43
34,41
34,42
34,43
35,41
35,42
35,43
36,41
36,42
36,43
37,41
37,42
37,43
38,41
38,42
38,43
39,41
39,42
39,43
40,41
40,42
40,43
41,44
41,45
41,46
42,44
42,45
42,46
43,44
43,45
43,46
44,47
44,48
44,49
44,50
44,51
44,52
45,47
45,48
45,49
45,50
45,51
45,52
46,47
46,48
46,49
46,50
46,51
46,52
47,53
47,54
47,55
47,56
48,53
48,54
48,55
48,56
48,57
49,53
49,54
49,56
49,65
50,53
50,54
50,55
50,56
50,57
51,53
51,54
51,55
51,56
51,57
52,53
52,54
52,55
52,56
52,57
53,58
53,59
53,60
53,61
53,62
53,64
54,58
54,59
54,60
55,61
55,63
56,58
56,60
56,62
57,58
57,59
57,65
58,69
59,66
59,72
59,73
60,66
60,67
60,68
60,69
60,70
60,72
60,73
61,66
61,67
61,68
61,69
61,70
61,72
61,73
62,66
62,67
62,71
62,73
63,66
63,67
63,68
63,70
64,66
65,66
65,67
66,75
66,80
66,81
67,74
67,75
67,76
67,77
67,78
67,79
67,80
67,81
68,74
69,74
69,75
69,76
69,77
69,78
69,80
70,134
70,163
70,186
70,187
71,74
71,75
72,74
72,75
72,81
73,74
73,75
73,76
73,77
73,78
73,79
73,80
73,81
74,82
74,83
74,84
74,85
74,86
75,82
75,83
75,84
75,85
75,86
76,82
76,83
76,85
77,82
77,83
78,274
79,82
79,83
79,84
79,85
80,82
80,83
80,84
80,85
80,86
81,82
81,83
81,84
81,85
81,86
82,87
82,88
82,89
82,90
82,91
82,92
82,93
82,94
82,95
83,87
83,88
83,89
83,90
84,93
84,94
85,87
85,88
85,90
85,92
85,95
86,87
86,88
86,89
86,90
86,91
86,92
86,93
86,94
86,95
87,97
87,99
88,100
88,104
89,96
89,97
89,98
89,111
89,113
90,96
90,97
90,98
90,99
90,103
90,104
90,105
90,111
91,96
91,103
91,104
91,105
91,111
91,112
92,96
92,97
92,105
92,111
93,96
93,97
93,98
93,99
93,101
94,130
94,147
94,148
94,149
95,96
95,97
95,98
95,99
95,100
95,101
95,102
95,103
96,106
96,107
96,108
96,109
96,110
97,106
97,108
97,112
98,106
98,107
98,118
99,106
99,107
99,117
99,118
100,106
100,113
101,106
101,107
101,110
101,111
101,113
102,106
102,107
102,108
102,112
102,113
103,106
103,107
103,108
104,106
104,107
105,106
105,107
105,108
105,110
105,113
106,114
106,119
107,114
107,115
107,116
108,114
108,115
108,116
108,117
108,118
108,119
109,114
109,115
109,118
110,114
110,115
110,116
111,114
111,115
111,116
111,117
111,118
112,114
112,115
112,116
112,117
113,114
113,115
113,116
113,117
114,120
114,148
115,120
115,121
115,122
115,123
115,124
115,125
115,126
116,121
116,122
116,139
117,120
117,121
117,122
117,134
118,120
118,121
118,126
119,120
119,147
119,148
120,127
121,127
121,128
121,129
121,138
121,140
121,146
122,127
122,128
122,129
122,130
122,131
123,127
123,128
123,129
123,131
123,140
123,146
124,132
124,134
125,127
125,128
125,133
125,140
126,130
126,140
127,135
127,136
127,149
128,135
128,136
128,137
129,135
129,149
130,135
130,136
131,135
131,136
132,135
132,138
133,139
134,140
134,291
134,331
135,141
135,142
135,143
135,145
136,141
136,144
137,141
137,142
137,143
137,147
137,148
137,149
138,141
138,142
139,141
139,142
139,143
139,146
139,148
140,318
140,340
141,150
142,152
143,150
144,150
145,150
145,151
146,150
146,151
147,151
148,150
148,151
148,152
149,150
149,151
149,152
150,153
150,154
150,155
150,156
150,157
151,153
151,154
151,155
151,156
151,157
151,158
151,159
152,153
152,154
152,155
152,156
152,157
152,158
152,159
153,162
153,164
153,192
154,160
154,179
155,160
155,161
155,162
155,165
155,172
155,174
156,160
156,161
156,162
156,163
156,164
156,165
156,166
156,167
156,168
157,167
158,163
158,165
158,187
159,160
159,161
159,162
159,174
160,402
160,405
161,169
161,171
161,173
161,175
161,176
162,169
162,193
163,171
163,172
164,169
164,170
165,188
166,169
166,170
166,174
167,169
167,170
167,171
168,169
168,170
168,171
169,177
169,178
170,177
170,178
170,179
171,177
171,178
171,179
171,182
171,188
171,189
172,177
172,178
172,193
173,177
173,185
173,187
173,189
174,179
174,180
174,181
175,177
175,178
175,179
175,180
175,181
175,184
176,183
176,186
177,190
177,191
178,190
178,191
178,194
179,190
179,193
179,194
180,190
180,194
181,190
181,191
181,194
182,190
182,191
182,192
183,190
183,192
184,190
184,191
184,192
185,190
185,191
185,193
185,194
186,478
186,496
186,500
187,249
187,261
188,190
188,191
188,194
189,190
189,191
189,194
190,195
190,196
190,197
190,198
191,195
192,195
192,196
192,197
192,198
193,195
193,196
193,197
193,198
194,195
195,199
195,200
195,201
195,202
195,204
195,211
196,199
196,200
196,201
196,202
196,203
196,204
197,199
197,200
197,201
197,202
197,203
197,204
198,199
198,200
199,205
199,206
199,224
200,205
200,206
200,207
200,208
200,209
200,217
201,205
201,206
201,207
201,212
202,205
202,206
202,207
202,210
203,205
203,206
203,207
203,208
203,209
203,210
203,211
204,205
204,208
204,209
205,215
205,218
206,391
206,405
207,213
208,213
208,214
208,223
209,213
209,214
210,213
210,214
211,216
211,220
211,226
211,227
211,228
212,213
212,214
212,215
212,216
212,217
213,219
213,220
213,221
213,222
214,219
214,220
214,221
214,224
214,225
215,219
215,220
215,221
215,225
216,219
216,229
217,219
217,220
217,221
217,222
217,223
218,219
218,221
219,230
219,231
220,229
220,253
221,226
221,227
221,228
222,226
222,227
222,228
222,229
223,226
223,227
223,228
223,229
224,228
225,226
225,235
226,232
226,233
227,232
227,233
228,232
228,233
228,234
228,235
228,236
228,252
228,253
229,232
229,233
229,234
230,232
230,233
230,234
230,235
230,236
230,238
231,232
231,237
231,253
232,239
232,240
232,241
233,239
233,245
233,258
234,239
234,240
235,239
235,259
236,239
236,240
237,239
237,259
238,239
238,240
238,241
238,242
238,243
238,244
238,245
238,246
239,247
239,248
240,247
240,248
240,249
240,250
240,254
241,247
241,248
241,249
241,250
242,247
242,248
242,253
243,247
243,248
243,249
243,250
243,251
243,252
244,248
244,259
244,260
245,247
245,259
246,247
246,248
246,251
247,255
247,256
247,260
247,261
248,257
248,261
249,259
250,255
250,260
250,261
251,255
251,256
251,257
251,258
251,259
251,260
251,261
252,255
252,256
252,257
252,258
252,259
252,260
252,261
253,255
253,256
253,257
253,258
253,259
253,260
253,261
254,255
254,256
254,257
254,258
254,259
254,260
254,261
255,262
255,263
256,262
256,263
257,262
257,263
258,262
258,263
259,262
259,263
260,262
260,263
261,262
261,263
262,264
262,265
262,266
262,267
262,268
262,269
262,270
263,264
263,265
263,266
263,267
263,268
263,270
264,271
264,272
264,273
264,274
264,275
265,271
265,272
265,273
265,274
265,275
266,271
267,271
267,272
267,273
267,274
267,275
268,271
268,272
268,286
269,271
269,272
269,273
269,274
269,286
270,271
270,272
270,273
271,276
271,277
271,278
271,280
271,282
272,336
273,276
274,281
275,276
275,277
275,278
275,279
275,280
275,281
275,282
276,283
276,284
276,287
277,283
277,284
277,285
278,283
278,284
278,285
279,286
280,284
281,283
281,284
281,285
281,294
282,283
283,288
283,289
283,290
283,291
283,292
283,293
284,288
285,288
285,291
285,293
286,292
287,289
287,294
288,295
288,296
288,297
288,298
288,334
289,295
289,310
290,295
290,296
291,295
292,299
293,295
293,296
293,297
293,298
293,301
294,298
294,300
294,301
295,302
295,303
295,304
296,302
296,303
296,305
297,447
297,448
298,302
298,303
298,304
298,307
299,302
299,303
299,304
299,305
299,334
300,302
300,304
300,307
300,334
301,302
301,303
301,304
301,305
301,306
302,312
303,308
304,313
305,311
306,308
306,309
306,310
306,314
306,327
306,328
307,308
307,369
307,374
308,422
309,315
309,316
310,321
311,315
311,316
311,319
311,320
311,322
312,329
313,315
313,316
313,317
313,340
314,315
314,316
314,317
314,318
314,331
314,333
315,438
315,617
316,323
316,325
316,341
316,349
317,323
317,326
317,329
318,323
318,324
318,325
318,326
318,330
318,332
318,334
319,323
320,324
320,327
320,333
321,323
321,331
322,328
323,342
324,635
324,647
325,335
325,336
325,337
326,335
326,336
326,337
326,339
326,341
327,335
328,335
328,336
328,337
329,338
330,339
331,335
331,336
332,335
333,340
334,335
334,336
334,337
334,349
335,343
335,344
335,345
335,347
336,346
336,348
337,344
338,343
338,349
338,358
338,361
339,343
340,343
340,344
341,343
341,344
341,345
341,346
342,343
342,347
343,350
343,351
343,352
344,350
344,351
344,352
344,353
344,354
345,350
345,351
345,352
345,353
346,350
346,351
346,352
347,352
348,350
348,351
349,350
350,355
350,356
350,362
350,363
351,355
351,357
352,356
352,360
353,355
353,356
353,357
353,358
353,361
353,370
354,355
354,356
354,357
354,358
354,359
354,360
354,361
354,370
355,463
356,366
356,387
357,364
357,365
357,366
357,367
357,368
357,371
358,368
358,380
359,364
359,365
359,377
360,364
360,369
360,371
361,364
361,365
361,366
361,371
361,377
362,364
362,370
362,377
363,367
364,372
364,373
364,374
364,375
364,376
364,378
365,372
365,373
365,374
365,375
365,386
366,372
367,372
367,373
367,376
368,372
368,373
368,378
368,387
369,372
369,373
369,377
370,372
371,372
371,373
371,374
371,375
372,379
372,384
373,381
374,379
374,387
375,379
375,552
376,380
376,383
376,385
376,386
377,379
377,380
377,512
378,379
378,382
378,469
379,786
379,887
380,508
381,432
382,435
382,471
382,477
383,388
383,389
384,388
384,389
385,388
386,490
387,388
387,389
388,390
388,391
388,392
389,390
389,391
389,392
390,393
390,394
390,395
390,396
390,397
390,405
391,393
391,394
391,395
391,396
391,397
392,393
392,394
392,395
392,396
392,398
393,404
393,436
393,437
394,399
395,411
395,429
396,399
396,402
397,403
398,400
398,401
398,405
398,410
399,406
399,407
399,408
399,409
399,410
399,411
400,406
400,407
400,408
401,407
402,406
402,407
402,408
402,409
402,410
402,411
403,406
403,407
403,408
404,422
405,406
405,407
405,408
405,409
406,412
406,413
406,414
406,429
406,430
407,412
407,413
407,414
407,430
408,412
408,413
408,414
408,415
409,415
409,416
409,417
410,412
410,413
410,414
411,412
411,413
411,430
412,418
412,419
413,418
413,419
413,420
414,418
414,419
414,420
415,421
415,436
416,418
416,422
417,418
418,423
418,424
419,423
419,426
419,427
420,428
421,423
421,425
421,430
422,427
422,429
423,431
423,432
423,433
423,437
424,436
424,576
425,431
425,432
425,445
426,434
426,437
427,435
427,454
427,467
428,431
428,432
428,433
429,431
429,433
430,431
430,432
430,433
430,434
431,440
432,438
432,439
432,440
433,438
433,439
433,441
433,442
434,687
434,702
435,453
436,438
436,541
436,559
437,438
437,439
437,440
438,665
438,700
438,740
439,443
439,447
439,449
440,446
440,448
440,450
440,470
440,483
441,443
442,443
442,444
442,445
443,451
443,452
443,453
444,451
444,452
445,451
445,470
446,454
446,518
447,529
448,451
449,453
449,455
450,451
451,458
451,484
452,456
452,457
452,459
453,456
453,457
453,460
454,501
455,461
455,481
455,483
455,484
456,462
456,463
456,464
456,465
457,466
457,470
457,492
458,462
458,463
459,462
459,463
459,467
459,475
460,462
460,463
460,468
460,483
461,462
461,463
461,464
461,469
462,473
463,476
464,796
465,625
466,472
466,474
466,475
467,469
467,470
467,471
467,472
467,477
467,486
468,470
469,478
469,479
470,478
470,484
471,478
471,479
471,480
472,478
472,479
472,480
472,481
472,482
472,483
472,500
473,478
473,479
473,480
473,482
473,486
474,930
475,701
476,485
476,497
476,507
477,483
477,496
478,487
478,490
479,576
479,686
479,765
480,489
481,487
481,488
481,489
481,529
482,487
482,488
482,489
482,491
482,493
483,487
484,487
484,517
485,494
486,487
486,488
486,489
486,491
486,492
487,498
487,499
487,559
488,495
488,496
489,494
489,495
490,494
490,497
490,501
490,502
491,494
491,495
492,494
492,500
493,520
493,575
493,579
494,508
494,509
495,702
495,714
496,506
497,503
497,504
497,505
498,503
498,574
499,507
500,503
500,504
500,505
500,506
501,503
501,534
502,503
503,509
504,510
504,513
504,515
505,509
505,510
505,511
505,512
505,530
506,509
506,511
506,522
506,534
507,509
507,512
508,514
509,524
509,573
509,585
510,516
510,517
510,521
511,516
511,517
511,518
512,516
512,522
513,516
513,517
513,518
514,518
514,520
514,523
515,519
515,530
516,525
516,526
516,527
516,531
517,658
517,684
517,712
518,525
518,532
518,533
519,525
519,526
519,527
519,528
520,964
521,527
521,528
521,529
521,536
522,525
522,526
522,669
522,787
522,822
523,530
524,526
524,742
525,873
526,538
526,686
526,702
526,815
527,535
527,570
528,533
528,558
529,533
529,534
529,535
530,533
530,534
530,535
531,597
531,678
531,681
532,536
533,539
533,540
534,571
534,574
534,576
535,537
535,538
535,541
535,542
535,543
536,537
536,538
536,569
537,544
537,550
537,760
538,792
538,828
539,549
539,551
540,544
540,548
541,546
542,544
542,545
542,546
543,544
543,547
544,759
545,763
546,557
547,552
547,553
547,554
547,556
547,558
547,585
548,552
548,555
549,690
549,700
549,753
550,972
551,553
551,554
551,559
552,560
552,561
552,562
552,567
552,569
553,563
553,565
554,560
554,561
555,562
555,564
555,570
555,578
556,560
557,566
557,568
558,560
558,561
559,593
559,605
559,606
560,571
560,572
561,571
562,572
562,576
562,606
563,571
563,572
563,573
564,571
564,572
564,573
565,571
566,574
567,575
567,740
568,571
568,572
568,577
568,578
569,571
569,572
570,571
570,573
570,577
571,579
571,580
571,582
572,596
573,579
573,580
573,581
573,582
574,579
575,708
575,736
576,691
577,583
578,579
578,580
578,581
578,582
578,583
579,584
580,584
580,588
581,584
582,586
582,587
583,584
583,585
584,589
584,590
584,591
584,592
584,593
584,600
585,589
585,590
585,591
585,592
585,593
586,593
586,594
587,595
588,589
588,592
589,596
590,596
591,598
591,688
591,693
592,599
592,601
593,596
593,597
593,598
594,597
594,600
594,667
594,673
595,630
596,602
596,603
597,737
598,873
598,943
599,605
600,604
601,606
601,772
602,607
602,608
602,690
603,607
603,609
604,652
605,618
606,650
607,614
608,610
608,611
609,612
609,613
610,615
610,677
611,615
611,642
612,617
612,618
613,647
614,616
615,799
616,619
616,622
617,619
618,620
618,621
619,623
619,624
619,692
620,626
620,627
620,630
621,628
622,623
622,625
622,629
623,636
624,639
625,631
625,635
625,638
626,632
626,633
627,735
628,634
628,637
628,662
629,631
629,632
629,633
630,631
631,642
632,640
633,640
633,643
634,646
634,647
635,640
635,641
635,642
635,644
636,640
637,797
637,941
638,645
638,658
639,640
639,643
640,651
641,648
641,653
642,649
642,685
642,701
643,648
645,903
646,650
646,652
647,648
648,654
648,655
648,661
649,656
649,711
650,657
650,728
650,739
650,777
651,654
651,655
651,658
652,654
652,659
652,660
653,654
653,662
654,663
654,664
655,667
656,717
656,777
657,663
657,665
657,666
657,669
657,688
658,666
658,752
658,806
659,663
660,663
660,668
660,689
660,712
661,663
661,664
662,663
662,664
663,670
664,676
665,795
665,891
665,896
666,673
667,671
667,675
668,670
668,672
668,674
669,823
670,802
671,681
671,710
672,680
672,683
673,852
674,682
674,761
675,677
675,679
676,677
676,678
676,696
677,684
677,685
677,686
677,687
678,684
679,684
679,685
679,686
679,689
680,684
680,690
681,684
681,688
681,691
682,691
682,692
683,684
684,698
685,693
685,694
685,695
686,754
686,794
687,697
688,788
688,867
689,693
689,790
689,799
690,875
690,893
691,695
691,701
692,696
692,743
693,700
693,722
693,730
693,800
694,699
694,704
695,982
696,702
696,703
696,833
697,724
698,699
698,701
699,705
699,709
700,705
700,801
700,831
700,847
701,707
701,708
701,769
702,705
702,876
702,939
703,722
703,873
704,706
704,710
706,712
707,713
707,715
707,717
707,718
708,733
708,737
709,711
709,714
709,716
709,752
710,711
710,712
710,746
710,777
711,725
711,745
712,719
712,720
713,726
713,851
713,878
713,927
714,721
714,722
714,743
714,799
715,719
715,723
716,720
716,724
717,719
717,720
718,837
718,949
719,729
719,730
719,731
720,844
720,846
720,877
720,904
721,733
721,745
722,835
722,871
723,727
723,734
723,809
723,867
724,727
724,728
724,732
724,776
725,727
725,728
726,727
726,792
726,908
728,735
728,740
728,751
728,770
729,743
729,796
729,806
730,735
730,738
730,744
730,806
731,735
731,737
731,739
731,742
732,736
732,741
733,898
733,964
734,984
735,754
735,833
735,840
736,749
736,801
737,745
737,844
738,751
738,802
739,745
739,795
740,747
741,746
741,753
742,748
742,752
743,747
743,750
744,745
744,844
745,755
745,756
745,757
745,821
746,755
746,788
747,758
747,759
747,760
748,763
749,761
749,859
750,755
750,846
752,762
753,758
753,787
753,816
754,755
754,914
755,835
755,960
756,955
756,987
757,830
759,767
759,847
760,768
761,765
761,901
762,766
762,795
763,764
764,770
765,769
765,864
766,772
767,771
767,953
768,938
769,777
770,773
770,774
770,775
770,778
770,782
770,786
771,915
771,967
772,776
773,779
773,784
773,785
773,792
774,779
774,780
774,781
774,783
775,787
775,807
775,813
776,780
776,782
777,786
777,856
777,902
778,779
778,781
779,837
779,981
779,993
780,788
780,791
780,792
781,789
781,815
782,788
782,863
784,920
785,790
785,793
785,879
785,890
786,948
787,855
787,900
787,978
788,798
788,879
788,902
789,797
789,799
790,812
791,794
791,796
792,827
793,795
793,950
795,984
796,802
797,804
797,845
798,841
799,800
799,801
799,890
800,803
800,804
801,806
802,803
802,804
802,805
802,807
802,808
803,810
803,812
803,814
803,875
804,817
804,892
805,813
805,870
805,960
806,887
807,809
807,810
807,815
807,850
808,809
808,811
808,816
809,859
809,910
810,820
811,819
811,822
811,823
811,825
812,818
812,887
814,818
814,826
814,869
815,821
815,876
815,885
815,902
816,824
818,935
819,903
820,831
820,848
820,892
820,926
821,827
821,879
823,827
823,867
824,830
825,829
825,948
825,989
825,993
826,828
826,832
826,972
827,932
828,837
828,852
828,896
828,926
830,834
830,835
830,836
831,833
832,833
832,838
833,844
834,846
834,847
835,839
835,841
835,842
835,944
835,978
836,840
836,843
836,845
836,922
837,954
838,851
838,862
839,979
840,848
840,851
840,945
841,853
841,857
842,849
843,921
844,902
844,976
845,852
846,943
847,850
847,854
848,933
849,855
850,857
850,858
850,859
851,929
853,970
854,856
855,864
855,916
855,956
856,865
857,882
857,951
857,999
858,861
858,863
858,916
859,860
859,862
859,866
860,872
861,873
861,905
862,973
863,871
864,876
864,877
865,867
865,869
865,870
865,875
865,876
866,868
866,874
867,878
867,879
867,883
868,978
870,937
870,943
871,880
872,914
872,935
873,910
873,922
873,939
875,882
876,930
876,941
877,881
878,888
879,886
879,887
880,884
880,885
881,889
881,890
882,945
883,892
884,891
884,895
885,897
886,892
886,896
886,898
887,893
888,890
889,894
889,986
890,936
891,902
893,899
893,900
893,903
897,901
897,990
898,972
899,977
900,907
901,913
901,961
902,918
903,904
903,905
903,906
904,911
906,909
907,908
907,910
907,912
908,913
909,916
909,918
910,917
911,990
912,914
912,915
914,922
914,925
915,926
916,920
916,955
917,924
917,934
918,919
918,921
918,923
918,973
918,979
919,986
920,929
921,931
922,928
922,933
923,927
923,932
924,930
927,936
927,950
928,934
929,981
929,982
930,938
931,935
931,937
932,938
932,939
933,958
934,942
934,944
935,940
935,941
935,952
936,943
936,987
937,947
938,945
938,993
939,946
939,955
940,953
942,949
942,950
943,951
943,985
944,997
945,952
945,954
945,980
946,948
947,955
948,961
948,994
949,958
949,959
950,964
951,957
951,961
951,962
952,964
953,956
953,960
954,962
957,963
957,967
958,969
959,996
960,966
960,968
961,964
962,965
963,983
964,974
964,975
965,970
968,971
969,972
969,973
969,976
970,977
971,978
971,981
976,979
976,980
976,996
978,982
979,981
979,983
979,984
979,985
980,983
980,986
981,991
981,992
982,990
983,989
985,988
986,987
987,994
988,993
988,998
989,995
990,996
990,1000
991,999
992,997
<end>