<number of tasks>
20
<cycle time>
1000
<order strength>
0.279
<z_alpha>
1.645
<task times>
1 464 33204.7768
2 154 5076.4419
3 506 53743.1236
4 476 9043.0066
5 77 1397.7293
6 155 2369.0964
7 340 324.2444
8 467 4758.0776
9 94 988.2467
10 65 439.2874
11 192 1584.8565
12 127 1795.3317
13 204 3288.3565
14 108 1273.3046
15 481 42898.2781
16 213 3978.7800
17 116 1379.0739
18 74 1338.8752
19 220 12073.5838
20 117 2494.8779
<precedence relations>
1,9
2,9
3,9
4,9
5,11
5,12
8,10
9,13
9,14
9,15
9,16
14,17
15,18
17,20
18,19
<end>