<number of tasks>
20
<cycle time>
1000
<order strength>
0.816
<z_alpha>
1.645
<task times>
1 335 476.4987
2 121 790.7657
3 106 82.4297
4 151 1097.0681
5 194 1537.6655
6 109 15.9478
7 73 295.1207
8 55 179.4199
9 60 25.1647
10 206 464.6814
11 92 235.5325
12 189 1042.9466
13 115 232.5651
14 86 168.5742
15 171 989.3095
16 52 62.7500
17 171 422.0950
18 144 833.7428
19 114 578.2461
20 401 9166.8707
<precedence relations>
1,5
1,6
2,4
3,4
4,5
4,6
5,7
5,8
6,10
6,12
7,9
8,9
9,10
9,11
9,12
10,14
10,15
11,13
11,14
12,13
12,14
12,17
13,16
13,18
14,16
15,16
15,17
16,20
17,19
17,20
<end>