<number of tasks>
1000
<cycle time>
1000
<order strength>
0.895
<z_alpha>
1.645
<task times>
1 61 459.6301
2 126 3637.6504
3 304 6618.8263
4 305 13150.0611
5 220 1625.9507
6 266 785.1503
7 153 3315.6492
8 151 3955.7671
9 229 658.4656
10 231 9738.8187
11 123 2566.0315
12 57 266.3013
13 123 3483.1567
14 123 1759.7149
15 167 2942.7266
16 173 2527.9358
17 174 3494.5636
18 32 202.4715
19 102 29.0644
20 214 10679.8889
21 87 661.3109
22 31 91.2195
23 195 8039.2141
24 196 1800.5414
25 82 463.1311
26 82 1484.7801
27 146 20.1303
28 117 534.6765
29 124 1748.3333
30 139 2393.7523
31 100 1385.6693
32 44 97.5518
33 244 10342.9286
34 136 864.1046
35 206 8999.4777
36 177 6757.2500
37 100 1136.3086
38 84 1402.6773
39 71 408.4204
40 47 414.8834
41 242 10573.6587
42 43 111.2079
43 279 7381.0211
44 113 1761.7086
45 107 380.5778
46 119 1386.5467
47 102 1934.4493
48 184 209.4453
49 177 4234.2897
50 161 6101.4428
51 72 264.8283
52 139 2532.2542
53 99 394.6785
54 90 1545.4759
55 140 3807.0467
56 169 6447.2950
57 116 1219.8223
58 168 1147.4152
59 183 3832.9861
60 146 3571.2670
61 145 3396.8591
62 236 12625.4859
63 36 213.3229
64 80 1488.4390
65 128 2597.2398
66 220 6786.6588
67 92 1515.9281
68 93 336.9240
69 60 469.6126
70 159 3264.5102
71 177 6707.1985
72 61 878.2582
73 133 933.7691
74 245 8441.1159
75 42 403.3040
76 66 78.5335
77 249 5149.3504
78 70 1017.9942
79 156 4914.8799
80 200 52.5579
81 142 1216.9289
82 27 47.4638
83 102 121.1919
84 106 1175.5687
85 141 4729.0092
86 63 888.3750
87 60 680.0720
88 90 1162.6258
89 237 8067.7212
90 67 928.5367
91 117 419.0114
92 95 1418.8111
93 79 498.4603
94 186 3101.1645
95 57 77.9571
96 172 4581.4363
97 61 784.0163
98 144 3715.6229
99 304 6794.1025
100 86 1544.9938
101 151 4721.3074
102 249 3349.4961
103 233 8234.6119
104 84 972.5306
105 183 1945.4453
106 49 269.6799
107 156 5532.0536
108 57 505.1857
109 164 2808.1480
110 202 3364.7600
111 71 156.8189
112 153 678.1565
113 90 135.7771
114 188 4767.3973
115 162 6347.1905
116 138 110.5063
117 72 771.1462
118 43 311.1673
119 197 6981.3211
120 62 670.3131
121 160 5007.2498
122 138 3747.0346
123 49 575.8869
124 260 13243.0490
125 157 1883.5354
126 153 353.4506
127 29 133.7419
128 48 127.6001
129 335 10862.6221
130 44 398.6240
131 58 463.4091
132 78 798.1222
133 202 6803.0120
134 196 1174.1104
135 73 882.6779
136 40 253.6073
137 350 740.7883
138 100 160.0976
139 283 9606.0855
140 78 1286.0398
141 405 6248.1011
142 103 381.4167
143 215 5456.7361
144 97 165.3279
145 103 16.6070
146 194 5620.0399
147 87 66.1711
148 84 1624.3570
149 170 4981.1225
150 210 6331.3393
151 54 230.1724
152 158 175.1405
153 160 3647.6203
154 34 258.1269
155 96 103.1833
156 50 189.4407
157 60 658.5777
158 21 44.9702
159 193 8756.5934
160 85 1347.5695
161 218 5142.3761
162 226 1127.1909
163 211 3542.5479
164 158 6216.8231
165 158 3083.6679
166 93 1268.3715
167 42 353.1255
168 88 1644.1759
169 218 4895.6340
170 121 235.3417
171 151 740.7727
172 58 218.8301
173 289 3434.4083
174 73 1261.2330
175 173 6946.5111
176 165 4429.5959
177 28 62.7626
178 179 7745.8067
179 52 550.0481
180 419 35833.7354
181 172 70.0332
182 165 1790.4744
183 114 1537.5933
184 28 71.4150
185 83 452.1834
186 96 440.3844
187 143 4180.0852
188 226 9985.4923
189 114 2495.4206
190 167 2449.3109
191 148 999.0714
192 157 4175.9032
193 26 97.5348
194 74 736.0769
195 35 115.1540
196 96 109.8856
197 183 6712.3907
198 176 7270.1861
199 162 2903.5160
200 158 2386.9994
201 271 3279.8000
202 75 6.0873
203 57 667.6007
204 100 1962.9879
205 113 2148.5917
206 109 1581.8242
207 249 8365.3307
208 181 6720.2435
209 172 6875.8432
210 206 7694.2237
211 35 229.9162
212 233 10175.4369
213 233 7814.1330
214 97 1913.1598
215 121 3514.1888
216 107 2813.1993
217 225 8583.8383
218 121 2378.7583
219 166 950.4669
220 52 511.4693
221 41 255.5138
222 34 188.0693
223 173 2221.8294
224 191 474.4271
225 65 383.4948
226 127 2537.1315
227 272 7812.2551
228 172 1447.9372
229 113 1950.3135
230 31 198.6200
231 198 9031.7253
232 218 7511.5091
233 25 38.4177
234 102 772.8885
235 162 6192.5814
236 251 13639.2476
237 67 267.1535
238 86 189.8310
239 32 46.5354
240 68 1121.1525
241 114 657.5300
242 190 1203.6910
243 241 890.8508
244 328 1237.2295
245 53 283.7204
246 76 1214.1416
247 109 2414.1130
248 182 6144.7844
249 124 1586.4461
250 182 1608.8312
251 41 365.7185
252 87 744.0647
253 123 1614.3803
254 171 2112.6799
255 133 594.4420
256 77 207.9093
257 200 144.7546
258 63 428.8675
259 86 1465.2565
260 116 1986.6470
261 107 1315.5219
262 51 622.3430
263 133 3874.7285
264 197 8429.4062
265 107 806.5055
266 156 55.1521
267 75 8.1524
268 121 227.3499
269 53 83.4958
270 46 332.8125
271 37 86.7746
272 164 5469.6733
273 157 2349.0937
274 164 5753.6026
275 179 6935.6327
276 76 785.3882
277 236 12705.7417
278 78 1309.8474
279 104 1047.5827
280 58 306.7274
281 73 226.6223
282 101 1288.6045
283 119 3010.0436
284 29 204.4613
285 210 1356.4614
286 196 2722.8819
287 34 50.1131
288 198 5882.9633
289 66 622.0604
290 162 5418.7776
291 155 3127.4214
292 33 150.7536
293 81 857.4349
294 47 71.0509
295 252 3363.7821
296 77 217.0458
297 56 396.7825
298 90 1964.3030
299 140 3136.2619
300 99 1913.5620
301 217 3348.7322
302 119 141.3885
303 186 200.6842
304 152 2072.2798
305 196 3250.2694
306 98 621.2887
307 186 1321.9046
308 189 211.4232
309 183 8365.4307
310 179 7009.0826
311 23 20.7369
312 40 32.5831
313 210 2692.5581
314 44 293.7765
315 204 3686.3778
316 187 5386.6180
317 115 693.7779
318 295 7623.7239
319 21 109.9927
320 43 182.6784
321 207 6847.3092
322 447 16827.1264
323 153 5791.5564
324 162 2786.0791
325 107 2077.4303
326 63 32.8208
327 101 1088.0461
328 138 3181.7792
329 124 3190.9011
330 236 9367.8976
331 195 3432.7837
332 223 11726.5299
333 56 485.7341
334 150 4589.8581
335 95 76.8161
336 104 1553.5644
337 128 715.4355
338 69 647.8203
339 136 4386.8385
340 98 807.1031
341 230 8365.1036
342 175 4356.5448
343 46 36.0886
344 149 159.8307
345 138 2307.6879
346 174 2518.5833
347 81 130.8015
348 61 114.1094
349 93 350.7112
350 77 660.1298
351 372 16465.3327
352 25 60.8829
353 95 903.7525
354 143 4384.3924
355 120 2160.2889
356 85 1447.3519
357 91 389.3753
358 32 7.2597
359 170 6238.7144
360 111 1530.5562
361 104 1767.8141
362 126 2336.5081
363 67 110.6666
364 223 11426.4018
365 48 266.1663
366 218 4320.9569
367 203 6346.9119
368 124 2423.5653
369 209 4677.7027
370 63 886.4356
371 123 2678.7422
372 83 1336.6485
373 107 890.8347
374 261 7772.2496
375 153 4872.4162
376 190 2194.0112
377 69 1170.3280
378 193 1045.2572
379 62 743.4103
380 187 6732.1888
381 188 3793.0612
382 122 2629.7093
383 97 218.9045
384 121 1507.9327
385 74 981.7406
386 149 2259.5668
387 136 3071.8253
388 179 3289.5989
389 211 6738.5544
390 144 5113.3211
391 58 258.1806
392 116 2429.4305
393 54 217.2609
394 126 875.1081
395 248 1598.4411
396 161 1805.0423
397 185 4302.8201
398 211 1664.6069
399 37 159.7629
400 387 3217.4779
401 54 191.5094
402 317 15639.3924
403 163 6217.8857
404 148 1429.6592
405 64 833.7607
406 212 6214.5651
407 197 6462.8452
408 212 1693.5842
409 191 1859.0255
410 53 662.5762
411 129 3932.1584
412 216 7362.2084
413 159 912.7031
414 157 257.5239
415 197 4604.3223
416 49 206.6960
417 53 120.8899
418 156 1492.4135
419 254 14718.8344
420 244 515.0955
421 66 808.3517
422 28 76.1716
423 188 6264.0716
424 61 271.0511
425 147 1979.2816
426 314 14113.0809
427 303 13305.8824
428 52 449.9392
429 85 95.5076
430 75 971.4516
431 128 1427.4876
432 268 13998.7148
433 109 2408.2965
434 165 1888.6506
435 249 6848.0449
436 100 2281.1510
437 169 4120.8078
438 242 5455.4060
439 83 88.6451
440 257 7906.3764
441 21 109.0278
442 64 802.5624
443 65 1051.8582
444 151 2237.5444
445 102 2056.1318
446 97 207.1725
447 37 322.4815
448 57 30.1085
449 99 1084.7509
450 121 896.5121
451 66 995.8625
452 32 47.7608
453 73 882.2811
454 146 2033.5566
455 122 3656.4514
456 97 2088.2593
457 277 17269.6664
458 157 1604.8566
459 218 9948.8218
460 147 4179.9261
461 153 4885.3260
462 51 128.0149
463 51 648.9405
464 310 9383.1555
465 313 17398.3808
466 43 309.6468
467 39 188.6671
468 137 474.5900
469 54 644.0411
470 43 339.9426
471 48 319.7733
472 277 7011.3466
473 172 6479.5420
474 189 8657.4527
475 93 1353.5830
476 64 283.9367
477 23 13.5966
478 36 121.9353
479 77 322.5034
480 240 1663.6390
481 177 2804.4583
482 70 1192.2897
483 51 522.6982
484 121 1957.4354
485 91 795.6927
486 110 2625.4579
487 60 132.9582
488 320 14271.8845
489 256 1541.0825
490 82 1044.9813
491 182 1432.4560
492 116 2001.0156
493 218 3704.5331
494 189 4669.3444
495 89 588.7312
496 29 73.3092
497 81 575.8299
498 305 15982.6725
499 152 3348.5339
500 63 561.8580
501 297 9843.6184
502 140 63.3972
503 137 3712.5174
504 54 290.9457
505 74 1289.0142
506 155 5431.1665
507 78 130.5215
508 98 505.1146
509 25 92.7819
510 332 13108.4170
511 195 9078.9399
512 25 127.8281
513 282 8380.6948
514 52 91.1201
515 92 1621.4771
516 136 3213.4847
517 171 4971.4747
518 35 82.2981
519 191 4642.3827
520 102 263.8101
521 196 8922.7316
522 32 210.3297
523 229 5160.5456
524 233 7233.4999
525 70 325.4814
526 170 1879.9103
527 208 6097.1849
528 93 132.3521
529 104 1825.1845
530 24 98.9523
531 117 2686.9202
532 133 1145.8151
533 223 6953.9837
534 179 7002.8312
535 121 722.1567
536 210 9861.9940
537 169 1425.2154
538 72 900.5313
539 59 221.3749
540 120 1297.1973
541 191 4193.4804
542 100 197.8115
543 81 1492.3407
544 124 1618.1962
545 107 2030.4177
546 91 1314.1646
547 77 1340.1457
548 201 348.9855
549 342 18187.8277
550 151 3983.1775
551 58 234.2872
552 72 1173.3550
553 73 184.0800
554 221 4389.4149
555 172 5269.8416
556 163 4537.3925
557 58 120.7528
558 61 806.7815
559 193 7412.2449
560 47 506.5080
561 187 8014.2257
562 76 496.5649
563 166 4276.1276
564 110 2879.4118
565 182 4609.8845
566 70 1096.2461
567 141 3219.7611
568 141 3860.3339
569 42 412.5741
570 184 360.1539
571 132 2722.4984
572 229 10386.0276
573 43 331.9242
574 299 12521.6789
575 139 1998.9215
576 147 3620.1870
577 93 307.2348
578 180 3107.8640
579 26 43.5276
580 59 438.8543
581 175 2440.5222
582 245 7446.0180
583 215 31.6130
584 175 4122.4691
585 135 4313.6465
586 253 4377.9986
587 140 354.5117
588 175 834.6186
589 199 7467.8513
590 123 1617.0836
591 64 132.9126
592 73 69.8056
593 135 2625.0044
594 145 796.9117
595 122 2879.8772
596 39 150.9962
597 53 67.2738
598 116 1182.1540
599 63 714.2785
600 255 9900.8784
601 22 97.5186
602 146 5255.9318
603 57 438.8817
604 169 640.4345
605 162 5298.3634
606 206 1123.9984
607 306 13257.1664
608 56 567.2123
609 60 766.7713
610 243 3248.2072
611 133 891.6613
612 36 285.6001
613 134 1383.8389
614 121 2808.5977
615 265 2168.4618
616 140 2294.6819
617 123 47.9105
618 100 1889.1766
619 144 2519.7817
620 116 2868.3066
621 183 2508.6950
622 47 305.9011
623 29 41.0968
624 156 1303.8971
625 133 190.7753
626 87 1802.4312
627 128 1988.7533
628 113 1077.8186
629 228 12653.1833
630 241 11393.4255
631 159 3815.0582
632 136 4415.4882
633 125 3149.6233
634 230 7993.7474
635 46 510.2757
636 130 4114.7638
637 132 1519.0224
638 43 274.0271
639 119 2059.5923
640 171 676.0045
641 295 19496.8174
642 299 9087.7115
643 61 858.3226
644 40 67.8220
645 31 48.8174
646 34 254.7902
647 39 337.6784
648 179 2609.2226
649 160 1313.2688
650 311 14572.3516
651 80 1012.0818
652 80 1521.0662
653 145 296.3761
654 87 149.3572
655 143 2121.3612
656 193 7487.6681
657 90 1177.4632
658 215 8343.5861
659 101 170.5184
660 56 376.7654
661 80 1065.7523
662 159 3517.7542
663 114 1703.7096
664 103 1101.1314
665 64 949.5853
666 190 4006.8981
667 160 4296.1946
668 62 627.0692
669 56 751.5168
670 73 998.8225
671 216 10567.5309
672 211 9897.1507
673 180 1745.8065
674 89 656.3708
675 61 745.4612
676 164 5312.1582
677 167 4708.5401
678 74 258.1571
679 129 1162.3153
680 50 252.4175
681 98 288.9933
682 201 6718.9936
683 250 14032.3599
684 214 7925.5865
685 278 9785.4306
686 115 2431.4323
687 165 4622.8888
688 99 1702.6822
689 143 2149.6745
690 81 145.0391
691 84 1085.4172
692 75 877.1081
693 44 361.1235
694 197 9487.1568
695 65 587.1318
696 82 1655.5995
697 102 479.5788
698 71 1086.7476
699 71 228.3986
700 187 4551.4799
701 148 4988.4376
702 122 2652.8154
703 167 1218.1469
704 180 417.9963
705 181 3623.7799
706 158 1882.0069
707 32 217.0889
708 75 190.5104
709 84 848.2158
710 85 64.5627
711 127 2060.5550
712 286 20159.3560
713 249 12779.0429
714 121 3536.8320
715 236 3996.0869
716 238 6173.7869
717 79 1.2702
718 173 382.2669
719 76 1429.1785
720 174 7430.7507
721 153 1619.4300
722 162 6081.8944
723 152 2778.7580
724 173 1024.4326
725 108 2529.5167
726 161 4705.6491
727 130 987.1186
728 141 2360.8322
729 141 3539.3978
730 50 77.2649
731 81 101.4802
732 82 774.4630
733 61 23.1038
734 93 1991.4903
735 209 7146.0714
736 38 124.1598
737 49 101.0118
738 137 3682.7887
739 132 3276.5756
740 127 1409.0634
741 142 1281.2453
742 159 3756.5393
743 161 3029.7730
744 180 6323.6624
745 200 6867.4659
746 210 5670.7543
747 102 429.1056
748 44 359.8565
749 120 2878.4617
750 184 5225.5741
751 84 1004.0592
752 150 1084.2746
753 302 10771.6867
754 105 1761.9932
755 174 56.4127
756 142 4695.2760
757 136 2020.1201
758 85 988.9482
759 188 2613.1454
760 136 1300.8744
761 80 194.3266
762 46 19.5724
763 121 2835.7362
764 203 10050.0816
765 74 427.7366
766 148 618.3847
767 218 4063.2462
768 102 839.4658
769 216 8118.0648
770 191 7850.8284
771 53 59.0922
772 79 552.3336
773 159 2608.4311
774 76 785.0333
775 120 103.4642
776 88 1780.1276
777 110 2080.1306
778 122 1878.9576
779 242 8349.7785
780 144 2039.0099
781 41 396.4129
782 138 698.1544
783 171 6193.7604
784 256 1357.8066
785 236 1877.0174
786 78 1143.9238
787 50 157.8693
788 101 515.0656
789 214 3999.7361
790 82 453.4968
791 97 953.1831
792 240 13235.2854
793 56 133.0038
794 279 3801.6576
795 144 2464.8710
796 117 1609.8995
797 220 7003.3856
798 119 482.9584
799 125 302.0969
800 121 1362.9275
801 118 16.8220
802 147 4270.0927
803 217 11348.1381
804 60 380.3325
805 32 131.9595
806 98 66.9900
807 164 4999.2127
808 341 13746.0805
809 190 5124.8289
810 122 2645.0779
811 155 33.2574
812 148 4175.1507
813 164 5024.5368
814 145 2429.2408
815 218 2827.5963
816 230 12256.4118
817 228 9803.0299
818 191 3441.2617
819 185 1502.7267
820 178 5519.2763
821 140 3074.7840
822 85 1381.1044
823 168 5049.8619
824 117 931.2802
825 177 5229.8927
826 105 1244.5170
827 103 1257.6549
828 284 7639.5645
829 38 300.7909
830 73 609.5771
831 188 5618.1731
832 33 83.5186
833 323 9010.4297
834 133 133.1614
835 39 287.9154
836 192 2725.3828
837 92 91.2274
838 56 434.3452
839 100 720.6529
840 129 1532.5640
841 271 11547.6183
842 87 1476.7849
843 263 5030.8890
844 151 2551.0869
845 81 52.2565
846 180 1178.6914
847 69 1118.3784
848 151 1891.2517
849 75 1014.6265
850 199 1918.5310
851 126 55.7677
852 60 831.4131
853 210 1094.2110
854 198 5317.5919
855 130 4093.9338
856 91 1096.3928
857 55 480.6763
858 197 1421.3375
859 43 160.5763
860 72 64.9839
861 124 855.5592
862 231 7515.7345
863 75 396.1015
864 253 1909.4006
865 181 3724.6269
866 222 9187.8329
867 113 1274.9982
868 90 201.1883
869 173 1083.6807
870 129 600.8961
871 131 429.7101
872 31 235.8575
873 61 858.5718
874 101 959.4769
875 92 106.0367
876 101 1535.7386
877 270 2265.2035
878 226 6558.6193
879 30 102.8345
880 179 7919.3024
881 105 1190.5825
882 249 12951.0309
883 113 1748.6533
884 58 653.1314
885 84 578.1482
886 158 2459.3004
887 105 103.3036
888 97 2162.1431
889 117 1502.6991
890 295 16709.5843
891 92 1401.3813
892 86 861.8511
893 171 2293.5746
894 168 3978.6480
895 27 100.5239
896 132 1603.9694
897 46 432.0285
898 112 2214.3427
899 180 7648.3214
900 228 48.9507
901 179 7506.6596
902 23 37.3045
903 61 874.3540
904 194 3409.4877
905 127 2525.9767
906 86 309.3899
907 60 124.2021
908 55 165.9520
909 31 144.7070
910 99 2052.4839
911 88 538.9563
912 53 5.2684
913 30 213.5856
914 238 8530.8662
915 55 618.3208
916 136 354.8102
917 108 412.8839
918 105 1364.2067
919 29 68.9862
920 326 2505.6450
921 279 18711.9832
922 52 482.6021
923 143 459.2548
924 80 1294.6991
925 54 551.7327
926 152 1974.3376
927 37 63.7106
928 149 4775.4320
929 203 1447.2933
930 94 982.9224
931 132 2351.3075
932 66 583.4686
933 148 1908.6383
934 170 4357.2495
935 200 9012.3937
936 33 90.4390
937 145 615.8500
938 62 193.1737
939 219 5752.8094
940 86 1533.2622
941 193 5622.4862
942 98 401.2357
943 193 5000.1791
944 238 8578.8571
945 169 1045.3627
946 113 2314.4949
947 166 1330.0435
948 39 239.3133
949 136 2759.3402
950 217 10463.4222
951 176 2550.8452
952 181 7597.2468
953 147 3987.1001
954 62 18.2978
955 61 300.8922
956 82 898.7879
957 170 2157.0845
958 117 1939.4611
959 216 5044.3335
960 122 907.4059
961 63 41.7344
962 94 643.2633
963 205 1730.9635
964 212 2761.8573
965 268 1787.1671
966 244 5458.8942
967 97 2221.6739
968 104 2330.5778
969 33 253.4168
970 34 280.3951
971 175 1327.1223
972 138 4297.0094
973 54 497.8890
974 196 8661.5267
975 230 6144.3650
976 145 1844.6222
977 163 5242.6653
978 179 7710.9370
979 223 12222.2394
980 34 253.2057
981 240 1270.3193
982 293 7581.0611
983 113 1153.4752
984 146 2110.3637
985 240 7982.6254
986 170 7131.8441
987 49 555.6369
988 260 12115.6160
989 63 367.4158
990 309 18536.6543
991 121 2521.5668
992 219 8097.9682
993 61 14.5142
994 138 1897.7949
995 278 15969.1684
996 156 4068.0242
997 202 4242.3547
998 66 202.8066
999 106 2744.0211
1000 97 2272.4497
<precedence relations>
1,10
1,12
1,17
2,10
2,11
2,12
2,13
3,10
3,11
3,12
3,13
3,17
4,233
5,10
5,11
5,17
6,10
6,11
6,12
6,15
6,17
7,10
7,11
7,14
7,17
8,10
8,11
9,10
9,11
9,12
9,13
9,15
9,16
9,17
10,18
10,19
10,20
10,21
10,22
10,23
10,24
11,18
11,20
12,22
12,23
12,24
12,29
13,18
13,19
13,24
13,30
14,30
14,36
15,18
15,19
15,20
15,21
16,18
16,19
16,20
16,21
16,23
16,24
16,30
17,18
17,19
17,20
17,21
18,29
19,25
19,26
19,27
19,28
20,25
20,26
20,27
20,28
21,25
21,26
21,27
21,28
21,29
22,27
22,30
22,32
22,33
23,25
23,26
23,36
23,37
24,25
24,26
24,37
25,32
26,31
26,32
26,33
27,34
27,36
27,37
28,31
28,32
28,34
28,35
28,36
28,37
29,31
29,32
29,33
29,34
29,37
30,31
30,35
30,37
31,38
31,39
31,40
31,41
31,42
32,38
33,218
33,313
34,38
34,39
34,40
34,41
34,42
35,38
35,39
35,40
35,41
35,42
36,38
36,39
36,40
36,41
36,42
37,38
37,39
38,43
38,44
38,45
38,46
38,52
38,54
39,43
39,44
39,45
39,46
39,47
39,48
39,49
40,43
40,44
40,47
40,48
41,87
41,105
42,43
42,44
42,45
42,46
43,50
43,51
43,53
43,56
43,63
44,319
45,50
45,51
45,55
45,56
45,62
46,50
46,51
46,55
46,62
47,50
47,51
47,52
47,53
47,54
48,56
49,51
50,57
50,58
50,59
50,60
51,61
51,77
52,57
52,58
52,59
52,62
53,57
54,57
54,58
54,59
54,63
54,69
55,58
55,63
55,69
56,57
56,59
56,71
57,68
57,86
58,64
58,65
58,66
58,67
58,68
58,70
58,71
58,78
59,64
59,65
59,66
59,67
59,70
59,78
60,64
60,65
60,66
60,67
60,69
60,71
61,64
61,78
62,64
62,65
62,66
62,67
63,64
63,65
63,66
63,67
63,68
64,72
64,73
64,74
64,75
64,76
64,79
64,80
65,72
65,73
65,74
65,75
65,76
65,77
66,72
66,73
66,74
66,76
66,77
66,79
66,80
67,72
67,73
67,74
67,75
67,79
67,80
68,72
68,73
68,74
68,87
69,75
69,76
69,78
70,77
70,87
71,72
71,79
72,81
72,82
72,83
72,96
73,81
73,82
73,83
73,84
73,85
73,96
74,81
74,82
75,81
75,82
75,83
75,86
76,81
76,85
76,86
76,87
76,95
77,81
77,82
77,83
77,96
78,81
78,82
78,83
78,87
79,81
79,82
79,83
79,84
79,85
79,86
79,87
80,81
80,82
80,83
80,84
80,85
80,87
81,88
81,89
81,90
81,91
81,92
81,93
81,94
82,88
82,89
82,90
82,91
82,92
82,95
82,102
83,88
83,89
83,93
84,89
85,174
86,88
86,89
86,94
87,96
88,97
88,99
88,100
89,97
89,98
90,97
90,98
91,97
92,97
92,105
93,97
93,98
93,99
93,100
93,101
94,97
94,98
94,101
94,102
95,103
95,104
96,97
96,98
96,99
97,109
97,198
98,111
99,106
99,107
99,108
99,111
100,106
100,107
100,108
100,111
101,106
101,107
101,108
101,109
101,110
101,111
102,106
102,107
102,108
102,110
102,111
103,106
104,106
104,119
105,106
105,107
105,108
105,109
105,110
106,112
106,113
106,114
107,112
107,113
107,114
107,115
107,116
107,117
107,118
107,119
108,112
108,113
108,114
108,115
108,116
108,117
109,186
110,112
110,115
110,118
111,112
111,113
111,114
111,115
111,116
111,117
111,119
112,120
112,121
112,122
112,123
112,124
113,120
113,121
113,122
113,123
113,124
114,120
114,121
114,130
115,120
115,121
115,122
116,120
116,122
117,120
117,123
117,124
118,121
118,143
119,120
120,127
120,128
120,131
120,137
121,125
121,126
122,125
123,125
123,126
123,128
123,130
124,125
124,126
124,127
124,128
124,129
125,132
125,134
125,137
125,144
126,132
126,144
127,133
127,138
127,144
128,132
128,133
128,134
128,135
128,136
128,138
129,132
129,136
130,132
131,132
132,139
132,141
132,149
133,139
134,140
134,164
135,139
135,140
135,141
135,142
135,143
135,144
136,139
136,140
136,141
136,142
136,144
137,176
137,180
137,182
137,185
138,139
138,140
138,143
139,145
139,146
139,147
139,148
140,148
140,149
140,171
141,324
142,520
142,525
143,145
143,146
143,147
143,149
144,145
144,146
144,147
144,148
145,150
145,151
145,152
145,153
145,154
145,155
146,150
146,151
146,152
146,154
147,150
147,151
147,152
147,153
147,154
147,155
148,150
148,151
148,152
148,153
148,156
149,150
149,185
150,157
150,158
151,157
151,158
151,160
152,157
152,162
153,157
153,158
153,159
153,160
153,162
153,163
154,159
154,161
154,163
154,164
155,157
155,158
155,159
155,160
155,161
155,162
156,157
156,158
157,479
157,524
158,165
158,168
158,170
159,613
159,643
160,165
160,189
160,190
161,165
162,165
162,166
162,167
162,173
163,165
163,166
163,167
163,168
164,165
164,166
164,167
164,169
164,170
164,171
165,172
165,176
166,172
166,174
166,175
166,176
167,172
167,183
168,183
169,172
169,173
169,174
169,175
169,176
170,172
170,173
171,174
172,177
172,178
172,191
173,177
173,178
173,179
173,180
173,181
173,182
173,189
174,177
174,182
174,185
174,191
175,177
175,178
175,179
175,180
175,181
175,182
175,183
175,184
175,185
176,177
176,178
176,179
176,181
176,183
176,184
177,186
177,192
177,197
178,317
179,186
179,187
179,188
179,198
180,466
181,188
181,191
181,192
182,190
183,186
183,187
183,188
184,186
184,192
184,197
185,186
185,187
185,188
185,189
185,190
186,193
186,194
186,195
186,196
186,199
187,193
187,194
187,195
188,193
188,194
188,195
188,197
189,575
190,195
190,198
190,209
191,193
191,194
191,195
192,193
192,194
192,195
192,196
192,198
192,199
193,200
193,201
193,202
193,203
193,204
194,200
194,201
194,202
194,204
195,202
195,203
195,210
195,212
196,200
197,200
197,201
197,202
197,203
197,204
198,200
198,201
198,203
199,200
199,201
199,202
199,203
199,209
200,205
200,206
200,207
200,212
200,222
201,205
201,206
201,210
201,222
202,205
202,206
202,207
203,205
203,206
203,207
203,211
203,222
204,205
204,206
204,207
204,208
204,209
204,210
204,211
204,212
205,216
205,219
205,224
205,227
205,229
206,213
206,214
206,215
206,242
207,213
207,217
207,218
208,213
208,214
208,215
208,216
208,217
208,222
209,215
209,412
209,513
209,552
210,213
210,214
211,213
211,220
211,221
211,228
212,213
212,214
212,242
213,224
213,227
214,490
215,600
216,225
216,226
216,228
217,223
217,234
218,277
219,223
220,223
220,224
220,225
220,229
221,223
221,235
222,462
222,475
223,232
223,233
224,230
224,231
224,232
224,234
224,235
225,366
226,430
227,230
227,236
227,243
228,306
229,377
229,391
230,237
230,238
230,239
230,240
230,241
231,407
231,411
232,237
232,238
232,239
233,237
233,238
233,239
233,240
233,242
233,243
234,237
234,238
234,239
234,240
234,243
235,237
236,237
236,238
237,244
237,246
238,248
238,312
239,244
239,245
240,244
240,245
240,246
240,247
240,248
240,249
241,278
241,281
242,244
242,246
243,247
243,274
244,250
244,251
244,252
244,270
245,250
245,251
245,252
245,253
246,250
246,251
246,252
246,270
247,250
248,356
248,364
249,250
249,251
249,253
249,254
250,255
250,298
251,255
251,256
251,257
251,258
252,255
252,260
252,261
253,255
253,256
253,257
253,262
254,257
254,259
255,267
256,263
256,266
256,269
256,292
257,263
257,264
257,265
257,266
258,331
259,263
259,265
259,270
260,263
260,264
260,265
260,268
260,277
261,263
261,264
261,265
262,263
262,292
263,271
263,290
264,271
264,275
265,271
266,271
266,274
267,271
267,272
267,276
268,271
268,272
268,273
268,274
268,278
269,277
270,271
270,272
270,273
270,298
271,279
271,280
271,281
272,279
272,282
272,286
273,279
273,280
273,281
273,282
274,279
274,284
275,279
275,280
275,281
275,283
276,597
277,281
277,319
278,279
278,280
278,285
278,298
279,287
279,288
279,289
279,291
280,287
280,319
281,287
281,288
282,287
283,287
283,290
283,313
284,291
285,287
285,288
285,289
286,287
286,292
287,293
287,299
288,293
288,294
288,336
289,293
289,294
289,295
289,296
289,297
290,293
290,294
290,298
291,297
291,318
292,294
293,304
294,349
294,368
295,305
296,306
297,300
297,301
297,319
297,320
298,300
298,301
299,302
299,303
300,307
301,307
301,308
302,307
303,307
303,308
303,309
303,310
303,311
303,312
304,307
304,308
304,309
304,310
305,313
306,309
306,310
306,311
306,318
306,319
307,314
307,315
307,316
307,317
308,754
308,926
308,967
308,994
309,664
309,677
309,690
309,693
310,314
310,316
311,314
311,320
312,314
312,315
312,318
313,314
313,315
313,316
313,317
313,319
314,321
314,322
314,323
314,324
315,322
316,324
317,321
318,321
319,321
319,323
319,336
319,337
319,338
320,321
320,322
320,323
320,324
320,325
321,326
321,327
321,328
321,329
321,330
322,326
322,327
322,331
323,326
323,342
324,326
324,327
325,326
325,327
325,328
325,329
325,330
325,332
326,333
326,344
327,333
327,352
328,333
328,334
328,335
328,339
328,340
328,341
329,333
329,340
329,344
330,333
330,334
330,341
331,333
331,334
331,337
331,338
332,336
332,341
333,343
334,366
334,369
334,370
334,371
334,372
335,342
335,343
335,344
336,342
336,343
336,344
337,342
337,343
337,344
338,342
338,343
338,344
339,342
339,343
340,342
340,343
341,342
341,357
342,345
342,349
342,352
342,358
343,345
343,346
343,347
343,348
343,349
343,350
343,351
344,346
344,347
344,348
344,352
344,358
345,353
345,354
345,355
345,356
346,353
346,354
347,353
347,354
347,355
347,362
347,363
348,353
348,354
348,356
349,353
349,354
349,370
350,358
351,353
351,354
351,355
351,356
351,357
352,354
353,359
353,360
353,361
353,364
354,359
354,360
354,377
355,359
355,360
356,359
356,360
356,361
356,362
356,363
357,359
357,360
357,363
358,362
359,365
359,371
360,365
360,366
360,367
360,372
361,365
361,366
361,367
361,369
361,372
362,365
362,366
362,367
362,368
362,369
363,365
363,366
363,368
363,370
364,963
365,374
366,373
366,374
366,375
366,376
367,427
367,438
368,373
369,377
370,373
370,374
370,376
370,377
371,497
371,524
372,373
372,374
372,375
373,378
373,379
373,380
374,378
374,382
374,383
375,378
375,379
375,380
375,384
376,378
376,381
377,379
377,402
378,385
378,387
379,385
379,387
380,385
381,385
381,386
381,387
382,388
382,389
383,385
383,386
384,537
384,689
385,390
386,392
386,396
387,390
387,393
388,395
389,391
389,394
389,533
390,397
390,426
390,427
391,508
392,398
392,399
393,593
394,541
394,571
395,397
395,423
396,397
396,400
396,401
396,402
396,403
397,410
397,411
398,404
399,404
399,405
399,406
399,407
400,404
400,405
400,406
400,413
401,404
401,408
401,413
402,407
403,409
403,412
403,427
404,414
404,415
404,416
404,417
404,418
404,419
405,414
405,415
405,416
405,418
406,648
406,658
407,414
407,417
407,427
408,414
408,415
408,419
409,414
409,415
410,414
411,414
412,643
413,416
414,422
414,424
414,425
415,616
416,420
416,421
417,426
418,420
418,421
418,423
418,424
418,427
418,432
419,578
420,428
420,429
421,428
421,429
421,430
422,430
422,433
422,434
423,428
423,429
424,428
424,429
424,431
424,433
424,434
425,428
425,429
425,430
425,432
425,433
425,434
426,428
426,429
426,430
427,428
427,433
428,435
428,439
429,437
429,442
429,443
430,435
430,436
430,437
430,438
430,439
431,435
431,436
431,437
431,438
431,439
432,435
432,436
432,437
432,438
432,449
433,435
433,436
433,437
434,435
435,440
436,440
437,440
437,441
437,444
437,445
438,440
438,441
438,457
439,440
439,442
439,443
440,446
440,451
440,461
441,446
441,447
441,459
442,446
442,447
442,459
443,446
443,447
443,448
443,449
443,452
444,452
444,459
445,446
445,450
446,453
446,454
446,455
446,456
446,460
447,453
447,454
447,455
447,458
447,461
448,453
448,454
448,461
449,453
449,454
449,457
449,461
450,455
451,453
451,454
451,459
452,453
452,454
452,455
452,456
452,457
452,460
452,461
453,462
453,463
453,464
453,465
453,466
454,462
454,463
454,464
454,467
454,475
455,462
455,463
455,464
455,465
456,462
456,463
456,466
456,475
457,462
457,463
457,464
458,665
459,465
459,480
460,462
461,462
461,474
461,475
462,468
462,469
462,470
462,472
462,473
463,469
463,470
464,527
464,567
465,468
465,469
465,471
465,475
466,468
466,469
466,474
466,492
467,468
467,469
467,491
467,492
468,476
469,476
470,476
471,629
471,645
471,652
472,477
473,476
473,477
473,478
473,479
473,480
474,556
475,476
475,477
475,479
475,483
476,481
476,490
476,493
477,481
477,482
477,484
477,485
477,486
477,493
478,482
479,575
480,483
481,487
481,488
481,489
482,487
482,488
483,492
483,493
484,489
484,490
485,491
486,487
486,502
487,494
487,495
487,498
488,494
488,495
488,497
488,499
488,503
489,496
489,581
490,494
490,495
490,496
491,508
492,494
493,496
493,725
494,500
495,500
495,501
495,505
495,506
496,504
496,671
497,500
497,502
498,501
498,503
498,546
499,500
499,501
500,507
500,508
500,509
500,513
501,510
501,511
501,512
502,507
502,508
502,509
502,510
503,621
503,780
504,621
504,679
504,699
505,615
505,659
506,507
506,508
507,515
507,516
507,517
507,519
507,527
508,514
508,515
509,514
510,632
511,514
512,520
513,518
514,522
515,528
516,523
516,525
517,521
517,522
517,551
518,521
518,527
519,521
519,526
519,528
519,529
519,536
520,521
520,522
520,524
521,530
522,530
522,534
522,535
522,536
523,554
524,531
524,540
525,541
526,786
526,823
527,617
528,530
528,532
528,537
528,542
529,530
529,531
529,533
529,542
530,538
530,539
530,540
531,583
532,541
533,538
533,539
533,552
534,539
534,542
535,540
536,538
536,552
537,680
537,714
538,543
538,544
538,545
538,547
539,544
540,543
540,545
541,543
541,546
542,543
542,544
542,545
543,548
543,549
543,550
544,548
544,549
544,550
544,592
545,567
546,548
546,551
546,552
546,592
547,548
547,553
548,581
549,554
549,563
550,554
550,559
551,554
551,555
552,554
552,555
552,556
552,557
553,554
553,555
553,556
553,557
553,558
553,559
554,565
555,560
556,560
556,563
557,984
558,560
558,564
559,561
559,562
560,569
561,566
561,567
561,568
562,566
562,570
562,591
563,566
563,567
564,571
565,566
566,600
567,572
567,573
567,574
567,598
568,572
568,573
569,572
569,575
570,572
571,576
572,579
572,581
572,584
572,585
573,577
573,578
573,579
573,580
573,581
574,577
575,577
575,583
575,586
575,602
576,577
576,578
576,582
577,591
578,587
579,597
579,638
580,934
580,948
581,589
582,587
582,588
582,589
582,592
583,593
583,625
584,615
584,704
585,587
585,588
585,590
586,647
586,657
587,594
587,595
587,597
587,599
587,609
588,602
588,659
588,664
589,594
589,595
589,600
590,594
590,596
590,603
590,604
591,597
591,601
592,594
593,594
593,598
594,605
594,606
595,605
595,606
595,607
595,608
596,634
597,605
598,605
598,606
598,608
598,609
599,605
599,606
599,624
600,605
600,638
601,729
601,870
602,606
603,739
603,781
603,792
605,611
605,614
606,795
606,828
607,610
607,611
607,612
607,615
608,613
608,617
609,616
610,618
610,619
610,620
610,625
610,638
611,641
611,704
612,679
613,618
613,626
614,618
614,620
614,623
615,649
615,714
616,618
616,619
616,621
617,619
617,622
617,624
618,627
618,628
618,629
618,652
619,645
620,629
620,631
621,737
622,627
622,628
622,630
622,652
623,627
623,628
623,629
623,652
624,670
624,696
624,701
625,627
626,628
627,637
628,632
628,633
629,634
629,636
629,639
630,638
631,632
631,633
631,635
631,640
632,641
632,642
633,760
633,784
634,641
634,642
635,643
635,697
636,678
636,685
637,644
637,657
638,715
639,641
640,641
641,648
641,660
642,646
642,647
642,649
642,650
642,651
643,652
644,645
644,646
644,653
644,658
645,654
645,655
646,656
647,841
648,663
649,654
650,654
650,655
650,657
651,748
652,658
653,655
654,660
654,661
655,659
655,662
656,659
656,663
657,818
657,833
658,659
658,678
658,699
659,665
659,666
659,669
660,664
660,665
661,760
662,668
662,669
663,667
663,676
663,697
664,674
665,838
666,670
666,671
666,673
666,725
667,672
667,677
667,687
668,676
668,753
669,675
669,682
670,909
670,941
671,681
671,729
672,768
673,831
674,678
674,680
674,684
675,683
675,763
676,679
676,751
676,801
677,682
678,736
678,781
679,690
679,852
680,685
680,686
681,687
681,689
681,703
682,688
683,796
683,833
684,685
685,697
686,713
686,766
687,715
688,691
688,695
688,696
689,692
689,693
689,727
690,694
690,889
691,698
692,749
692,798
692,848
693,701
693,728
693,784
694,918
695,714
696,698
696,700
696,702
697,698
697,699
698,703
698,705
698,706
698,719
699,823
699,859
700,703
700,707
701,704
702,703
702,708
702,709
703,710
704,730
704,741
704,788
705,710
705,711
705,712
706,815
706,824
706,898
707,714
707,719
708,712
708,784
708,788
709,710
709,711
709,713
710,715
710,716
710,720
710,721
711,716
711,733
712,717
712,718
712,730
713,719
713,722
714,715
714,732
715,723
715,726
716,727
717,785
719,728
719,729
720,723
720,724
721,816
721,824
721,930
722,725
723,731
723,733
723,734
723,748
724,777
725,730
726,730
726,735
727,732
727,794
727,808
728,730
729,875
729,876
730,739
730,740
730,742
731,736
731,737
732,834
732,837
733,738
734,884
734,955
734,988
735,741
735,799
736,747
736,750
736,842
737,744
737,749
737,751
738,745
738,749
738,751
739,746
739,861
740,748
740,773
741,746
741,861
741,862
742,743
744,759
744,779
745,752
745,872
746,752
746,758
747,753
747,783
748,771
749,752
749,753
750,754
750,757
751,755
751,756
752,763
753,759
753,764
753,801
753,884
753,886
754,762
755,760
755,761
756,759
756,774
756,884
756,915
757,763
757,765
758,759
758,760
758,835
758,986
759,906
759,942
759,960
760,979
760,990
761,766
761,767
761,770
763,768
764,882
765,769
765,847
766,773
767,795
768,776
768,778
769,771
769,772
769,775
769,777
770,774
770,963
771,786
772,788
772,793
773,779
773,783
773,787
774,781
774,918
774,943
775,780
776,782
776,816
776,972
777,784
778,785
778,860
778,864
779,791
780,789
780,831
780,985
780,996
781,790
781,912
781,924
781,981
783,808
784,841
784,884
785,789
785,790
785,791
785,883
786,793
787,792
788,999
791,794
791,859
792,795
792,796
793,797
794,805
795,798
795,805
796,798
796,799
796,800
796,802
796,803
796,806
797,801
797,804
797,838
798,884
799,810
799,839
799,886
800,808
801,809
801,930
802,807
803,811
803,812
805,807
805,813
806,827
807,977
808,817
808,987
809,837
809,860
810,887
811,814
812,818
812,819
813,815
813,816
813,827
814,821
814,823
814,842
815,825
815,876
815,884
816,822
816,857
816,968
817,868
817,897
817,985
818,820
818,824
820,826
820,829
821,828
821,998
822,830
823,827
824,863
825,878
825,910
825,918
825,954
826,969
826,994
827,831
828,840
828,959
829,832
829,834
829,835
830,833
830,898
830,973
833,949
833,963
834,836
834,838
835,837
835,853
835,994
836,841
836,842
837,851
837,906
837,952
838,839
838,840
838,843
838,844
839,888
840,851
840,969
841,845
841,848
841,849
841,850
842,847
843,846
844,936
846,852
846,855
847,862
847,975
848,857
849,854
849,856
850,853
851,897
852,858
852,864
854,859
854,860
854,861
856,862
856,863
857,917
858,867
858,868
859,866
860,911
861,865
861,866
861,870
863,902
863,952
864,869
864,871
864,894
866,878
866,880
868,875
868,961
869,873
869,877
870,872
870,876
871,874
871,879
871,891
872,883
873,882
874,881
874,884
874,909
876,882
876,885
877,890
879,884
880,881
880,963
881,886
881,887
881,924
881,929
882,888
882,889
882,890
882,891
884,964
884,981
884,996
885,886
885,892
886,893
886,897
887,898
888,896
889,942
889,985
890,899
890,977
891,895
892,894
895,900
895,901
895,904
896,900
896,902
896,903
899,905
899,963
899,979
900,906
900,910
900,924
901,908
902,911
902,921
903,909
905,907
907,912
908,917
908,976
908,989
909,915
909,991
910,914
910,916
910,928
910,937
911,913
911,916
912,919
913,918
914,920
914,923
915,921
916,922
917,924
917,996
918,939
919,928
920,930
921,926
921,927
922,925
923,929
924,978
925,940
925,988
926,933
928,988
929,931
929,932
929,961
930,932
930,934
930,935
931,939
931,941
931,942
933,936
933,937
933,940
933,943
934,939
935,938
935,955
936,946
937,945
937,947
938,950
939,944
939,949
940,951
941,948
944,955
944,956
946,953
946,954
947,957
947,958
948,952
950,953
954,989
955,960
955,982
956,959
956,962
956,966
957,961
957,963
957,965
957,990
958,964
959,967
959,968
960,971
964,973
965,972
965,987
966,969
966,970
967,976
968,974
968,977
968,979
970,978
972,975
974,980
974,982
974,983
974,986
975,982
975,989
977,981
978,984
978,985
981,991
982,995
983,987
983,992
984,994
985,988
986,989
986,990
986,993
988,998
989,997
989,999
990,996
994,998
995,1000
<end>