<number of tasks>
1000
<cycle time>
1000
<order strength>
0.595
<z_alpha>
1.960
<task times>
1 341 26035.1646
2 541 16158.7397
3 430 41223.9555
4 486 20690.2232
5 644 5378.1379
6 614 24263.1919
7 572 39891.9287
8 342 16645.3781
9 559 29642.9584
10 330 10991.5836
11 615 32899.2717
12 452 36808.0009
13 556 32175.1937
14 479 39847.6604
15 647 4441.2988
16 540 11490.5350
17 615 13995.0265
18 481 270.5270
19 567 43734.9883
20 554 35520.1905
21 642 4172.1120
22 453 12706.2264
23 629 475.3419
24 484 30358.1174
25 426 34173.4421
26 554 23929.2822
27 514 58721.0399
28 523 20526.2510
29 312 8344.2040
30 673 9114.0025
31 607 9235.1258
32 392 33471.0696
33 595 4280.9944
34 552 11305.5629
35 700 15096.6097
36 493 19377.0068
37 284 7512.1065
38 537 16286.8267
39 587 42900.6383
40 635 12302.4692
41 169 1358.0087
42 583 13493.0898
43 517 2488.4449
44 492 2869.0401
45 484 23140.8288
46 600 39090.1087
47 474 52760.5020
48 543 48803.2883
49 552 5656.2823
50 411 35678.3976
51 591 24587.9689
52 571 25367.0957
53 561 24184.2825
54 623 30187.9495
55 652 23240.0690
56 757 14558.3295
57 665 12402.3473
58 534 13591.0073
59 422 13453.4592
60 477 24782.1746
61 536 3143.3764
62 493 56192.6436
63 541 45263.2147
64 309 3053.0919
65 378 14375.6594
66 402 20413.2869
67 552 47648.9490
68 266 6961.5562
69 495 9773.4291
70 430 30240.7380
71 498 60723.8718
72 652 29897.1126
73 364 12914.7341
74 369 2366.9675
75 624 23693.6570
76 419 11540.2125
77 577 29161.5712
78 475 43002.2117
79 362 31920.1223
80 398 20200.5927
81 531 3752.5931
82 672 5738.1208
83 747 4044.8876
84 508 28681.9240
85 562 20197.5187
86 636 25538.9460
87 555 2903.2133
88 135 1289.5811
89 506 18917.4660
90 657 26991.4741
91 437 25038.6004
92 745 16427.6077
93 566 35739.0423
94 369 17917.8649
95 624 121.8782
96 558 25448.5768
97 525 34661.7777
98 554 19618.4094
99 551 28183.7572
100 551 4991.3650
101 423 17426.1834
102 602 15586.1751
103 305 13886.2899
104 558 39669.6060
105 240 4321.5116
106 675 22499.1584
107 564 25925.3870
108 671 15754.5706
109 426 7356.0465
110 186 7313.3862
111 571 31279.0927
112 614 2725.5355
113 257 11576.6737
114 485 41104.1086
115 645 20527.6448
116 513 21635.7431
117 477 36707.3361
118 459 23684.2215
119 568 25424.3099
120 551 49900.7817
121 580 16136.6168
122 497 52857.3762
123 438 3893.8422
124 524 56414.3787
125 489 47338.8209
126 479 27124.4013
127 269 15491.5787
128 606 30024.4168
129 377 13771.7983
130 536 2350.9002
131 512 43814.4166
132 593 9346.2777
133 607 1210.2104
134 482 49851.5463
135 161 2838.5719
136 339 6810.1565
137 378 9315.1275
138 312 20312.6041
139 548 39768.8963
140 334 16.3935
141 403 19966.5846
142 652 11198.2995
143 643 31524.5656
144 534 22237.3041
145 601 13021.6139
146 499 55249.3117
147 530 35609.6266
148 320 16992.3965
149 490 29045.7032
150 428 38808.5913
151 420 29494.0584
152 555 23045.9829
153 507 2435.3858
154 538 32625.2225
155 500 60929.5254
156 470 6437.6348
157 384 34915.2768
158 506 1448.9152
159 516 22420.2412
160 545 584.1823
161 482 41864.2832
162 520 481.4085
163 534 44962.0691
164 230 9120.3122
165 831 6910.6735
166 352 7419.6602
167 538 9802.5913
168 631 3785.0588
169 607 7549.8307
170 396 31615.6989
171 459 51448.4204
172 472 33590.3178
173 423 26117.4968
174 399 26969.5422
175 397 4105.0025
176 442 47477.4376
177 422 40339.2957
178 557 30466.5935
179 577 28576.2004
180 602 35658.2893
181 454 28417.2143
182 611 10372.8105
183 537 13912.2786
184 402 31446.7027
185 275 14739.1163
186 557 41617.2181
187 511 42749.4420
188 608 36518.5967
189 473 34544.1119
190 559 12707.4677
191 624 32897.1819
192 340 28445.5519
193 672 19165.0026
194 401 12204.7521
195 759 3867.0903
196 571 35883.8200
197 431 44036.5404
198 376 6669.7068
199 641 6164.8686
200 454 48515.4014
201 772 3794.1104
202 515 15748.1546
203 461 2619.0311
204 697 11301.3556
205 669 19533.2913
206 589 26344.5025
207 404 18597.6281
208 444 42292.0906
209 708 3171.6369
210 478 13677.1361
211 358 18972.8161
212 634 10028.6946
213 517 5979.8464
214 403 37733.6559
215 610 21035.3260
216 509 21027.2766
217 509 7429.1971
218 564 39752.8505
219 636 1654.1172
220 478 48375.0252
221 515 6373.0666
222 622 24836.6282
223 442 2882.1264
224 638 25268.0919
225 509 25218.3451
226 230 12049.8061
227 765 13795.5001
228 574 16665.0622
229 568 14969.3392
230 555 13338.8149
231 497 30630.7338
232 393 25807.3790
233 458 25116.0771
234 554 15669.1638
235 453 6709.7511
236 431 37209.4483
237 699 16103.5042
238 364 4051.7952
239 439 22823.3843
240 573 35079.8862
241 350 23766.5174
242 686 11769.8029
243 603 23432.5692
244 276 17833.0380
245 291 3095.3998
246 450 13731.7830
247 528 25006.4995
248 447 49049.7738
249 506 18040.7993
250 389 12458.2028
251 334 25831.4644
252 556 37947.5786
253 562 47702.3092
254 540 39539.1493
255 644 22930.9658
256 408 2504.2529
257 618 34346.9073
258 686 24285.4330
259 312 2684.8035
260 547 9546.8330
261 464 31365.2524
262 389 23056.8998
263 395 13362.0844
264 429 1787.3070
265 551 8904.8177
266 687 22734.9995
267 579 12461.2666
268 536 3820.7880
269 326 11780.7105
270 513 58366.6195
271 544 42241.4134
272 500 37770.1455
273 564 11494.6062
274 791 5005.6138
275 469 19581.5029
276 315 15791.3483
277 560 6283.4414
278 505 19338.9187
279 381 22895.1571
280 433 7851.7024
281 581 43549.0898
282 561 40515.3130
283 531 42442.2110
284 613 24663.9109
285 437 46934.6904
286 447 27510.5143
287 662 27761.9572
288 350 21620.4895
289 531 6873.5831
290 361 3697.0451
291 414 8860.0725
292 695 15443.4195
293 408 32183.6912
294 358 5143.6208
295 609 20891.7601
296 488 7088.2002
297 472 12994.4357
298 529 23210.9074
299 841 4499.9087
300 454 39106.9563
301 498 22986.8174
302 631 20136.6351
303 627 9643.2814
304 440 2689.8349
305 386 24039.0697
306 623 20076.0300
307 527 36253.6514
308 508 44989.8796
309 571 16283.2123
310 332 12214.1323
311 566 49007.4640
312 432 31571.0150
313 456 44656.9510
314 559 34205.8779
315 594 28056.3940
316 349 5934.5111
317 481 12419.9550
318 541 28476.3329
319 411 11192.3911
320 360 21794.7797
321 338 15805.3838
322 394 23929.9026
323 383 19650.2507
324 616 20114.0749
325 645 11970.6018
326 508 25170.2960
327 574 12000.1329
328 713 8123.6184
329 446 33016.8016
330 427 43280.3520
331 578 637.1451
332 423 30929.0779
333 518 6629.6503
334 535 43815.6351
335 504 30063.3366
336 511 13250.0777
337 469 44253.4952
338 626 6763.8868
339 527 33942.9867
340 425 21136.2563
341 348 18230.9027
342 434 9379.8168
343 395 18716.8377
344 682 2394.9829
345 667 1007.4975
346 513 52519.0750
347 680 6930.3432
348 796 7535.8797
349 365 16335.4689
350 479 21942.0762
351 603 1442.8815
352 479 47003.2125
353 509 15905.3705
354 400 36896.0035
355 428 2280.3064
356 536 53478.5255
357 678 26254.5984
358 414 9816.0552
359 359 8813.1643
360 299 11084.7580
361 277 14770.0591
362 647 14612.9768
363 527 48518.9237
364 555 1792.0123
365 645 3073.7733
366 247 13713.3493
367 573 26264.6390
368 451 20926.2218
369 408 22168.5731
370 703 604.5184
371 386 3153.4675
372 457 15999.0716
373 344 25181.7057
374 628 31549.8900
375 552 32297.7180
376 565 543.0869
377 501 10143.2559
378 756 13447.4169
379 480 40615.5814
380 515 41755.7096
381 582 4387.1231
382 582 18194.8870
383 583 27647.4138
384 543 32546.6925
385 535 45354.3812
386 594 18052.7255
387 710 6804.0913
388 544 3065.7762
389 378 26635.1055
390 407 39734.8822
391 615 19465.5107
392 569 33157.6843
393 418 29972.2953
394 446 10907.0398
395 636 33870.0241
396 435 40431.6333
397 676 3418.9388
398 302 9455.7706
399 555 48921.5402
400 551 8048.4893
401 612 29418.9293
402 516 22625.6874
403 642 8459.2207
404 634 14281.4748
405 402 18312.0138
406 337 4438.0565
407 471 4767.3628
408 443 31712.6322
409 543 848.5555
410 538 23946.7283
411 389 12264.6708
412 543 37380.3098
413 564 42568.7905
414 522 47087.5201
415 480 40275.0559
416 674 21576.1807
417 334 16718.4966
418 526 44611.7072
419 525 29039.3691
420 665 27330.8624
421 452 5702.8299
422 492 44072.5803
423 426 17700.1332
424 674 14723.1748
425 301 14692.6561
426 334 10678.0276
427 476 53932.8352
428 464 45954.4377
429 562 40376.3497
430 492 2902.1584
431 539 317.0095
432 453 39210.2815
433 564 17438.0524
434 646 8151.4725
435 257 13642.9103
436 604 2543.5232
437 530 13133.5320
438 508 36600.9135
439 454 13011.0170
440 545 10803.9089
441 515 20340.3552
442 462 18459.2124
443 606 27973.6830
444 532 13941.3465
445 521 21772.2089
446 514 44188.9747
447 378 26872.7284
448 536 18108.9368
449 284 2176.5875
450 576 44788.5566
451 345 6584.0840
452 291 20544.8686
453 595 20332.1000
454 492 14090.8213
455 396 14333.5470
456 742 10572.6711
457 399 8718.8424
458 431 6113.2690
459 649 12236.4958
460 670 6226.0329
461 648 12177.1041
462 565 36634.0334
463 607 11098.7919
464 452 36656.1987
465 375 14898.5061
466 447 39106.1634
467 380 21665.4149
468 335 809.0908
469 381 1557.5484
470 494 28883.4635
471 417 36991.6030
472 553 20287.3145
473 535 49131.8883
474 647 8392.3224
475 486 54269.6774
476 488 8415.8167
477 372 12628.1641
478 647 259.5038
479 529 34711.0519
480 357 6517.5386
481 335 23865.7586
482 451 37366.0508
483 502 12015.0860
484 460 12688.4158
485 603 21188.0377
486 457 38529.7512
487 567 15145.0020
488 585 36044.8526
489 493 58111.9872
490 480 29954.5908
491 576 19184.5197
492 490 58306.8076
493 539 7226.1133
494 352 16229.2383
495 555 41086.6299
496 561 12868.2473
497 580 2235.2272
498 427 7780.8064
499 555 28799.2005
500 625 17501.2290
501 596 12266.3720
502 414 24863.8039
503 430 14930.4698
504 294 5866.3053
505 520 33251.2722
506 538 8656.1723
507 555 26532.7678
508 526 44304.6815
509 682 811.4588
510 192 4971.4030
511 585 37078.4417
512 582 44194.8532
513 705 22117.0248
514 599 27407.1322
515 358 17442.1220
516 499 43870.7225
517 267 1040.2415
518 624 3588.4866
519 403 36114.4079
520 395 11305.3175
521 403 29259.2675
522 508 13377.3174
523 201 6786.1661
524 237 6654.7418
525 708 10145.0122
526 289 12308.9523
527 601 33099.3618
528 442 45300.0134
529 562 46588.5170
530 319 6711.4601
531 417 5551.8733
532 370 24776.4811
533 618 7512.8756
534 577 36523.2258
535 658 7411.4597
536 645 20578.4342
537 430 1685.5415
538 526 23102.0508
539 438 17908.1976
540 518 4075.0294
541 387 354.1696
542 295 3069.5978
543 635 21381.7339
544 418 27159.7350
545 855 2466.7923
546 548 50141.1600
547 407 10473.3406
548 496 13076.7255
549 320 8336.9796
550 628 29289.3600
551 481 21850.2497
552 588 25417.1143
553 512 39587.6850
554 535 33076.8554
555 438 33216.0942
556 582 2817.0414
557 438 13694.1922
558 437 26648.8902
559 518 5078.6643
560 306 21459.4717
561 284 12249.0831
562 329 21331.0143
563 669 608.3589
564 349 27364.6917
565 780 11084.5510
566 616 8449.1756
567 478 18646.0280
568 454 16690.8078
569 389 16563.0630
570 374 6650.8735
571 425 3377.3814
572 291 12886.0780
573 547 26138.5596
574 523 17428.8064
575 647 23405.2259
576 644 9005.4632
577 529 25759.1941
578 520 28299.0713
579 458 12600.8463
580 531 48539.0788
581 372 5508.4329
582 518 56792.5950
583 633 13772.5972
584 480 57489.6186
585 646 17098.9685
586 515 20740.1736
587 284 18273.4049
588 423 22971.8941
589 555 23050.1354
590 541 22414.5745
591 610 15627.6426
592 530 24421.4157
593 363 9919.5664
594 648 9143.6131
595 491 1586.3905
596 548 31557.0480
597 387 29064.9659
598 643 7520.1108
599 349 12863.1610
600 443 23386.2826
601 718 9009.7739
602 446 13361.0457
603 475 28896.4729
604 664 5553.8798
605 407 40242.8662
606 654 5801.6692
607 432 41174.9802
608 522 14561.2733
609 472 50166.4112
610 609 29074.4996
611 727 3015.3057
612 453 39706.8752
613 795 1732.4323
614 548 32865.7970
615 778 12813.2099
616 437 14750.5629
617 284 12700.0883
618 656 9991.8213
619 535 21161.9706
620 627 22217.5829
621 516 1285.3324
622 408 11377.3578
623 442 39116.4531
624 409 33057.1137
625 404 15571.7194
626 440 16618.0669
627 574 22196.5620
628 575 44972.7390
629 225 9503.7674
630 411 16394.3063
631 538 47129.7624
632 562 609.1661
633 237 7857.4704
634 678 6025.8110
635 660 27621.1822
636 583 8251.1757
637 585 32039.4440
638 362 25347.7680
639 592 24916.3058
640 562 13709.5705
641 399 26922.8705
642 293 10120.9233
643 544 21077.9956
644 612 26641.1292
645 432 30962.4481
646 334 11632.2136
647 369 25763.8392
648 385 7392.5898
649 622 13033.6624
650 674 26737.2863
651 426 10596.4344
652 496 44442.2420
653 557 308.9398
654 706 5356.0547
655 702 14013.8627
656 732 6557.5603
657 532 3141.0735
658 725 19242.7778
659 479 40948.3981
660 666 24872.9123
661 694 6607.8684
662 645 19163.9253
663 496 10481.9548
664 480 41784.6484
665 715 7172.0486
666 592 7302.6930
667 616 21700.1131
668 513 14196.2455
669 374 12285.8322
670 602 4313.3282
671 567 47599.5779
672 586 10817.7400
673 513 19492.3929
674 427 2475.4137
675 616 9310.5203
676 533 13905.8445
677 427 15912.2778
678 402 14454.1019
679 427 24501.5643
680 406 38351.7116
681 538 26234.2009
682 615 16707.7718
683 337 21749.0281
684 481 13629.1861
685 317 14693.9858
686 412 35928.2169
687 388 17582.4644
688 510 8888.1689
689 412 6783.9089
690 481 51421.9272
691 567 18254.4402
692 628 3094.1752
693 397 362.8825
694 485 21532.0214
695 590 1432.7993
696 505 62208.3616
697 621 32775.1731
698 410 11777.9688
699 516 23636.8876
700 517 1262.0946
701 469 17215.4609
702 553 34184.4815
703 435 2633.7718
704 305 3929.8446
705 680 10364.7476
706 531 39106.4844
707 246 4635.8219
708 424 29932.3554
709 719 8649.6268
710 424 35127.7054
711 558 10973.6177
712 394 22352.8099
713 444 38440.9585
714 375 27214.2894
715 470 40317.3781
716 617 8541.9319
717 668 13211.6034
718 424 1182.3591
719 544 27965.5868
720 453 38654.6873
721 433 29676.8185
722 664 20797.4316
723 475 42035.2765
724 397 28711.3363
725 390 3091.8123
726 445 9722.0462
727 351 16341.9513
728 645 28424.9023
729 655 5075.4546
730 458 10421.6377
731 651 30975.4635
732 374 19216.7808
733 782 1157.0078
734 236 4085.0070
735 462 51598.1317
736 624 18749.5961
737 544 30538.2108
738 709 10761.9598
739 355 6425.1331
740 298 16386.0570
741 419 2397.9381
742 654 1438.8137
743 731 6480.9149
744 232 6196.3268
745 390 25206.1959
746 627 7339.9514
747 568 47165.2611
748 541 7057.7760
749 384 20167.5574
750 476 35713.7026
751 402 16375.8229
752 447 29273.9067
753 389 30958.4253
754 443 18965.8822
755 560 48060.5669
756 620 33535.0481
757 301 19399.2151
758 408 9470.3167
759 667 13135.9930
760 660 1903.6372
761 372 7576.5091
762 516 31526.3575
763 544 17761.0336
764 389 15746.2831
765 473 30720.5910
766 424 20203.6817
767 677 17128.5843
768 373 12690.4269
769 164 716.1721
770 346 5359.4152
771 586 21795.6995
772 548 37086.1611
773 513 11511.8955
774 552 23387.1086
775 555 16499.2644
776 224 10738.7383
777 534 9731.4960
778 435 31641.4392
779 787 3362.2732
780 577 16117.8400
781 349 26044.0031
782 413 3964.2129
783 413 17823.3675
784 447 17207.8792
785 465 46726.9333
786 381 7971.0742
787 478 3327.2158
788 463 16195.4390
789 296 1085.4159
790 475 31714.4159
791 516 26876.4095
792 328 4169.3620
793 388 29752.8361
794 560 24094.4724
795 335 9951.1808
796 562 34405.9153
797 504 55424.7684
798 574 40866.0142
799 450 41369.4925
800 474 3999.4472
801 466 42564.8253
802 403 11322.8305
803 405 18120.5996
804 529 20184.2829
805 635 12453.2007
806 461 16659.4993
807 457 39111.2124
808 499 28819.6068
809 445 8954.7550
810 346 5273.4655
811 512 57766.1225
812 455 47671.8882
813 665 9860.9046
814 542 8114.1585
815 551 15113.9345
816 385 27294.2790
817 408 41356.6435
818 435 28648.9309
819 607 35696.1774
820 540 13620.1482
821 563 15787.4310
822 497 46937.3013
823 404 3803.6446
824 292 5026.3141
825 205 6587.6934
826 429 39237.8629
827 511 40839.6423
828 462 31855.7752
829 467 30216.3147
830 500 8292.0028
831 548 13510.1105
832 418 34505.3101
833 579 24284.3571
834 565 27131.9043
835 365 28021.9332
836 535 46945.8714
837 730 8853.7166
838 832 833.0948
839 618 24049.3590
840 479 33253.4914
841 575 1636.6081
842 329 1242.2209
843 535 7441.3237
844 535 42373.6134
845 329 26476.3176
846 423 41531.8224
847 307 12635.6948
848 490 15472.8896
849 450 860.0079
850 340 11499.5204
851 636 16349.0350
852 439 32050.2470
853 535 40169.1806
854 232 8508.3661
855 605 19883.7804
856 572 15878.1131
857 315 18295.5659
858 566 41560.7452
859 441 11677.9615
860 595 32884.9932
861 326 24795.3627
862 273 7896.7292
863 496 32471.8510
864 493 55932.9264
865 597 27777.5173
866 393 29747.1949
867 586 6067.3794
868 492 5283.4446
869 405 22491.4120
870 558 21120.0931
871 394 28767.0238
872 443 1586.0089
873 652 5280.9304
874 679 5012.7354
875 547 50495.9213
876 623 16071.9132
877 582 3441.2783
878 347 21801.9506
879 400 26496.9062
880 343 7177.3668
881 468 47270.1942
882 481 34097.8566
883 466 25572.7321
884 503 49839.2728
885 488 35224.4759
886 604 18261.2450
887 384 31729.3943
888 654 21083.7489
889 505 19878.0861
890 479 4664.2854
891 309 21782.5116
892 566 39121.7038
893 671 18618.4668
894 279 16469.7030
895 455 45006.4600
896 457 12743.3891
897 724 5483.5556
898 555 32163.1496
899 393 36155.6492
900 604 7690.2408
901 650 13530.5711
902 512 15452.4249
903 500 31063.3599
904 478 22717.0837
905 360 32195.9743
906 381 12536.4249
907 499 44726.8014
908 566 47800.1181
909 535 48800.5056
910 356 8359.7120
911 627 10400.1973
912 398 16292.0057
913 492 25303.4576
914 363 13161.0170
915 598 34754.9942
916 402 26914.7323
917 437 2232.1942
918 599 24465.5218
919 322 14569.6997
920 332 13466.6641
921 609 26937.6253
922 547 12492.1878
923 499 52515.8242
924 188 3389.7144
925 394 2523.4456
926 321 7803.1447
927 455 19185.1164
928 392 22193.0259
929 73 767.2374
930 730 5425.1590
931 434 39574.8065
932 613 6339.7848
933 404 30453.1928
934 548 6575.1920
935 380 3236.6954
936 656 23236.8607
937 386 16830.7302
938 614 14213.6206
939 548 25743.8350
940 432 25113.6290
941 648 24714.3095
942 686 3376.9092
943 673 8135.5893
944 478 6731.3018
945 488 44246.3551
946 766 3758.0759
947 249 13147.3925
948 575 23268.0554
949 443 6679.3489
950 475 48745.0739
951 612 38987.0597
952 562 9349.7221
953 569 45871.6719
954 393 21435.7319
955 336 19313.0592
956 467 18777.1312
957 598 32042.6224
958 183 1580.7685
959 494 36946.4144
960 681 3625.7909
961 622 27723.2031
962 402 13808.3198
963 741 3670.2668
964 345 1067.6980
965 641 12268.6810
966 436 26952.5564
967 382 5571.7973
968 529 48745.8310
969 557 17776.2350
970 681 16248.3856
971 620 12714.8541
972 568 48245.2803
973 488 57222.0046
974 559 2982.5987
975 573 20282.9800
976 471 4935.8575
977 613 28209.7283
978 448 37856.7528
979 401 31380.3865
980 359 2701.9453
981 277 10985.5591
982 636 30405.2855
983 591 9804.1474
984 420 3385.7854
985 509 59313.7913
986 459 33183.1978
987 468 17344.9815
988 432 38615.0971
989 482 25602.9647
990 367 3275.2055
991 481 15852.9169
992 523 56865.0296
993 502 20770.0607
994 421 35778.9097
995 501 43225.3887
996 374 8989.5021
997 576 33854.5667
998 442 45438.5872
999 556 20197.5989
1000 520 19559.7496
<precedence relations>
1,17
2,16
2,24
2,102
3,222
3,573
4,152
4,398
5,18
5,23
6,16
6,17
6,18
7,16
7,19
7,21
8,893
9,279
9,355
10,16
10,17
11,26
11,73
12,16
12,638
13,25
14,16
14,20
14,22
14,27
15,185
15,366
16,97
16,636
17,30
17,40
18,28
18,29
19,34
19,86
20,31
20,33
20,37
20,39
20,108
21,29
22,28
22,29
23,284
24,35
24,36
24,108
25,28
25,29
25,108
26,28
26,29
26,30
26,38
27,28
27,29
27,30
27,32
28,52
29,41
29,47
30,41
30,46
30,108
31,41
31,50
32,42
32,48
32,49
33,41
33,42
33,45
34,41
34,42
34,43
35,95
36,51
36,54
36,61
36,83
36,117
37,41
37,42
37,53
38,41
38,42
39,638
39,641
40,44
41,55
41,56
41,63
42,60
42,88
42,159
42,284
43,55
43,232
43,472
44,59
45,55
45,293
45,319
46,55
46,56
46,548
46,576
47,61
48,55
48,56
48,57
48,271
48,302
49,57
49,291
49,335
50,55
50,667
51,55
51,519
52,229
52,235
53,58
53,62
53,89
54,55
54,66
55,617
56,323
56,482
56,588
56,746
57,68
58,97
58,320
59,64
59,65
59,66
59,67
59,70
59,73
60,408
60,532
61,72
62,71
62,237
63,64
63,65
63,66
63,69
64,89
64,121
64,168
65,74
65,81
65,83
66,74
66,75
66,79
66,84
66,87
67,742
67,798
68,90
68,359
69,74
69,75
69,77
69,80
69,88
70,76
71,74
71,78
71,105
72,74
72,82
72,86
73,85
73,144
73,224
74,100
75,94
75,202
75,240
76,93
77,91
77,92
77,183
78,97
78,326
79,276
80,94
80,102
81,91
81,166
82,104
83,91
83,96
84,91
84,95
84,98
84,99
85,91
85,101
86,218
86,350
87,208
87,214
88,91
89,111
90,836
90,845
90,914
91,103
91,116
91,246
92,144
93,108
93,123
93,144
94,103
94,104
94,105
94,112
95,103
95,105
95,113
95,115
95,164
95,240
96,109
96,110
96,166
97,732
97,925
97,952
97,970
98,367
98,482
99,103
99,104
99,106
99,107
99,111
99,114
99,176
99,180
100,103
100,118
102,117
103,480
103,502
104,406
104,484
104,553
104,560
104,564
104,578
104,649
105,119
105,125
106,119
106,120
106,121
106,248
107,119
107,128
108,119
108,120
109,119
110,221
111,122
111,123
111,124
112,119
112,120
112,126
113,126
113,141
114,120
114,130
115,474
116,238
116,618
117,119
117,189
117,240
118,119
118,127
118,129
118,161
119,131
120,298
121,131
121,142
122,131
122,132
123,143
124,131
124,258
125,134
125,139
125,140
125,141
126,131
127,135
128,183
129,133
129,136
129,137
129,144
130,138
130,141
130,160
131,146
131,238
132,145
132,149
133,145
133,146
134,145
134,146
134,147
135,145
136,145
136,155
136,156
136,240
137,145
137,146
137,147
137,154
137,248
139,456
139,634
139,641
140,186
141,147
141,148
141,153
142,145
143,151
143,157
144,145
144,150
144,152
145,158
145,247
146,165
146,184
146,265
147,158
148,728
149,159
149,166
149,167
149,172
149,234
150,158
150,169
150,216
151,158
151,159
151,160
151,161
151,162
151,164
152,163
152,229
152,252
152,285
153,168
153,171
153,286
154,535
154,639
155,170
155,173
156,158
156,159
156,162
157,477
157,923
158,181
159,174
159,184
159,285
160,174
160,594
161,857
161,952
163,174
163,277
163,313
163,314
164,177
164,186
165,179
165,182
166,290
167,191
168,174
168,175
168,185
169,175
169,180
169,185
170,174
170,183
171,318
171,364
172,178
172,258
173,176
173,561
174,527
175,197
177,573
177,654
178,187
178,190
178,195
179,191
179,192
180,190
181,194
181,196
181,325
182,193
183,189
183,198
184,188
185,413
186,420
187,205
187,231
187,235
188,199
188,200
188,209
189,199
189,200
189,201
189,202
189,203
189,204
190,199
190,200
190,206
191,199
191,200
191,208
192,199
192,200
192,233
193,262
194,199
195,207
195,345
196,462
196,570
196,585
196,655
197,199
197,201
198,199
198,200
198,201
198,210
199,215
199,222
200,211
200,213
200,219
201,214
201,217
202,580
202,905
203,212
203,216
204,224
205,211
205,212
205,213
205,312
205,345
206,211
206,266
207,218
207,220
207,241
207,294
208,211
208,223
208,236
208,275
208,324
209,798
210,213
210,216
210,221
211,225
212,225
213,225
213,226
213,241
213,280
214,228
214,231
214,236
215,225
215,235
215,263
216,225
216,230
216,238
216,469
217,234
217,337
218,225
218,232
218,237
218,240
218,469
219,399
219,617
220,225
220,226
221,229
221,239
222,624
223,232
224,227
224,233
225,242
226,246
226,354
227,609
227,644
227,725
227,741
228,261
228,398
229,242
230,487
230,561
231,248
232,517
233,250
234,247
235,243
235,249
235,295
236,244
238,417
239,917
240,242
240,548
241,245
241,357
242,256
242,405
243,260
243,439
243,573
244,251
244,259
244,475
245,261
246,262
246,263
247,251
247,252
247,257
247,258
248,252
248,255
248,296
248,309
248,374
249,251
249,252
249,253
249,254
249,255
250,251
250,252
250,266
251,269
253,268
254,301
254,485
254,683
255,271
256,868
257,265
257,266
258,264
258,315
259,264
259,270
260,427
260,500
260,531
260,611
261,272
262,267
262,374
263,264
264,279
264,283
265,284
265,306
265,567
266,275
266,285
267,273
267,274
267,275
267,276
267,277
267,278
267,282
267,286
268,273
268,469
268,475
269,273
269,281
270,273
271,273
271,278
271,280
271,287
272,277
273,289
273,329
273,482
274,288
275,347
276,295
276,398
277,288
278,290
278,297
279,627
279,653
281,293
282,296
283,292
283,435
283,508
284,650
284,715
285,298
286,601
286,715
287,291
287,294
288,300
288,307
289,425
290,304
290,311
291,299
291,300
292,876
293,305
294,306
294,312
295,301
295,302
295,373
296,310
298,299
298,303
298,308
298,309
299,313
299,314
299,315
300,319
301,324
301,628
301,798
302,314
303,321
303,419
304,316
304,326
304,361
305,398
307,318
307,325
308,313
308,320
308,327
308,414
309,322
309,412
310,323
310,380
311,317
311,453
311,551
312,313
312,315
313,336
313,704
314,328
314,332
315,971
315,983
316,330
317,329
318,328
318,335
318,424
319,328
319,338
319,340
320,402
320,416
320,554
321,334
322,331
322,460
322,464
323,339
323,832
323,906
324,337
325,333
325,403
326,328
326,337
326,342
327,338
327,585
328,343
328,344
329,342
330,341
331,341
331,469
331,475
332,480
333,347
334,345
335,598
336,875
337,368
338,823
340,346
341,349
341,352
342,357
342,358
342,360
342,437
343,350
343,351
343,356
343,359
344,355
344,358
344,405
345,348
345,354
346,348
346,353
346,361
346,475
347,348
347,349
348,553
348,635
349,461
350,366
351,362
351,370
352,364
352,404
352,431
352,445
352,482
353,367
353,369
353,373
354,363
354,374
355,362
355,365
355,372
356,362
356,363
356,475
357,840
359,375
359,382
359,509
359,625
360,371
361,368
361,771
362,376
362,455
363,375
364,438
365,534
365,702
365,724
365,768
366,388
367,389
368,377
368,606
368,680
369,379
369,381
369,386
370,375
370,383
370,387
370,469
371,375
371,380
371,480
372,375
372,384
372,385
373,375
373,378
373,397
374,375
374,382
375,394
375,488
376,390
376,395
377,400
377,402
377,501
377,705
378,604
379,397
379,628
379,633
380,396
380,398
380,501
381,553
382,787
382,830
383,390
383,475
384,390
384,392
385,391
385,401
385,500
385,551
386,390
386,482
387,528
387,569
387,598
388,393
388,399
388,403
389,390
390,404
390,407
390,408
390,413
390,441
390,445
390,456
391,409
391,410
391,459
392,448
392,546
392,623
392,625
393,404
393,411
393,412
394,416
395,404
396,630
397,414
397,524
397,558
397,746
398,405
398,511
399,406
399,860
400,799
401,709
402,415
402,562
402,570
403,404
403,482
404,423
404,425
404,426
405,418
405,419
405,446
405,489
407,504
407,899
408,656
408,730
409,417
409,420
410,417
410,603
410,736
411,427
413,504
413,628
414,424
414,740
415,417
415,422
416,417
416,421
416,768
416,817
416,874
417,436
417,688
417,757
418,435
418,439
418,516
418,691
419,431
420,432
420,433
421,678
422,884
423,865
424,595
424,774
424,839
425,429
425,430
425,434
426,428
426,438
427,428
427,437
427,816
428,440
429,451
430,453
431,440
431,441
431,444
431,454
432,809
433,445
433,447
433,449
434,440
434,450
434,736
436,443
436,448
436,521
436,559
436,686
436,687
437,455
437,578
437,811
437,956
438,446
438,452
438,542
439,442
440,701
440,893
441,546
441,642
442,753
442,852
443,650
443,738
444,538
444,779
446,462
446,465
446,499
447,464
447,633
447,639
449,456
449,460
450,612
451,461
451,463
452,465
453,457
453,458
453,459
453,463
453,568
453,577
454,456
454,609
455,513
455,741
455,830
455,894
456,474
456,656
457,466
457,470
457,524
458,467
458,468
458,476
459,471
459,473
460,801
461,472
461,479
462,477
463,478
463,790
463,941
464,469
464,475
464,522
465,466
466,481
466,485
466,490
467,480
467,491
468,572
468,898
468,950
468,999
469,480
469,620
469,634
469,880
470,480
470,835
471,690
472,567
473,480
473,487
474,514
474,559
474,691
475,482
476,484
476,489
477,562
477,568
477,864
479,483
479,486
479,488
480,649
480,679
482,524
483,494
483,498
484,493
484,759
484,879
485,495
485,646
485,843
486,497
487,501
487,576
488,492
488,496
488,499
489,492
489,500
489,502
489,526
490,492
490,493
491,541
491,643
492,504
492,514
492,517
493,589
493,590
493,841
494,503
494,506
494,511
495,666
495,847
495,852
496,515
497,509
498,513
498,864
499,507
499,508
499,561
500,765
502,505
502,510
502,512
502,516
502,565
502,635
503,518
503,522
503,530
503,691
504,676
504,797
505,536
505,743
506,519
506,521
506,525
506,863
506,904
507,534
508,533
508,535
508,678
509,518
509,523
509,524
511,520
512,528
512,532
512,649
512,880
513,526
514,646
515,531
516,529
516,537
517,518
517,527
517,648
518,537
518,538
519,549
519,623
519,931
519,954
520,550
520,592
521,542
522,545
523,569
524,544
524,561
525,538
525,873
525,881
526,682
526,839
527,543
528,537
528,538
529,539
529,552
529,754
530,548
530,551
530,708
531,540
531,547
533,546
533,590
533,699
534,541
536,880
537,559
538,556
539,591
539,849
539,876
539,935
540,558
540,562
540,565
541,557
542,924
543,554
543,560
543,650
545,666
546,555
546,582
547,922
548,561
548,731
550,563
552,553
552,564
553,571
553,759
553,944
554,569
554,592
555,581
555,785
555,961
557,573
557,603
558,568
559,581
559,799
559,823
560,574
560,576
560,630
560,676
561,566
561,570
561,572
561,578
561,579
562,577
562,966
563,567
564,567
564,580
565,569
565,575
566,582
566,587
566,754
567,582
567,586
569,583
570,608
570,609
570,626
571,588
572,942
573,584
575,741
576,585
576,711
578,606
580,945
580,965
582,591
582,601
582,602
582,689
582,694
582,757
583,590
583,595
583,597
583,599
583,600
584,592
584,598
584,721
585,593
586,589
586,594
586,596
586,782
587,589
587,891
588,737
589,607
589,615
589,910
589,945
589,966
590,610
590,795
591,788
592,613
592,750
592,761
593,606
593,611
593,616
593,658
594,603
594,612
594,627
594,793
595,603
595,608
595,609
596,811
596,878
596,929
597,605
599,962
600,610
600,614
600,617
601,603
601,692
601,807
601,823
602,604
603,825
603,853
604,651
605,622
606,734
606,814
606,990
607,838
608,645
608,906
609,932
609,971
610,764
611,634
611,714
612,618
612,624
613,618
613,620
613,703
614,619
615,623
615,706
616,863
617,621
618,771
618,815
619,626
619,627
619,630
619,636
619,638
620,635
620,751
620,900
621,632
621,637
621,643
621,699
622,629
622,634
622,641
622,797
623,631
624,625
624,628
624,633
624,639
624,751
625,648
626,644
626,902
627,770
627,836
628,650
628,671
630,641
630,651
630,653
630,720
631,642
631,998
632,647
633,645
634,640
634,646
635,649
635,666
636,640
636,652
636,711
638,643
638,933
639,758
640,656
640,748
641,658
643,657
643,715
644,730
644,859
645,830
645,904
646,706
646,894
647,654
648,905
649,655
650,783
650,828
651,664
652,667
652,745
652,795
653,654
654,660
654,662
654,664
654,666
654,668
654,669
655,665
655,752
655,813
656,659
656,661
656,663
656,667
658,670
658,730
658,882
658,963
659,693
660,722
660,742
661,675
661,677
661,680
661,954
662,672
663,679
663,849
663,859
664,843
664,943
665,676
666,678
666,736
666,899
667,674
667,703
667,753
668,988
670,671
670,673
671,844
671,896
671,907
672,681
672,685
672,689
672,693
674,686
674,688
674,690
676,710
676,839
677,682
678,684
678,687
678,977
679,683
679,692
679,866
679,926
680,691
680,988
681,753
681,780
681,799
681,977
682,698
682,701
682,955
683,779
684,839
684,927
685,700
685,709
686,694
686,894
686,959
688,875
689,696
689,697
690,699
691,788
691,894
692,702
693,695
693,788
693,941
693,942
694,709
694,712
694,713
695,703
695,715
695,806
696,711
696,956
697,705
697,706
697,712
697,714
698,708
698,997
699,710
699,713
699,835
700,704
700,779
701,761
702,707
703,717
704,733
704,805
705,737
705,790
705,829
707,719
710,720
710,765
711,723
712,847
714,716
714,718
714,721
715,793
715,817
715,861
715,919
716,724
716,727
716,730
717,722
717,725
717,731
718,722
718,726
718,728
718,729
719,723
719,817
720,848
720,918
721,858
721,900
722,738
722,885
723,736
723,737
723,739
723,744
723,747
723,749
724,735
724,742
724,795
725,740
725,746
726,812
726,850
726,954
727,743
728,733
728,741
729,748
729,783
729,879
730,732
730,745
731,732
731,734
731,810
731,908
732,825
733,753
733,760
733,762
735,750
735,856
735,906
736,755
736,756
738,826
740,757
740,765
742,751
742,758
742,767
742,809
743,759
743,981
745,761
746,754
746,782
747,751
747,759
748,861
749,751
749,752
749,827
751,765
752,808
753,769
753,774
754,866
755,966
757,767
757,864
757,914
758,764
758,766
759,763
760,768
761,917
761,961
762,763
762,764
762,787
762,802
763,785
763,854
763,988
764,776
764,778
764,783
765,775
765,779
765,784
765,897
766,773
766,774
766,779
766,834
767,782
768,772
768,777
768,780
769,770
769,771
769,781
769,814
771,794
771,798
773,788
775,989
776,955
776,966
777,795
777,877
779,787
779,790
779,868
779,889
781,793
782,796
783,786
783,791
783,792
783,797
784,789
784,881
787,799
789,805
789,879
789,961
790,808
791,862
792,800
793,807
794,801
794,809
795,804
796,802
796,808
796,841
797,803
798,806
799,810
800,815
801,817
801,821
801,868
802,813
802,816
802,831
803,819
803,935
804,854
804,950
805,811
805,818
806,820
806,822
806,823
806,824
808,814
809,812
809,871
810,828
811,939
812,827
812,835
812,921
813,836
813,837
814,826
814,999
815,832
816,835
816,838
817,988
818,830
819,831
820,825
820,833
822,834
823,829
824,862
824,876
825,907
827,844
828,846
828,858
829,840
830,841
830,845
831,848
831,849
831,977
832,843
833,839
833,847
835,839
837,842
837,850
839,851
839,855
839,858
839,859
841,853
841,892
843,856
845,852
848,854
849,857
849,976
851,868
852,870
852,874
853,860
854,869
854,875
854,876
854,890
855,974
856,864
856,866
856,871
856,873
857,860
857,872
858,861
858,862
858,863
858,865
858,867
858,901
859,867
862,877
862,878
863,985
866,952
868,879
869,882
869,883
869,885
871,881
873,880
876,884
878,888
878,890
878,911
879,887
879,891
879,893
879,896
879,901
880,889
880,894
880,899
880,900
881,895
881,972
882,933
883,943
884,892
884,898
884,903
884,966
885,886
885,897
887,907
887,909
888,906
888,978
890,965
891,933
891,953
892,989
893,904
894,911
894,952
897,938
898,902
898,908
899,905
901,903
901,910
901,982
902,919
902,924
905,914
905,921
905,923
905,926
906,1000
907,967
908,915
908,920
910,913
910,917
910,918
911,912
911,916
911,922
911,925
912,931
913,932
914,935
914,944
914,956
915,940
916,937
917,938
919,936
919,943
920,929
920,933
920,939
923,947
924,927
925,928
925,930
926,934
926,941
926,942
927,955
928,949
928,973
929,948
930,945
932,952
934,953
934,956
935,954
936,947
938,951
939,958
940,957
940,971
941,950
941,952
944,946
945,960
946,967
949,961
949,964
951,962
952,963
953,965
953,966
954,959
955,987
956,959
959,977
960,978
961,971
962,970
963,969
963,974
963,975
964,968
964,972
964,998
967,973
967,976
969,984
969,986
973,979
973,981
973,983
973,987
974,984
975,985
976,980
977,982
978,997
980,988
980,989
983,995
984,990
985,992
985,993
986,991
986,996
986,999
987,994
987,997
987,998
987,1000
<end>