<number of tasks>
20
<cycle time>
1000
<order strength>
0.516
<z_alpha>
1.645
<task times>
1 302 5827.8329
2 145 3166.2387
3 329 20301.9174
4 40 389.1485
5 176 528.7392
6 27 111.4460
7 519 14137.6500
8 270 10021.0364
9 178 1606.5467
10 209 4266.2910
11 87 455.1076
12 352 24919.3032
13 196 6232.6671
14 82 834.7290
15 136 2769.4195
16 280 8665.6038
17 343 3180.7155
18 47 84.9463
19 419 12716.0864
20 89 577.1652
<precedence relations>
1,13
2,3
2,4
3,7
4,5
4,6
4,8
5,10
6,10
6,12
7,9
7,11
7,14
8,12
9,13
10,13
11,13
12,14
12,15
13,16
13,17
13,18
13,19
14,20
<end>