<number of tasks>
1000
<cycle time>
1000
<order strength>
0.895
<z_alpha>
1.280
<task times>
1 157 205.3328
2 316 1898.4941
3 90 383.0213
4 145 696.1204
5 93 178.5668
6 357 6653.1203
7 214 2823.6767
8 245 625.5233
9 27 38.1405
10 29 31.4897
11 119 316.8405
12 63 48.4418
13 27 21.6809
14 158 1500.0150
15 149 680.8899
16 193 1971.5458
17 282 3836.7852
18 176 1598.4974
19 96 455.0441
20 205 1502.9422
21 228 2984.9755
22 57 101.0286
23 399 1878.8829
24 200 1409.8894
25 219 2333.1934
26 41 38.8585
27 45 7.4683
28 155 837.2053
29 196 94.6809
30 179 179.7737
31 272 1434.1332
32 58 105.6753
33 36 55.0642
34 285 1376.1208
35 124 939.7672
36 117 233.6951
37 187 1793.7493
38 120 889.3134
39 113 108.7537
40 172 1697.9249
41 201 2328.0068
42 103 265.8466
43 34 38.7774
44 116 226.5089
45 181 298.6684
46 157 799.4500
47 68 171.7537
48 245 2421.9668
49 227 2179.6696
50 36 7.3898
51 73 196.4393
52 330 5108.7105
53 92 164.0174
54 95 123.6363
55 181 1456.0308
56 186 1482.9132
57 104 596.6391
58 39 72.0776
59 294 3399.9344
60 109 593.8935
61 160 1407.8360
62 107 634.4706
63 85 308.5755
64 110 53.0400
65 136 783.8536
66 96 528.2400
67 275 979.2925
68 210 650.8624
69 104 350.3947
70 215 2249.1307
71 187 1398.7111
72 71 109.0356
73 130 674.9821
74 193 1647.4055
75 198 2357.7240
76 72 196.5586
77 115 548.6670
78 187 1479.8860
79 200 64.2245
80 125 168.3522
81 50 153.6866
82 247 3811.6365
83 201 1509.3940
84 174 867.1775
85 243 2139.3143
86 63 67.8666
87 46 119.9620
88 31 26.9322
89 42 24.5725
90 48 0.8974
91 85 20.0700
92 143 646.2925
93 50 145.8577
94 149 288.0068
95 24 22.9815
96 56 11.7711
97 66 54.1306
98 107 262.1756
99 270 2000.1514
100 99 116.7751
101 42 53.4436
102 73 318.4099
103 111 432.9418
104 64 99.3747
105 29 2.4927
106 310 5788.1154
107 46 80.7792
108 225 2256.5724
109 196 1717.8948
110 123 768.7728
111 172 388.5461
112 125 154.6254
113 29 48.1174
114 133 1017.9783
115 32 54.2807
116 245 3131.4215
117 83 412.8271
118 49 12.1196
119 104 604.9352
120 272 1018.6702
121 51 79.9924
122 200 2063.3583
123 77 314.9479
124 111 31.1802
125 82 189.5153
126 146 690.3881
127 165 582.7822
128 44 78.6562
129 90 504.8313
130 250 1880.6750
131 162 335.1697
132 258 2087.9528
133 127 199.7748
134 86 86.1189
135 46 28.7428
136 259 1567.8141
137 91 194.4042
138 42 63.5002
139 221 1171.2648
140 36 78.4487
141 125 944.8415
142 122 547.9351
143 42 69.4969
144 59 99.4102
145 50 137.9042
146 205 1861.1055
147 74 1.0143
148 136 136.5473
149 24 16.1902
150 140 335.5920
151 114 533.4789
152 123 456.1928
153 204 1432.3562
154 232 2534.7035
155 155 29.5717
156 75 189.9388
157 63 148.5562
158 75 92.2325
159 344 0.0370
160 67 78.0570
161 84 167.8761
162 135 174.8945
163 143 415.3122
164 115 238.3105
165 136 85.8993
166 41 4.2156
167 211 185.6141
168 284 3357.4222
169 101 4.0291
170 245 1380.6014
171 57 92.7838
172 39 57.4530
173 51 53.3042
174 204 2209.3440
175 63 196.7547
176 183 337.8481
177 71 62.9007
178 71 194.2885
179 142 523.9493
180 53 155.3151
181 264 3254.6265
182 237 2287.7875
183 61 19.3836
184 125 971.1869
185 36 23.3490
186 294 4780.9994
187 135 821.6543
188 30 36.1808
189 165 1307.3538
190 268 2463.5956
191 96 6.2570
192 239 379.4880
193 102 403.5139
194 100 529.3241
195 42 83.0332
196 33 60.2374
197 96 45.9351
198 365 4762.1341
199 187 1929.9133
200 52 115.7117
201 212 227.7972
202 97 143.6982
203 278 727.1965
204 133 103.2021
205 68 287.8771
206 205 1494.0719
207 79 51.3071
208 86 398.5188
209 68 165.2902
210 205 1343.2956
211 204 289.9261
212 108 60.0845
213 92 285.7682
214 48 16.1001
215 25 3.4869
216 88 152.2309
217 146 524.6699
218 71 144.9003
219 126 672.1901
220 185 2023.1597
221 124 764.4124
222 175 1452.5102
223 285 870.9437
224 56 195.4763
225 95 17.8899
226 124 741.1441
227 159 940.8021
228 187 1675.3843
229 106 597.2891
230 45 87.4092
231 87 196.7504
232 186 108.7577
233 117 661.6898
234 270 1697.9923
235 214 1976.5741
236 68 166.0625
237 160 767.5378
238 259 1426.5002
239 169 984.4400
240 114 787.4763
241 152 1271.8404
242 158 916.3056
243 101 592.9443
244 138 342.8654
245 43 14.3331
246 56 132.5487
247 93 281.8699
248 144 621.6182
249 111 352.3568
250 95 543.1185
251 77 165.2117
252 70 19.0537
253 191 2030.2721
254 70 2.4927
255 278 4040.7524
256 83 242.1805
257 148 775.6913
258 41 77.7083
259 167 921.8366
260 103 194.7770
261 211 2546.3344
262 214 2082.8511
263 99 78.8799
264 31 25.0758
265 209 1227.9811
266 84 123.2827
267 62 29.4520
268 49 38.2440
269 46 101.1177
270 239 3299.5653
271 161 1064.2422
272 67 146.8770
273 53 133.8731
274 69 133.4150
275 171 426.7468
276 160 758.6518
277 37 3.9832
278 156 252.9234
279 84 414.3757
280 24 22.8813
281 121 222.8586
282 76 329.3474
283 148 1239.7121
284 107 30.8425
285 277 4685.7459
286 75 28.3010
287 219 180.5961
288 110 333.4660
289 374 5954.7298
290 289 5024.2207
291 158 745.5926
292 149 1129.7639
293 31 31.6515
294 76 169.8906
295 133 1039.5450
296 293 3788.6251
297 182 1178.9499
298 124 357.1172
299 165 409.8307
300 70 148.9748
301 140 1023.6858
302 66 61.9456
303 270 4538.0432
304 327 5191.5617
305 189 1427.3018
306 205 1231.9005
307 37 59.4921
308 24 19.3480
309 287 1764.9996
310 125 521.4359
311 59 174.5388
312 204 1276.1861
313 110 185.1594
314 183 1742.9259
315 172 822.6991
316 184 1913.5413
317 253 1292.8691
318 68 2.5580
319 31 7.1415
320 203 815.5753
321 105 642.9410
322 196 2105.2579
323 110 734.2058
324 34 13.3370
325 164 789.5082
326 39 75.8790
327 157 52.0579
328 162 59.0007
329 130 575.1831
330 163 192.7013
331 206 1461.3734
332 90 163.3425
333 154 794.4119
334 119 724.4065
335 213 1606.6118
336 66 43.0842
337 38 5.8017
338 150 5.6900
339 144 592.0914
340 218 620.3910
341 59 62.6936
342 63 81.5870
343 118 307.4822
344 73 0.1732
345 152 682.8693
346 102 195.3487
347 138 187.9978
348 118 230.7164
349 67 65.0221
350 158 177.7178
351 149 1200.6302
352 57 127.5050
353 161 302.4551
354 136 330.2303
355 95 529.8554
356 246 2308.0947
357 261 1963.4603
358 226 1815.1879
359 113 131.4439
360 219 811.8445
361 107 419.8380
362 213 1283.6316
363 92 154.9823
364 182 903.4047
365 45 103.4462
366 59 37.2454
367 205 707.8911
368 39 64.4447
369 255 3526.4964
370 29 41.2459
371 91 432.5871
372 118 175.8482
373 138 849.4773
374 25 23.2025
375 109 191.4991
376 104 484.6342
377 146 1074.2751
378 76 93.2106
379 50 132.1598
380 200 2333.5819
381 68 272.1374
382 203 6.3918
383 68 2.4673
384 90 365.7902
385 190 75.1746
386 226 1821.8827
387 59 2.8164
388 301 4925.3528
389 59 140.6169
390 152 50.2094
391 202 1506.0559
392 28 43.3121
393 249 889.4907
394 151 380.5354
395 103 443.8424
396 91 75.1388
397 193 1749.2702
398 90 134.2046
399 110 143.0227
400 165 1435.9259
401 171 828.9273
402 131 688.4533
403 105 450.9094
404 47 24.9200
405 153 846.6088
406 109 213.5515
407 208 2261.4965
408 140 352.8634
409 204 350.3603
410 288 3195.0793
411 110 20.9694
412 199 2391.0038
413 270 533.7677
414 77 137.5040
415 27 9.8155
416 171 851.3348
417 192 1050.8907
418 233 1027.9791
419 185 101.7503
420 92 498.0485
421 83 56.9757
422 85 23.9543
423 191 267.7938
424 79 306.3343
425 65 39.0667
426 231 2728.2565
427 53 110.3336
428 275 2397.1517
429 133 165.8864
430 121 342.9407
431 74 31.1908
432 53 13.2125
433 298 3819.1755
434 81 289.6399
435 49 72.1769
436 137 1046.0200
437 250 1348.8643
438 249 367.3838
439 26 11.4776
440 118 530.8392
441 130 233.4537
442 225 2659.8881
443 109 278.2353
444 60 85.6930
445 117 526.0479
446 64 87.3566
447 117 393.9964
448 251 947.4894
449 237 2484.5599
450 263 97.8872
451 186 1110.7189
452 180 1089.3695
453 61 138.8471
454 53 138.3084
455 77 301.3714
456 117 556.1765
457 47 113.9075
458 49 63.1495
459 295 5235.9800
460 86 415.7670
461 207 1942.4429
462 50 139.3713
463 100 184.3683
464 127 567.7911
465 201 2385.8047
466 127 909.9098
467 112 624.6157
468 77 211.5727
469 64 3.9970
470 81 391.1483
471 45 52.9279
472 74 244.8505
473 92 325.8218
474 151 810.1987
475 123 894.1609
476 247 550.9438
477 263 336.3051
478 83 263.0971
479 64 189.7617
480 124 25.0641
481 236 2687.9883
482 216 2657.6518
483 78 342.7272
484 65 78.5460
485 117 125.6947
486 168 1282.7485
487 51 62.3633
488 92 156.7307
489 241 2661.7109
490 269 3350.2204
491 154 27.8715
492 118 186.0384
493 64 39.0751
494 222 2726.9470
495 37 57.2952
496 202 1831.4902
497 107 577.4304
498 170 1248.1440
499 263 1434.3387
500 249 1238.6365
501 103 553.8524
502 81 84.0054
503 308 745.1866
504 58 181.6597
505 160 733.4674
506 258 3560.9908
507 90 180.4537
508 95 30.4749
509 329 1576.2410
510 57 194.5657
511 319 4118.2197
512 181 392.3576
513 96 436.4709
514 26 16.8749
515 56 77.0539
516 141 289.0021
517 255 2353.7207
518 192 2024.7842
519 128 258.9896
520 147 1257.7497
521 48 93.9317
522 259 2982.8942
523 170 127.6090
524 110 465.3496
525 101 595.0065
526 175 1784.6360
527 167 1614.9662
528 225 1907.0085
529 174 1183.9908
530 191 562.8847
531 128 625.7643
532 141 655.0028
533 88 98.5679
534 64 165.1146
535 44 118.9888
536 91 487.9417
537 165 1047.6845
538 169 1337.9734
539 156 1050.8970
540 93 322.1676
541 143 116.0801
542 223 2049.5478
543 80 134.3928
544 122 899.7007
545 47 0.1565
546 255 3029.3648
547 137 548.7614
548 95 400.2219
549 167 166.9047
550 90 162.5619
551 151 1317.3467
552 31 20.2571
553 243 3105.8157
554 265 1172.2370
555 47 36.8250
556 175 1260.4966
557 202 626.6953
558 41 90.9521
559 78 22.5627
560 150 694.8535
561 201 1386.8281
562 218 1967.1046
563 111 337.2939
564 111 191.2086
565 157 549.4546
566 48 4.8566
567 165 1216.1317
568 145 334.0743
569 84 198.5338
570 168 105.9312
571 277 3247.4526
572 159 279.4741
573 36 24.8451
574 84 404.8231
575 234 929.2305
576 127 854.2836
577 175 1846.0204
578 89 440.9456
579 192 1434.3587
580 28 28.7790
581 57 165.8800
582 192 476.1794
583 181 2009.4092
584 76 24.8597
585 211 1555.3556
586 49 21.2143
587 274 1044.4566
588 271 3221.1874
589 47 96.3424
590 178 895.0532
591 262 846.7335
592 66 60.7479
593 230 1171.5081
594 110 41.3004
595 64 101.2489
596 60 48.6424
597 88 359.3822
598 321 2614.7067
599 60 120.2427
600 108 287.1958
601 50 110.0951
602 121 749.9268
603 102 422.7202
604 108 540.4213
605 106 376.6555
606 77 210.4571
607 39 18.2351
608 144 778.5108
609 351 3573.9823
610 58 120.9695
611 102 347.5269
612 121 150.9914
613 92 231.0466
614 131 432.3024
615 95 29.1538
616 213 2712.2123
617 44 94.1426
618 201 1215.8969
619 66 76.2568
620 82 39.4087
621 148 649.3276
622 48 42.0557
623 247 974.8143
624 143 876.2210
625 209 2023.3213
626 162 1352.6659
627 55 9.7321
628 229 221.1053
629 182 85.9113
630 265 739.8089
631 80 184.4881
632 80 177.0324
633 213 265.4981
634 121 823.3450
635 324 2263.8831
636 97 457.8445
637 34 60.2734
638 51 115.3837
639 117 97.1332
640 158 576.2016
641 111 278.4220
642 300 4967.5953
643 236 1724.0645
644 246 3600.7142
645 178 1040.5223
646 230 3283.4496
647 41 9.1456
648 266 2374.9306
649 71 170.3933
650 152 746.3926
651 123 881.9574
652 127 812.8782
653 145 481.6251
654 151 734.6025
655 304 4892.0024
656 118 77.8828
657 274 3017.6208
658 239 1671.2051
659 156 540.7640
660 332 3834.3506
661 64 91.8900
662 44 100.2073
663 354 6624.7625
664 123 26.3405
665 50 53.6351
666 259 2507.3346
667 63 129.5748
668 122 253.0865
669 179 480.6563
670 278 131.1994
671 152 282.0431
672 154 733.5421
673 173 1220.2962
674 95 124.4456
675 125 853.0382
676 82 327.9033
677 87 55.2461
678 254 3986.6447
679 58 35.3592
680 99 350.6591
681 173 1724.6088
682 157 352.1302
683 108 651.8529
684 106 104.0897
685 65 215.4084
686 162 221.2831
687 29 35.9044
688 71 182.3227
689 21 19.6073
690 70 262.4996
691 155 1290.8635
692 31 46.2973
693 140 828.1859
694 106 206.3035
695 88 182.8982
696 134 103.0197
697 190 477.0031
698 132 721.0916
699 106 254.1985
700 150 1286.1955
701 59 195.0350
702 177 1882.4226
703 64 189.0027
704 189 1820.2200
705 52 139.6436
706 93 404.5990
707 214 1177.9543
708 192 1764.5275
709 103 149.8265
710 45 29.3644
711 38 70.9587
712 203 2320.8909
713 51 38.7635
714 139 871.5090
715 124 807.6204
716 224 2810.0754
717 133 34.1041
718 157 171.3143
719 160 574.8321
720 79 355.0412
721 100 42.3836
722 76 52.6606
723 30 17.1873
724 112 243.2706
725 162 812.5432
726 67 74.9239
727 29 0.4764
728 213 1243.3185
729 102 329.5746
730 25 1.4468
731 228 1691.6213
732 230 774.0943
733 106 424.2563
734 86 247.7611
735 245 452.9613
736 76 203.6541
737 294 3979.4974
738 122 482.9831
739 93 482.2123
740 185 1711.2063
741 162 352.4344
742 194 1889.7004
743 25 14.6645
744 68 230.2513
745 199 1255.0146
746 329 5569.5453
747 57 160.3131
748 292 2684.0838
749 72 132.5928
750 173 1470.9249
751 230 1382.7979
752 51 107.9623
753 32 6.3294
754 63 142.9845
755 55 177.0498
756 44 53.4961
757 161 859.6375
758 28 45.4374
759 74 308.6774
760 60 6.8561
761 97 187.9713
762 120 810.5717
763 43 99.8684
764 210 199.8535
765 133 464.6685
766 175 604.1764
767 56 169.2495
768 136 893.2991
769 237 957.4662
770 23 14.8159
771 83 385.2720
772 103 316.0104
773 71 158.6767
774 39 84.4955
775 124 614.5417
776 79 131.3449
777 137 429.4040
778 72 33.2379
779 215 1073.8437
780 178 693.9919
781 167 1382.8977
782 186 1299.3913
783 44 31.8853
784 71 255.1386
785 40 24.8855
786 115 340.0341
787 192 282.8589
788 41 36.9041
789 116 692.0636
790 119 108.5309
791 263 3029.6731
792 282 347.1410
793 270 2379.6334
794 114 213.2755
795 97 299.4622
796 146 616.7461
797 138 237.1716
798 198 1184.5180
799 148 484.3843
800 135 173.5674
801 202 168.1533
802 104 349.3950
803 243 2346.8711
804 117 253.4262
805 139 700.7573
806 52 122.2312
807 56 106.8469
808 119 138.3615
809 168 957.9903
810 128 339.5147
811 218 1597.5739
812 193 277.7127
813 138 785.5359
814 131 900.7797
815 193 2310.1839
816 100 548.5334
817 54 142.8932
818 23 32.3204
819 102 341.1905
820 65 96.6335
821 262 3086.8146
822 165 302.3302
823 85 417.7302
824 135 91.0941
825 124 791.3372
826 26 21.7158
827 43 18.4966
828 59 40.9632
829 200 1832.0149
830 95 371.3544
831 199 1909.5190
832 48 30.8675
833 186 509.0091
834 46 43.5253
835 161 830.9292
836 184 1474.7014
837 125 126.3547
838 57 16.0165
839 72 78.5331
840 32 4.3120
841 141 500.8340
842 215 328.0811
843 165 881.2683
844 117 421.2348
845 217 2184.1866
846 112 153.3446
847 43 98.5806
848 206 59.8518
849 49 7.2466
850 161 1370.9012
851 171 1530.7423
852 163 1255.5117
853 59 24.1318
854 85 20.9965
855 29 35.2361
856 111 185.1673
857 188 2023.9063
858 125 562.4128
859 197 876.3755
860 123 80.0677
861 180 381.5167
862 152 1015.1679
863 170 1579.0468
864 147 1248.1879
865 193 1803.0724
866 130 894.2658
867 168 739.5141
868 64 192.8517
869 155 1146.2653
870 123 115.1814
871 98 583.0652
872 158 1025.8179
873 25 0.2808
874 84 66.1610
875 216 432.5993
876 107 88.7958
877 99 43.9255
878 254 3995.7366
879 60 75.7914
880 119 316.4916
881 215 817.9389
882 103 363.7249
883 221 821.4049
884 56 50.7129
885 522 9685.4691
886 77 78.2937
887 40 51.4996
888 90 6.1183
889 161 1101.9803
890 195 961.4732
891 50 74.3022
892 64 181.3785
893 69 105.9760
894 190 799.2031
895 147 1153.4717
896 94 21.2521
897 75 321.2080
898 156 1190.2666
899 111 109.7141
900 182 2060.1135
901 70 143.8813
902 77 275.6203
903 89 321.0770
904 126 360.3832
905 165 1080.1479
906 111 756.6889
907 204 1309.6679
908 115 202.2044
909 71 200.0314
910 202 1240.7775
911 149 161.3247
912 48 82.6010
913 88 358.8700
914 195 450.3887
915 36 35.8480
916 52 27.2656
917 143 945.0398
918 195 1222.2802
919 31 37.3697
920 181 413.9741
921 172 1222.3142
922 66 222.4518
923 200 399.1287
924 116 159.3533
925 176 925.9614
926 62 228.9490
927 290 2904.2638
928 136 356.6048
929 77 1.6147
930 115 110.9681
931 41 77.8531
932 71 136.3019
933 182 665.7207
934 225 2171.9341
935 33 5.7841
936 34 32.1811
937 105 5.6819
938 93 88.2756
939 114 17.1242
940 135 493.1972
941 167 218.9187
942 109 724.9839
943 153 1319.3466
944 81 100.0221
945 93 299.4626
946 74 136.6406
947 167 1413.8334
948 160 957.2953
949 75 175.0677
950 44 120.5445
951 87 287.8605
952 291 1300.6101
953 124 795.0999
954 234 1971.9284
955 138 484.0879
956 98 456.4531
957 126 575.7721
958 80 136.7102
959 146 827.9911
960 327 4833.5636
961 146 251.0865
962 26 3.7495
963 149 1161.2644
964 277 3656.6302
965 28 16.4609
966 184 941.3540
967 80 10.5096
968 47 0.2313
969 90 469.2550
970 284 4116.1500
971 100 295.3834
972 242 2146.0775
973 120 788.7519
974 144 209.8077
975 157 1129.1674
976 213 2145.5705
977 36 44.6985
978 253 2284.2012
979 245 2643.8241
980 163 1371.1127
981 64 166.2169
982 128 604.3409
983 104 194.5696
984 80 397.5797
985 105 320.6790
986 197 1114.8121
987 158 1545.1123
988 305 2510.5303
989 48 77.3155
990 131 285.2369
991 24 2.0800
992 117 436.5459
993 74 272.2905
994 136 504.1286
995 108 68.8909
996 113 84.5062
997 26 34.5132
998 147 794.9478
999 112 665.4694
1000 60 161.4806
<precedence relations>
1,83
1,87
2,11
2,12
2,13
2,14
3,18
3,33
4,11
4,12
5,11
5,12
5,15
5,16
5,17
5,18
6,11
6,12
6,13
6,14
6,15
6,16
6,17
6,18
7,11
7,12
7,13
8,11
8,12
8,17
9,11
9,14
10,11
10,12
11,19
11,21
11,25
12,103
13,19
14,19
14,20
14,22
14,25
14,33
15,19
15,20
15,21
15,22
15,24
15,25
15,33
16,19
16,20
16,21
16,22
16,23
16,24
16,25
17,19
17,20
17,21
17,23
18,19
18,20
18,21
19,26
19,27
19,28
19,29
19,30
19,31
19,32
19,34
19,35
20,26
20,27
20,28
20,29
20,30
20,31
20,34
20,41
20,42
21,26
21,27
21,28
21,29
21,30
21,42
22,26
23,26
23,27
23,28
23,32
23,33
24,26
24,27
24,28
24,29
24,30
24,31
24,40
24,41
24,42
25,26
25,27
25,28
25,31
25,35
25,46
26,55
26,63
27,36
27,37
27,38
27,39
28,36
28,50
29,36
29,37
29,38
29,39
30,36
30,38
30,50
31,36
31,37
31,38
31,50
32,40
32,41
32,42
33,36
33,37
33,38
33,39
34,36
34,37
34,46
34,48
34,50
35,36
35,37
35,38
36,45
36,47
37,43
37,44
37,45
37,49
38,208
39,43
39,44
39,45
39,48
39,49
39,50
40,138
40,140
40,141
40,142
40,143
41,43
41,44
41,45
41,46
41,47
41,48
41,49
41,50
42,43
42,44
42,45
42,46
42,47
42,48
42,49
42,50
43,51
43,52
43,53
44,51
44,52
44,53
45,51
45,52
45,53
46,51
46,52
46,53
47,51
47,52
47,53
48,51
48,52
48,53
49,51
49,52
49,53
50,51
51,54
51,55
51,56
51,57
51,58
51,60
52,54
52,55
52,56
52,57
52,59
52,61
52,62
53,54
53,58
54,63
55,105
55,120
56,63
56,64
56,65
56,66
56,67
57,63
57,64
57,65
57,66
58,65
59,63
59,64
59,65
59,66
59,67
60,63
60,64
61,63
61,64
61,65
61,66
61,67
62,63
62,64
62,65
63,68
64,68
64,69
64,70
64,73
65,71
65,72
65,73
65,74
66,68
66,69
66,70
66,71
66,72
66,73
66,74
67,68
67,69
67,70
67,71
67,72
67,73
67,74
68,75
68,76
68,77
68,78
68,79
68,80
68,81
68,82
69,75
69,76
69,77
69,78
69,79
69,80
69,81
69,82
70,75
70,76
70,77
70,78
70,79
70,80
70,81
70,82
71,75
71,76
71,77
71,78
71,79
71,80
71,81
71,82
72,75
72,76
72,77
72,78
72,79
72,80
72,81
72,82
73,75
73,76
73,77
73,78
73,81
74,102
74,109
74,114
75,83
75,84
75,85
75,86
75,87
76,83
76,84
76,85
76,86
76,87
77,83
77,84
77,85
77,86
77,87
78,83
78,84
78,85
78,86
78,87
79,83
79,84
79,85
79,86
79,87
80,83
80,84
80,85
80,86
81,83
81,84
81,85
81,87
82,167
83,88
83,89
83,90
83,91
83,92
84,88
84,89
84,90
84,91
84,92
85,88
85,89
85,90
86,88
86,89
86,90
87,88
87,89
87,90
87,91
87,92
88,153
89,93
89,98
89,101
90,93
90,94
90,96
90,97
90,99
90,102
90,108
91,93
91,94
91,95
91,96
91,97
91,98
91,99
91,100
92,95
92,100
92,102
93,476
94,103
94,104
94,105
94,106
94,109
95,256
96,103
96,107
96,116
97,103
97,104
97,105
98,103
98,104
98,105
98,108
99,103
99,104
99,105
100,103
101,103
101,104
102,103
102,104
102,105
102,115
103,110
103,111
103,112
104,110
104,111
104,112
104,113
104,116
105,110
105,116
105,121
106,113
106,115
107,110
108,110
108,111
108,112
108,114
109,110
109,111
110,119
111,164
111,209
112,251
112,273
113,117
113,118
113,119
113,120
113,121
114,117
114,118
114,136
115,117
115,118
115,119
115,120
116,118
117,126
118,128
118,141
118,143
119,122
119,123
119,124
119,126
119,136
120,122
120,123
120,124
120,125
120,126
121,122
121,123
121,124
121,125
121,126
122,127
122,128
122,129
122,134
122,141
123,127
123,128
123,129
123,135
124,127
124,128
124,129
124,130
124,132
124,140
125,127
125,129
125,134
125,135
125,136
126,127
126,128
126,129
126,130
126,131
126,132
126,133
126,134
127,139
128,137
128,138
128,139
128,142
129,137
129,138
129,143
130,137
130,138
130,141
130,143
131,137
131,138
131,139
132,137
132,138
132,143
133,137
133,138
133,139
133,140
133,141
134,349
135,137
135,143
136,137
136,138
136,139
136,140
136,141
136,142
136,143
137,144
137,145
137,146
137,147
137,148
137,149
138,144
138,145
138,146
138,147
138,148
138,149
139,144
139,145
139,146
139,147
139,148
139,149
140,144
140,147
140,149
141,146
141,162
142,144
142,145
143,419
143,438
144,155
145,150
145,151
145,152
145,153
145,154
145,155
146,150
146,151
146,152
146,153
146,163
147,150
147,151
148,153
149,150
149,151
149,152
149,169
149,172
150,156
150,157
150,164
151,156
151,157
151,158
151,165
152,161
153,156
153,157
153,158
153,159
153,160
153,161
153,164
153,165
154,156
154,157
154,158
154,159
154,160
154,161
154,162
154,163
154,164
154,165
155,156
155,157
155,158
155,159
155,160
155,161
155,162
155,163
155,164
156,166
156,168
156,173
156,174
157,166
158,170
158,171
158,175
159,326
159,340
159,346
160,166
160,167
160,168
160,169
160,172
161,166
161,167
161,168
162,166
162,167
162,168
162,169
162,173
163,166
163,169
163,181
164,384
165,166
165,167
165,188
166,177
167,176
167,177
168,176
168,177
169,176
169,177
169,178
169,183
170,176
170,177
170,179
170,188
171,176
171,177
171,178
171,179
171,180
171,181
172,176
173,176
173,177
173,178
174,176
174,177
174,178
174,181
175,176
175,177
176,182
176,191
177,182
177,184
177,185
177,189
177,190
177,191
178,182
178,186
178,187
178,188
178,189
178,190
178,191
179,182
179,183
179,187
179,190
179,191
180,182
180,183
180,184
180,185
180,186
180,187
180,188
181,189
181,190
181,191
182,192
182,193
182,194
183,192
183,193
183,194
184,192
184,193
184,194
185,192
185,193
185,194
186,192
186,193
187,192
187,194
187,201
188,192
188,193
188,194
189,192
189,193
189,194
190,192
190,193
190,194
191,192
191,193
191,194
192,195
192,196
192,197
192,198
192,199
192,200
192,208
193,195
193,196
193,197
193,198
193,200
193,201
194,196
194,197
194,215
195,202
195,203
195,204
195,205
195,206
195,209
195,215
196,202
196,203
196,204
196,207
197,202
197,203
197,221
198,202
198,203
198,204
198,205
198,210
199,202
199,203
200,202
200,203
200,204
200,214
200,215
201,202
201,203
201,206
201,208
202,211
203,211
203,212
203,216
203,229
204,211
204,212
204,213
205,214
206,211
206,212
207,211
208,211
208,212
208,213
208,215
209,391
210,212
210,213
211,219
212,217
212,218
212,219
212,220
213,217
213,218
213,219
213,220
213,221
214,217
214,220
214,235
215,217
215,218
215,219
215,220
215,221
216,323
216,346
217,222
217,223
217,224
217,225
218,225
218,228
219,222
219,223
219,224
219,225
219,226
219,227
219,237
220,222
220,226
220,236
220,237
221,222
221,223
221,229
221,236
222,230
222,231
222,238
223,230
223,231
223,232
223,234
223,238
224,294
225,230
225,231
225,232
225,233
225,236
226,230
226,231
226,233
227,230
227,231
227,232
227,233
227,234
227,235
228,230
228,231
228,232
228,237
228,238
229,230
229,231
229,235
229,237
230,239
230,240
230,241
230,242
230,243
230,244
231,239
231,240
231,241
231,243
232,239
232,240
232,241
232,242
232,243
232,244
233,239
234,239
234,240
234,308
235,239
236,239
236,240
236,260
237,244
238,239
238,240
238,241
238,242
239,319
239,340
240,250
240,350
241,245
241,247
241,262
241,264
242,245
242,246
242,247
242,249
242,251
242,253
242,254
243,246
243,248
243,252
244,245
244,246
244,247
244,248
244,249
245,255
245,256
246,255
246,256
246,258
246,259
246,260
247,255
247,256
247,257
247,258
247,263
247,271
247,273
248,255
248,256
248,257
248,261
249,255
249,256
249,257
250,342
251,255
251,256
251,264
252,255
252,256
253,255
253,256
253,257
253,273
253,274
254,255
254,256
254,257
254,258
254,262
255,265
255,267
256,314
256,347
257,265
257,272
258,265
258,266
259,265
259,266
259,267
259,268
259,269
259,270
259,271
259,273
259,274
260,265
260,266
261,265
261,266
261,267
261,268
261,269
261,273
261,274
262,265
262,266
262,269
263,265
263,266
263,267
263,268
263,269
263,274
264,265
264,266
264,267
264,270
264,274
265,275
265,276
265,277
265,278
265,280
266,275
266,276
266,277
266,278
267,275
267,276
267,280
268,279
268,317
269,277
269,278
269,279
270,275
270,276
271,275
272,275
272,276
272,277
272,278
272,279
273,275
273,276
274,275
274,276
274,277
274,278
274,279
275,281
275,282
275,285
275,286
275,287
276,284
277,281
277,282
277,283
277,284
278,281
278,282
278,285
279,283
279,286
280,281
280,282
281,290
282,628
282,654
282,707
283,390
283,431
284,288
284,289
284,291
285,288
285,289
286,289
287,288
287,289
287,290
287,291
288,292
288,293
288,294
288,295
289,292
289,293
289,298
289,299
289,300
289,301
289,325
290,292
290,293
290,294
290,295
290,296
290,297
291,433
291,434
292,302
292,303
293,302
293,303
293,304
293,305
293,308
294,386
295,302
295,303
295,304
295,305
295,306
295,308
295,325
296,302
296,303
296,307
296,309
297,302
297,303
297,304
297,305
297,306
297,311
298,302
298,303
299,452
299,463
299,475
300,302
300,306
301,310
302,312
302,313
303,312
303,313
303,314
304,312
304,319
305,337
306,312
306,315
306,333
306,338
307,312
307,317
308,458
308,551
309,312
309,313
310,312
310,316
310,318
310,340
311,312
311,313
311,314
311,315
312,320
312,346
313,320
313,321
313,322
313,323
313,326
313,327
313,328
314,320
314,321
314,322
314,339
315,320
315,321
315,322
315,323
315,327
315,340
316,320
316,321
316,322
316,347
317,320
317,325
318,320
318,321
318,322
318,326
319,320
319,321
319,324
320,733
320,779
321,330
321,334
322,547
323,419
323,420
324,329
324,332
324,341
325,329
326,329
326,330
326,331
327,329
327,330
327,331
327,346
328,329
328,330
328,331
328,332
328,333
329,335
329,339
329,342
329,349
330,336
330,341
331,335
331,342
331,348
331,349
331,350
332,335
332,336
332,337
332,338
332,339
332,348
333,335
333,336
333,337
333,340
334,335
334,336
334,337
335,343
335,344
335,345
336,349
337,345
337,346
337,350
338,343
338,344
338,345
338,346
339,343
339,350
339,393
340,343
340,344
340,467
340,579
341,343
341,344
341,348
342,343
342,344
342,347
343,619
343,686
344,354
344,576
344,580
344,581
345,353
346,351
346,352
346,353
346,354
347,351
347,352
347,353
347,354
348,351
348,352
348,353
348,354
349,351
350,388
350,478
351,355
351,356
351,357
351,358
351,359
352,355
352,356
352,360
352,361
352,363
353,355
353,356
353,362
354,510
354,599
354,629
355,364
355,365
355,366
355,367
355,368
356,364
356,368
357,364
358,364
358,365
358,366
358,367
358,369
359,364
360,364
361,364
361,365
362,364
362,365
362,367
363,403
364,370
364,371
364,374
365,440
365,530
365,550
366,370
366,415
367,370
367,389
368,370
368,372
368,373
368,375
369,370
369,371
369,372
369,373
369,374
369,382
370,381
370,419
370,423
371,376
371,377
371,378
371,380
372,377
373,376
373,377
374,379
375,376
375,382
376,383
376,440
377,389
377,407
378,383
378,384
378,385
378,386
378,387
378,388
378,393
379,388
379,391
380,383
380,400
381,383
381,385
381,392
381,425
382,383
382,384
382,387
382,390
383,394
384,394
384,395
384,396
384,397
385,394
385,430
386,394
386,395
386,397
387,866
387,892
388,491
389,396
390,396
390,400
391,394
391,395
391,396
391,399
391,419
392,394
392,395
392,396
393,394
393,395
393,398
394,407
395,401
395,402
395,406
396,401
396,402
396,403
396,404
396,405
397,401
397,402
397,404
397,405
397,408
398,482
398,496
399,401
399,402
399,409
400,401
400,402
400,403
400,432
401,410
402,410
403,416
403,448
404,587
404,602
405,411
405,495
406,410
407,414
407,417
408,410
408,411
408,412
408,413
408,415
409,412
410,418
410,420
411,511
412,423
412,425
413,418
414,418
414,422
414,424
415,418
415,419
416,418
416,421
417,577
417,587
417,594
418,426
419,426
420,430
421,580
422,428
422,431
422,442
423,426
424,426
424,427
424,429
425,427
426,436
427,432
427,433
427,441
427,442
428,432
428,433
429,513
429,554
430,433
430,434
430,435
430,437
431,494
432,499
433,438
433,439
433,443
433,444
433,445
434,438
434,439
434,440
434,441
435,438
435,439
435,440
435,441
435,442
435,443
436,442
436,449
437,438
437,440
437,445
437,449
438,446
438,447
439,446
440,567
440,735
441,516
442,446
442,447
443,446
443,447
443,448
443,449
444,446
444,447
444,448
444,449
445,446
446,451
446,452
447,450
447,451
447,452
448,450
448,468
449,658
449,744
450,453
450,454
450,456
451,455
451,474
452,453
452,456
453,457
453,494
454,457
454,458
454,459
454,460
454,462
454,463
455,461
455,475
456,645
458,467
458,496
458,531
459,464
460,464
461,464
461,465
461,468
462,464
462,465
462,469
462,470
463,464
463,465
463,466
464,613
465,471
466,474
467,524
467,668
467,741
468,473
468,496
469,641
469,705
470,472
470,475
471,476
471,477
471,478
471,479
471,480
471,481
472,476
473,476
474,476
475,476
475,477
475,479
475,481
475,486
475,488
476,482
477,566
477,572
478,482
478,486
479,485
479,487
480,482
480,483
480,484
480,488
481,484
482,489
482,490
482,493
483,546
484,491
484,492
485,489
485,490
485,496
486,489
486,490
487,489
488,649
489,495
490,494
491,494
491,496
492,494
493,494
494,497
494,498
494,499
494,500
494,501
495,499
495,500
496,595
497,502
497,503
497,504
498,502
498,504
498,517
499,502
499,503
499,504
499,505
499,508
500,545
500,546
501,502
501,503
501,504
501,506
501,507
502,509
502,510
502,511
502,512
503,509
503,602
504,642
505,512
505,513
505,547
506,510
506,511
506,515
506,517
506,522
506,523
507,509
507,510
507,511
507,516
508,509
508,514
508,518
509,993
510,699
510,727
511,519
511,532
511,533
512,857
512,871
512,872
513,559
513,606
513,629
514,520
514,522
514,523
515,519
515,520
515,533
516,519
516,520
516,521
517,521
518,519
519,526
519,527
520,607
520,617
521,524
521,525
522,524
522,525
522,526
523,524
523,808
523,834
524,763
525,528
525,529
525,530
525,532
525,533
526,528
526,529
527,528
527,530
527,531
527,534
528,816
528,928
528,933
529,571
530,537
530,557
531,535
531,536
532,566
533,535
533,536
534,536
535,538
535,539
535,543
536,542
537,538
537,539
537,540
537,541
538,669
539,544
539,546
539,549
539,566
540,544
540,545
540,548
540,566
541,544
541,545
541,547
541,551
542,544
543,544
543,545
543,550
544,558
545,552
545,555
545,556
545,573
546,552
546,553
546,579
547,552
547,553
547,559
547,562
547,579
548,552
548,553
548,554
548,555
548,556
549,552
549,553
549,554
549,555
550,552
550,557
551,635
551,643
552,560
552,565
553,572
554,563
555,562
555,564
556,560
556,561
557,560
557,561
557,566
558,560
559,623
559,646
559,686
560,567
560,568
560,570
560,572
561,568
562,574
562,580
562,581
563,567
563,573
563,581
564,710
564,729
565,569
565,571
566,567
566,568
567,861
568,575
568,581
569,955
570,735
571,578
571,580
572,575
572,576
572,581
573,575
573,576
573,579
574,575
574,576
574,577
575,582
575,583
575,584
576,582
576,583
576,584
577,582
577,595
578,582
580,787
581,721
581,745
582,585
582,588
583,585
583,586
583,587
583,588
583,590
584,587
584,589
584,591
584,592
584,611
585,593
585,596
586,992
587,593
587,780
587,887
588,597
589,594
590,595
591,593
591,595
592,745
593,776
594,599
595,598
595,599
596,598
596,599
596,600
596,601
596,602
596,604
597,598
597,603
598,609
598,655
599,605
599,607
600,606
600,610
600,611
601,887
602,605
602,634
603,605
603,608
604,605
605,614
605,635
606,612
606,613
606,614
606,616
607,626
608,612
608,635
609,617
609,635
610,612
610,613
611,615
612,618
612,619
612,620
613,618
613,635
614,618
615,622
615,623
615,630
616,619
616,621
617,620
617,722
618,624
618,625
619,682
619,708
619,731
619,746
620,627
620,682
620,752
621,625
621,626
622,628
622,629
622,670
622,684
623,655
623,695
624,630
625,630
625,631
626,632
626,633
626,634
626,635
627,726
629,654
629,704
629,707
630,636
630,637
630,638
630,639
630,640
630,641
630,642
630,643
631,638
631,661
632,636
633,676
634,640
635,642
636,647
636,649
637,646
637,695
638,648
638,729
638,787
639,644
639,645
639,650
640,644
640,645
640,646
641,651
641,667
642,645
643,644
644,652
644,653
644,654
644,655
645,652
645,653
645,656
646,655
647,821
648,753
648,854
649,652
649,653
649,706
650,652
651,652
651,653
651,706
652,658
652,675
652,698
653,785
654,657
654,686
654,697
655,657
655,658
655,661
655,662
655,663
656,659
656,660
657,669
657,753
658,665
658,668
659,675
660,664
660,665
660,671
661,667
661,669
661,670
662,664
662,707
663,666
664,672
664,682
664,697
665,672
665,769
666,674
666,710
667,672
667,674
667,675
667,711
668,672
668,685
669,672
669,872
670,730
670,839
670,887
670,888
671,673
672,792
673,678
673,679
673,680
674,701
674,802
674,966
675,676
675,677
675,692
676,681
676,690
676,713
677,681
677,685
677,687
677,713
678,681
678,683
678,686
679,682
679,832
680,684
680,736
680,782
681,689
681,691
681,696
682,693
682,785
682,822
683,692
683,694
683,695
683,697
683,707
684,688
685,690
685,759
685,763
686,822
686,866
686,989
687,688
688,755
689,707
689,851
690,702
690,850
690,855
691,799
692,703
693,935
694,714
696,700
696,704
697,698
697,699
697,700
697,701
697,702
697,705
697,706
697,709
698,708
698,711
699,847
700,708
700,710
700,723
701,908
703,726
704,708
704,709
704,737
705,861
705,869
705,901
706,985
708,712
709,800
709,859
710,714
710,715
711,712
711,713
711,714
712,716
712,718
712,722
712,724
713,717
713,723
713,731
714,716
714,717
714,719
714,720
715,716
715,721
715,743
716,725
716,726
716,728
716,741
717,725
717,790
718,752
718,781
718,846
719,730
719,813
720,725
720,727
720,731
721,731
721,773
722,739
722,761
722,834
722,835
723,729
724,726
725,732
726,734
727,733
727,735
728,753
728,784
729,737
729,788
730,761
730,867
731,736
731,788
732,738
732,739
732,740
732,792
733,738
733,739
733,744
734,738
734,740
734,742
734,745
735,743
735,746
735,773
736,741
736,757
736,790
736,792
737,738
737,739
737,740
738,747
739,749
739,814
740,751
740,795
741,747
741,772
742,750
742,824
743,747
743,748
743,795
744,747
745,748
746,752
747,753
747,756
747,775
748,753
748,755
748,757
749,795
750,754
750,759
750,799
751,758
751,764
752,892
753,761
753,807
753,835
754,836
754,889
755,763
755,765
756,960
757,760
757,764
758,774
759,762
761,870
761,965
762,766
762,768
762,861
763,766
763,796
764,769
765,767
765,856
766,770
766,772
766,774
767,771
768,773
769,775
770,776
771,854
772,825
772,922
773,777
773,936
774,779
775,778
775,780
776,781
776,784
776,840
777,782
777,875
777,964
778,783
778,785
779,931
780,786
781,787
782,790
782,819
782,908
782,965
782,999
783,789
784,788
784,792
784,849
785,791
786,917
787,823
788,793
788,865
789,794
790,795
791,793
791,796
792,870
792,897
793,797
793,798
793,802
794,799
794,801
794,810
796,800
797,875
797,892
797,919
798,805
798,807
798,818
798,869
799,803
799,804
799,808
800,806
800,809
801,921
801,924
803,815
803,828
804,812
805,819
805,830
805,922
806,811
806,816
806,818
807,819
807,893
808,813
808,814
808,817
809,810
810,824
811,820
812,821
813,823
814,820
814,823
815,822
815,870
818,903
818,910
818,980
820,825
820,826
821,825
821,827
821,829
821,859
823,828
824,827
825,902
825,930
826,830
826,831
826,848
827,830
827,831
828,832
828,833
829,834
829,835
830,839
830,893
831,836
831,840
831,841
831,842
832,837
833,836
833,838
834,898
834,917
835,946
835,974
836,888
836,908
836,934
837,845
837,848
837,856
837,895
838,910
838,911
839,882
839,991
840,939
841,963
842,843
842,844
842,846
842,847
842,860
843,855
844,856
844,866
845,849
845,851
846,850
846,853
846,854
846,857
847,852
847,895
848,849
849,860
849,866
850,858
850,865
851,859
852,861
852,884
852,898
853,858
853,863
854,877
855,864
856,875
856,911
857,862
858,873
859,872
860,867
860,871
861,867
861,872
862,867
862,868
862,870
863,955
863,974
864,987
865,989
866,869
866,974
867,874
867,878
868,877
869,986
870,879
870,880
870,893
871,875
871,880
871,911
872,891
873,876
873,902
874,881
874,882
874,883
875,930
876,887
876,888
876,931
877,881
878,885
878,889
878,969
879,884
879,886
879,910
879,944
881,890
881,891
883,972
886,892
886,942
887,915
888,893
889,906
889,923
890,897
891,894
891,896
891,899
892,895
892,898
893,949
894,902
895,923
896,903
898,901
899,900
900,904
900,912
900,993
902,908
902,910
902,911
903,905
903,906
903,907
903,909
903,947
905,913
905,916
905,918
905,954
905,961
906,949
906,954
907,914
907,915
907,945
907,989
909,917
910,968
911,919
912,973
913,934
914,922
915,920
915,953
915,957
916,934
916,969
918,998
919,921
919,923
919,924
920,930
920,978
921,927
921,928
922,929
923,926
923,931
924,925
924,947
924,966
925,933
928,934
928,938
930,976
931,932
931,935
931,978
932,941
933,937
933,940
934,942
934,958
935,936
935,938
935,939
935,994
936,943
937,944
937,948
937,988
939,946
941,947
942,945
943,950
943,952
944,953
945,949
946,973
947,954
947,967
948,951
949,956
949,959
950,955
950,957
951,958
951,960
951,969
953,961
954,958
954,984
954,990
955,968
956,964
956,967
957,966
959,962
959,963
960,965
961,969
963,971
963,973
963,975
964,972
964,976
964,993
965,970
965,987
967,974
969,973
970,980
970,984
971,979
972,983
974,977
975,978
975,981
975,985
976,982
976,986
976,987
979,991
981,991
981,992
981,993
982,995
984,989
986,988
986,990
990,994
990,1000
991,997
991,999
992,995
992,998
993,996
<end>