<number of tasks>
50
<cycle time>
1000
<order strength>
0.195
<z_alpha>
1.645
<task times>
1 38 85.8199
2 299 3139.7789
3 181 1522.7811
4 22 14.2107
5 197 488.5937
6 78 239.9574
7 195 2020.4001
8 70 138.0037
9 49 144.8010
10 165 1349.8505
11 116 86.6124
12 71 88.6633
13 152 1060.8946
14 145 672.3434
15 183 679.6558
16 117 679.1319
17 77 162.8174
18 61 160.6245
19 149 398.5251
20 22 13.9281
21 80 67.2554
22 34 45.5312
23 258 581.3798
24 182 1470.5483
25 34 33.6632
26 83 121.8370
27 92 83.8608
28 92 83.1212
29 115 798.3591
30 307 5845.0647
31 186 80.7422
32 310 2315.5507
33 71 126.2357
34 303 4020.5586
35 290 1842.7160
36 186 1914.2109
37 205 553.9972
38 82 60.2592
39 184 1636.5815
40 98 382.7134
41 33 37.1467
42 179 665.7363
43 125 738.7132
44 159 85.0952
45 79 113.1195
46 67 164.5583
47 55 20.7700
48 68 81.7442
49 102 272.6292
50 129 1036.2740
<precedence relations>
1,13
3,27
4,12
4,14
5,8
5,9
5,10
5,11
5,37
6,19
9,19
10,16
11,35
12,15
12,17
12,18
13,41
15,24
16,47
17,21
18,20
18,43
19,22
19,23
20,28
22,25
22,27
24,26
24,29
25,30
25,31
26,36
26,38
27,35
29,31
29,32
29,33
29,34
29,37
30,41
30,43
30,44
32,39
33,41
33,42
34,40
39,45
39,50
40,48
41,46
41,47
41,50
42,45
42,49
<end>