<number of tasks>
20
<cycle time>
1000
<order strength>
0.516
<z_alpha>
1.960
<task times>
1 303 2536.9161
2 86 269.4099
3 122 258.7274
4 212 1457.4038
5 226 3029.1043
6 145 1232.4020
7 143 738.7779
8 140 736.2026
9 107 630.8927
10 56 151.1463
11 236 258.0646
12 264 654.6038
13 127 485.8654
14 166 1110.1538
15 284 1288.9367
16 23 31.3676
17 24 26.8114
18 112 62.4624
19 124 210.2153
20 54 149.3896
<precedence relations>
1,4
1,5
1,7
2,5
3,5
3,6
4,9
5,8
5,10
5,12
7,10
7,11
7,12
8,13
9,14
10,14
11,14
12,14
13,15
14,16
14,17
15,18
16,19
17,20
<end>