<number of tasks>
20
<cycle time>
1000
<order strength>
0.295
<z_alpha>
1.280
<task times>
1 524 10475.5791
2 653 21008.9732
3 445 5667.4449
4 480 12030.8452
5 271 3998.9908
6 386 3792.0971
7 560 10401.4218
8 473 12630.8958
9 622 2156.3940
10 300 3313.4984
11 409 6433.2470
12 303 1986.1610
13 462 13267.3691
14 334 2400.4369
15 491 7732.5109
16 420 2305.7861
17 513 7883.8518
18 409 690.5265
19 381 2959.3226
20 698 1271.5852
<precedence relations>
1,13
2,13
3,7
3,8
4,9
7,13
8,10
9,11
9,12
10,13
12,14
12,15
13,16
13,17
13,18
13,19
13,20
<end>