<number of tasks>
50
<cycle time>
1000
<order strength>
0.202
<z_alpha>
1.280
<task times>
1 470 44339.5947
2 451 36544.2170
3 411 4977.6427
4 481 44945.6708
5 453 34046.8900
6 409 8845.3847
7 363 3742.3797
8 570 15858.1524
9 508 36046.9609
10 662 16295.6781
11 562 30118.4361
12 619 34271.2842
13 468 42791.6435
14 514 34529.0478
15 402 13119.9191
16 674 6948.4977
17 485 9864.6235
18 459 26339.8618
19 500 47421.8086
20 429 15592.0545
21 573 4902.4266
22 354 8135.9696
23 579 35768.9426
24 488 26656.9617
25 521 3051.1936
26 275 5905.2522
27 475 53071.3056
28 577 26141.0885
29 525 41355.1825
30 535 55636.3423
31 468 17110.3709
32 453 5457.7095
33 333 21746.6204
34 497 57490.6915
35 561 26259.6615
36 600 22079.5995
37 446 31187.2643
38 269 7099.8561
39 313 4493.0250
40 482 17182.3705
41 463 15202.1959
42 644 15043.2351
43 492 19547.4730
44 380 34753.5245
45 419 10563.1429
46 548 48412.4989
47 362 9361.9296
48 370 27367.6931
49 412 2345.7179
50 684 1930.9935
<precedence relations>
1,16
2,16
3,16
4,11
5,12
6,15
7,9
7,14
8,10
8,13
9,16
10,16
11,18
12,17
13,19
14,23
15,20
15,21
15,22
16,24
16,25
16,26
16,27
16,28
16,32
17,29
18,31
19,30
20,33
23,34
24,37
28,38
29,35
30,36
33,41
35,39
36,43
37,40
37,41
38,42
39,44
40,46
41,45
41,47
44,48
45,50
47,49
<end>