<number of tasks>
20
<cycle time>
1000
<order strength>
0.195
<z_alpha>
1.645
<task times>
1 172 1315.5554
2 537 9404.8122
3 295 4138.5369
4 272 619.1067
5 119 770.5905
6 28 41.0132
7 287 212.4979
8 484 7622.1911
9 160 242.1701
10 324 857.5596
11 165 1220.2547
12 54 7.5260
13 101 609.4627
14 600 7859.7999
15 292 1469.4122
16 219 1846.0966
17 201 313.6888
18 91 306.9707
19 462 2324.8367
20 459 678.7730
<precedence relations>
1,7
2,8
3,9
4,10
6,11
7,12
8,14
9,14
10,13
11,15
12,16
13,16
14,17
15,18
18,19
18,20
<end>