<number of tasks>
50
<cycle time>
1000
<order strength>
0.197
<z_alpha>
1.960
<task times>
1 439 16126.0149
2 132 4313.7170
3 558 14861.3895
4 266 13302.2198
5 240 5071.3307
6 87 963.1110
7 148 1841.0291
8 318 5751.2389
9 196 5617.8506
10 83 1402.0284
11 88 835.8115
12 458 20108.8818
13 149 1066.2901
14 154 3075.5889
15 173 1877.5229
16 38 234.2892
17 299 12985.0804
18 482 13653.1301
19 508 55079.6650
20 512 58605.8663
21 70 975.4181
22 188 7974.8664
23 147 409.4098
24 323 41.3419
25 439 4963.4876
26 271 14592.0395
27 464 17443.4229
28 277 13153.2907
29 318 10347.8099
30 160 3467.7572
31 423 12236.0636
32 496 61050.3552
33 73 838.3847
34 278 2950.1722
35 34 68.8229
36 157 90.2656
37 530 21656.8539
38 194 4746.1473
39 274 9488.9562
40 219 6894.9049
41 438 21060.2477
42 149 3935.6445
43 119 1329.2242
44 531 41473.4530
45 98 1454.4554
46 275 13254.1130
47 118 2283.9298
48 149 4338.1392
49 484 34795.8143
50 159 3611.1300
<precedence relations>
1,7
1,8
1,11
1,43
2,9
3,10
4,12
5,43
7,13
8,14
9,15
10,16
11,17
12,18
13,22
14,23
15,24
16,20
17,21
18,19
18,25
19,26
20,27
21,30
22,44
22,45
23,29
23,31
23,49
24,28
25,29
25,30
26,33
27,35
28,32
28,37
29,34
30,36
31,44
31,45
32,39
33,42
34,40
35,41
36,38
36,44
37,43
37,45
38,46
39,47
40,48
41,49
45,50
<end>