<number of tasks>
100
<cycle time>
1000
<order strength>
0.598
<z_alpha>
1.960
<task times>
1 37 65.8410
2 375 6071.1919
3 85 392.8473
4 39 43.9694
5 143 593.8927
6 304 1065.8334
7 201 1780.2147
8 173 1826.7032
9 161 896.6883
10 127 374.8399
11 148 52.3449
12 614 23035.7742
13 127 651.7340
14 519 12924.0312
15 334 4420.6008
16 116 507.9183
17 526 12763.0440
18 307 3501.5876
19 598 6044.6257
20 49 62.3720
21 145 9.1968
22 305 1946.2606
23 91 115.0632
24 488 11735.6778
25 88 209.4119
26 409 9806.0135
27 139 156.9467
28 113 132.1288
29 506 15245.1495
30 81 112.9858
31 509 3110.2834
32 306 287.0061
33 198 434.9909
34 60 83.3102
35 206 2000.4209
36 410 8037.4272
37 478 13411.6200
38 187 219.2464
39 211 2392.5700
40 24 7.8497
41 195 1116.7383
42 198 547.8234
43 162 775.0775
44 358 973.2942
45 92 425.5840
46 539 5259.4546
47 47 66.4670
48 75 248.6100
49 75 199.3316
50 300 1213.4002
51 457 12121.4908
52 165 365.1942
53 71 147.4567
54 121 829.4047
55 194 1630.1699
56 309 4960.1292
57 413 5021.4057
58 531 15903.0333
59 72 183.9072
60 65 124.2076
61 106 564.1032
62 518 9031.1121
63 93 452.1167
64 413 7724.1079
65 204 1644.5917
66 123 255.7815
67 463 4632.0677
68 23 25.9172
69 86 154.4514
70 132 8.5615
71 253 155.2899
72 164 293.5532
73 33 43.6137
74 414 8142.6079
75 161 53.7627
76 51 146.2332
77 327 6067.7215
78 280 3224.8111
79 356 6882.5268
80 75 240.5175
81 55 108.1932
82 312 4168.5374
83 425 8945.0553
84 82 124.5605
85 120 235.4721
86 409 8442.3967
87 36 35.4121
88 312 5498.2883
89 30 35.4709
90 499 2774.1395
91 168 1509.3729
92 22 28.6816
93 313 1881.1318
94 534 8232.9405
95 408 2489.4621
96 251 639.4636
97 583 14262.6516
98 453 8383.1685
99 44 118.6116
100 346 5174.3890
<precedence relations>
1,7
1,8
1,9
1,11
2,6
2,7
2,10
3,6
3,8
4,6
4,32
5,10
6,12
6,15
7,12
7,25
8,12
8,13
9,13
10,12
10,13
11,14
12,19
12,20
13,16
13,18
13,19
13,20
14,16
14,17
14,18
14,20
15,18
15,35
16,23
16,24
17,38
17,40
17,53
18,21
18,22
18,25
19,58
20,21
20,22
21,29
22,27
22,40
22,56
22,60
23,26
23,30
23,31
23,32
24,45
25,28
26,34
26,36
26,37
26,42
27,34
27,37
27,48
28,39
28,53
28,63
29,33
29,34
29,36
29,38
30,67
30,81
31,35
31,65
31,68
32,61
32,90
33,40
33,41
33,42
33,45
34,43
34,49
34,79
35,47
35,54
36,55
37,43
37,61
37,72
38,44
38,55
38,61
38,64
39,41
39,69
40,46
40,49
40,51
40,54
41,46
41,48
41,49
42,50
43,75
43,81
43,85
44,77
45,47
45,50
45,52
47,56
48,54
48,68
49,67
49,80
52,53
52,55
53,58
54,57
54,61
54,75
55,59
55,60
55,65
56,57
56,62
57,72
58,64
58,65
58,68
58,75
59,67
60,63
60,66
60,68
62,75
62,78
63,69
64,90
64,91
65,71
66,78
66,87
66,88
67,72
67,73
68,70
68,71
68,82
69,80
69,93
70,76
70,79
71,77
71,78
73,74
73,75
73,91
75,82
75,86
75,87
76,83
77,86
78,81
78,85
79,84
80,95
80,100
81,90
81,91
81,95
82,88
82,96
85,92
87,89
88,94
88,95
88,97
89,93
89,95
89,96
89,97
90,96
90,98
90,99
92,100
<end>