<number of tasks>
20
<cycle time>
1000
<order strength>
0.179
<z_alpha>
1.280
<task times>
1 136 2084.9254
2 73 230.0775
3 71 1051.7665
4 209 2446.3635
5 187 1530.2450
6 99 2174.8906
7 247 10633.3340
8 42 406.2173
9 134 1628.7081
10 90 1344.9149
11 61 198.1096
12 163 5485.9013
13 66 320.5795
14 182 8023.6569
15 162 92.6712
16 34 172.2726
17 116 2649.7340
18 402 9492.3189
19 185 265.0791
20 93 1327.6516
<precedence relations>
2,9
3,6
3,8
4,10
5,7
8,11
9,12
9,13
10,14
12,17
13,16
14,15
15,20
16,18
16,19
<end>