<number of tasks>
20
<cycle time>
1000
<order strength>
0.300
<z_alpha>
1.960
<task times>
1 571 29307.4622
2 247 4483.2418
3 482 47920.9083
4 481 33820.7509
5 510 31879.4777
6 565 39318.3324
7 327 23420.9476
8 262 7563.9444
9 722 15908.2475
10 461 5981.4991
11 555 51373.1423
12 519 12191.6953
13 595 42342.0742
14 545 32713.6089
15 442 29026.1869
16 535 17044.6803
17 441 36076.0476
18 571 22695.9584
19 593 22544.3091
20 482 13761.9584
<precedence relations>
1,14
2,14
3,14
4,5
4,6
4,7
4,8
4,9
6,10
6,11
8,12
8,13
10,14
11,15
14,16
14,17
14,18
14,19
14,20
<end>