<number of tasks>
20
<cycle time>
1000
<order strength>
0.211
<z_alpha>
1.645
<task times>
1 138 341.5946
2 42 11.3550
3 182 377.8148
4 111 489.0190
5 123 517.7406
6 190 1156.8108
7 223 2936.2231
8 57 113.1837
9 236 2865.3193
10 127 467.3033
11 275 1579.0095
12 202 241.4741
13 56 58.4755
14 61 74.6596
15 68 192.9773
16 211 1540.9157
17 102 77.9965
18 133 889.1067
19 289 4745.6313
20 79 75.5094
<precedence relations>
2,8
4,5
4,6
4,7
5,10
5,11
7,12
8,9
9,14
10,15
11,16
12,13
13,17
13,18
14,20
15,19
<end>