<number of tasks>
20
<cycle time>
1000
<order strength>
0.211
<z_alpha>
1.280
<task times>
1 518 14937.1462
2 476 42155.4535
3 292 12034.7280
4 612 18882.1052
5 438 8748.6986
6 552 1751.3851
7 648 10820.3211
8 357 7810.0147
9 552 51135.8749
10 665 17505.4700
11 454 31206.1247
12 536 51486.6001
13 484 31880.9972
14 583 6364.0539
15 568 11924.6608
16 666 6658.5230
17 246 14143.6689
18 343 16553.4424
19 383 36407.1729
20 752 4587.0686
<precedence relations>
3,5
3,7
3,8
4,6
4,9
6,10
7,11
10,12
10,13
10,14
11,15
11,16
15,17
15,18
15,19
16,20
<end>