<number of tasks>
20
<cycle time>
1000
<order strength>
0.184
<z_alpha>
1.960
<task times>
1 466 3035.5465
2 640 16566.6726
3 468 5788.4466
4 544 2480.4407
5 489 3747.2706
6 483 844.8966
7 596 4407.2056
8 607 8132.2581
9 391 9023.0101
10 457 7180.2231
11 289 1756.6626
12 555 10152.0652
13 430 2373.5202
14 464 7466.0803
15 625 20174.6161
16 47 73.4141
17 421 8795.3733
18 641 9433.5305
19 410 10148.8698
20 425 6924.1507
<precedence relations>
1,5
2,7
3,6
3,8
4,9
4,10
5,12
6,11
7,13
11,15
12,14
13,16
13,17
13,18
14,19
17,20
<end>