<number of tasks>
50
<cycle time>
1000
<order strength>
0.200
<z_alpha>
1.960
<task times>
1 483 825.8847
2 412 2475.9143
3 336 1728.9244
4 448 10458.8790
5 710 699.5583
6 417 2728.6425
7 409 7739.4572
8 540 3733.2536
9 441 4547.8065
10 425 10023.1059
11 386 3786.0788
12 347 4046.7150
13 499 9254.3845
14 645 12227.3334
15 510 7967.9096
16 670 5229.9880
17 572 12206.2686
18 361 1538.0563
19 563 19390.3365
20 501 14144.4914
21 421 2298.0544
22 439 1835.9049
23 395 8962.5953
24 582 2098.9722
25 482 11245.2741
26 722 7710.1133
27 504 8625.3932
28 395 7375.8439
29 551 17790.2394
30 551 6999.8672
31 391 3554.5050
32 636 8042.8452
33 492 4610.0743
34 382 264.6735
35 538 10403.2359
36 581 20468.9278
37 486 6348.2871
38 692 5712.7819
39 310 624.8131
40 482 14145.6193
41 404 6889.8257
42 516 6517.5415
43 778 593.9307
44 440 3852.1624
45 442 2505.2798
46 367 5374.0255
47 496 2541.0241
48 412 5490.0297
49 404 8514.5868
50 595 2888.1340
<precedence relations>
1,23
2,23
3,9
4,10
5,11
5,12
5,13
5,14
5,15
6,7
6,8
7,23
8,23
9,19
10,17
11,16
11,18
13,20
14,22
15,21
16,23
17,25
18,24
19,26
20,27
21,28
23,29
23,30
23,31
23,32
24,33
25,34
27,35
30,37
30,38
32,39
33,36
36,41
37,40
37,44
38,43
38,45
39,42
40,46
41,47
43,48
43,50
45,49
<end>