<number of tasks>
20
<cycle time>
1000
<order strength>
0.505
<z_alpha>
1.280
<task times>
1 478 37728.0614
2 314 1785.1418
3 524 26194.4586
4 641 13943.7536
5 261 12474.4895
6 570 28107.7588
7 535 47690.9702
8 449 27348.7742
9 305 5794.9036
10 627 25972.5773
11 465 30431.1346
12 665 25388.0407
13 576 46392.1093
14 439 164.8504
15 235 12960.4135
16 580 11630.0637
17 451 18288.8116
18 550 32348.1323
19 378 27193.3151
20 466 31114.7145
<precedence relations>
1,3
1,4
1,5
1,6
2,4
2,5
2,6
3,9
4,7
4,8
4,10
4,11
5,11
6,11
7,12
8,13
9,15
10,14
11,15
12,17
13,16
14,17
15,17
15,18
15,19
16,19
17,20
<end>