<number of tasks>
100
<cycle time>
1000
<order strength>
0.595
<z_alpha>
1.960
<task times>
1 77 270.3152
2 141 601.1481
3 122 875.8595
4 187 1263.2738
5 113 550.8359
6 41 7.3921
7 251 2094.5194
8 62 54.1431
9 305 806.0842
10 175 450.4540
11 68 240.5911
12 187 1846.9244
13 141 114.1485
14 107 76.3947
15 207 2647.9702
16 248 1917.7428
17 238 3417.4144
18 96 369.7518
19 221 127.0396
20 43 24.4117
21 169 565.4263
22 131 135.8460
23 44 61.1310
24 252 368.3381
25 201 998.2418
26 25 21.1817
27 123 46.1731
28 95 188.3124
29 48 39.3155
30 93 481.1405
31 81 283.4235
32 94 307.5570
33 197 1478.7878
34 235 1398.8405
35 151 1026.2536
36 342 335.1027
37 91 434.7555
38 35 22.2219
39 171 1455.1518
40 194 1783.0412
41 118 725.5599
42 36 7.9939
43 56 158.3133
44 40 40.8387
45 48 4.6458
46 300 3579.4118
47 89 243.1234
48 120 243.8228
49 201 419.2209
50 241 1927.1909
51 32 15.7354
52 133 126.2408
53 84 157.2856
54 90 447.2757
55 149 830.5567
56 114 331.8087
57 174 1676.8437
58 180 2012.1086
59 244 450.1882
60 69 161.4379
61 56 46.8937
62 158 295.2757
63 47 110.4464
64 133 802.4381
65 242 3417.1656
66 317 5732.3825
67 131 171.0123
68 402 4294.9458
69 37 18.1842
70 148 1114.4855
71 49 43.1281
72 250 1912.9993
73 123 375.4700
74 120 271.6626
75 58 99.0152
76 281 4300.7251
77 161 673.1055
78 61 225.2905
79 76 282.5972
80 99 184.3294
81 80 298.8529
82 38 2.9370
83 143 791.5380
84 43 96.4751
85 88 119.5160
86 152 923.7413
87 153 1403.2407
88 275 1738.3840
89 52 130.7668
90 52 140.4800
91 50 147.3439
92 159 999.6626
93 108 120.7120
94 237 445.4897
95 197 1954.7733
96 47 52.1456
97 28 27.7905
98 97 380.8828
99 43 61.3193
100 180 59.3245
<precedence relations>
1,67
2,19
3,38
4,38
5,84
6,84
7,53
8,10
8,12
8,14
8,16
8,18
9,11
9,13
9,15
9,16
9,17
10,19
11,19
12,19
13,19
14,38
15,84
16,23
16,49
17,20
17,22
17,36
18,21
18,22
18,33
19,25
19,26
19,27
19,28
19,29
19,30
20,53
21,53
22,24
22,31
23,24
23,31
23,32
23,39
23,42
24,67
25,38
26,38
27,38
28,53
29,33
29,35
29,36
29,37
30,57
30,66
30,68
30,69
31,38
32,34
32,35
32,41
33,67
34,38
35,38
36,38
37,39
37,40
37,41
37,42
38,43
38,44
38,45
38,46
38,47
38,48
39,53
40,49
40,57
41,48
41,52
41,54
42,50
43,53
44,66
45,54
45,55
46,51
47,51
47,52
47,63
48,53
49,51
49,55
49,56
49,63
49,64
50,52
50,54
50,64
51,67
52,67
53,56
53,57
53,58
53,59
53,60
53,61
53,62
54,63
55,100
56,84
57,84
58,68
58,69
58,70
58,82
60,83
61,81
61,86
62,64
63,65
63,66
63,83
64,67
65,68
65,69
66,70
66,71
66,72
66,86
67,73
67,74
67,75
67,76
67,77
67,78
67,79
68,98
69,80
69,97
69,98
70,80
70,98
71,95
72,84
72,85
74,82
75,96
75,100
76,86
76,94
77,83
77,96
78,81
79,83
81,84
82,85
82,86
82,94
82,95
83,94
84,87
84,88
84,89
84,90
84,91
84,92
85,93
86,99
87,95
89,95
91,94
91,96
93,97
94,100
95,98
96,98
96,99
<end>