<number of tasks>
20
<cycle time>
1000
<order strength>
0.274
<z_alpha>
1.280
<task times>
1 464 6973.7734
2 273 4637.0421
3 134 62.9528
4 123 933.2021
5 530 12687.9215
6 115 590.5855
7 176 1308.8342
8 141 499.6981
9 287 1176.6603
10 418 4317.5060
11 103 630.7337
12 327 6666.3671
13 49 12.1182
14 191 1845.5381
15 123 856.0710
16 82 40.9749
17 301 3403.0764
18 502 15435.6120
19 123 617.6980
20 30 52.0429
<precedence relations>
1,12
2,12
3,9
3,10
3,11
4,6
4,7
4,8
6,12
7,12
8,13
11,14
12,15
12,16
12,17
12,18
12,19
15,20
<end>