<number of tasks>
100
<cycle time>
1000
<order strength>
0.897
<z_alpha>
1.960
<task times>
1 541 27325.1420
2 411 27781.4109
3 666 24288.4231
4 597 26184.0588
5 497 5835.1121
6 570 5969.1160
7 592 18516.3792
8 642 32174.1681
9 441 21372.6538
10 448 9765.6898
11 508 20613.6418
12 566 1101.0911
13 495 37128.7785
14 665 21077.3169
15 433 25534.3275
16 574 25146.7890
17 640 2413.3972
18 329 9856.4518
19 507 6743.0002
20 386 35509.8134
21 627 24716.3060
22 706 6446.4492
23 409 1187.0994
24 471 41545.3295
25 296 17286.5922
26 390 23652.5447
27 548 48147.8386
28 742 8363.5303
29 413 23505.6787
30 328 22692.4660
31 486 22937.5465
32 374 27181.4154
33 659 21137.0732
34 480 39894.8627
35 516 11865.1456
36 448 43897.2628
37 399 37097.3193
38 295 11130.1458
39 497 35498.4165
40 532 44130.9599
41 499 58362.9968
42 420 180.1406
43 629 30804.2814
44 520 42321.4732
45 535 41321.3440
46 647 7473.6535
47 446 23027.9890
48 327 25989.8657
49 618 21984.2447
50 541 35554.2417
51 424 41686.6179
52 444 44659.0485
53 432 17932.9122
54 770 12208.4752
55 474 4041.1679
56 508 59504.7514
57 711 4815.6408
58 540 26850.6194
59 179 1590.7343
60 480 4044.7032
61 367 655.5866
62 586 12772.1463
63 551 21830.5741
64 569 40469.5303
65 593 17997.1295
66 408 35589.5844
67 532 17446.3599
68 284 8172.1605
69 378 30185.2244
70 553 30034.1958
71 484 55797.3925
72 505 38483.6236
73 613 16755.0202
74 676 8768.5051
75 260 4010.9963
76 395 9031.1193
77 437 47003.9368
78 317 1014.1018
79 428 13999.0045
80 790 3152.7880
81 541 19367.0084
82 436 42804.6117
83 335 2563.3056
84 443 20034.1427
85 453 46885.2243
86 359 24622.6234
87 496 22003.6965
88 538 22563.3057
89 438 20594.8011
90 603 7066.6264
91 694 2615.4054
92 756 9157.6698
93 464 35305.5396
94 412 6106.3092
95 477 35821.8081
96 614 26763.0219
97 205 1119.0283
98 396 18061.0775
99 333 20411.1050
100 363 6601.8544
<precedence relations>
1,5
1,6
2,5
2,6
3,5
3,6
4,5
4,6
5,7
5,8
5,9
6,7
6,8
6,9
7,10
7,11
7,12
7,13
8,10
8,11
8,12
8,13
9,10
9,11
9,12
9,13
10,14
10,15
11,14
11,15
12,14
12,15
13,14
13,15
14,16
14,17
14,18
14,19
15,16
15,17
15,18
15,19
16,20
16,21
16,22
16,23
17,20
17,21
17,22
17,23
18,20
18,21
18,22
18,23
19,20
19,21
19,22
19,23
20,24
20,25
20,26
20,27
20,28
21,24
21,25
21,26
21,27
21,28
22,24
22,25
22,26
22,27
22,28
23,24
23,25
23,26
23,27
23,28
24,29
24,30
25,29
25,30
26,29
26,30
27,29
27,30
28,29
29,31
29,32
29,33
30,31
30,32
31,35
31,36
32,46
32,48
32,49
33,34
33,35
33,36
34,37
34,38
34,39
34,40
35,37
35,38
35,39
35,40
36,40
36,48
37,41
37,42
37,48
38,41
38,42
38,44
39,43
39,45
40,41
41,45
41,49
42,45
42,46
42,47
43,46
43,52
44,45
44,48
45,50
45,51
46,50
46,51
47,50
47,51
47,52
48,52
48,58
49,50
49,51
49,52
50,53
50,54
50,55
50,56
51,53
51,54
51,55
51,56
52,53
52,54
52,55
53,57
53,59
54,57
55,60
55,62
56,58
56,80
57,60
57,61
58,59
59,62
59,78
60,63
60,64
61,62
61,63
61,64
62,79
62,83
62,92
63,65
63,66
63,67
64,90
65,68
65,69
65,70
66,68
67,68
68,71
68,72
68,73
69,71
69,72
69,73
69,74
70,71
70,73
70,74
71,75
71,77
71,79
71,80
72,75
72,76
72,78
72,79
72,80
73,75
73,76
73,77
73,84
74,75
74,76
74,77
74,78
75,82
75,83
76,81
77,99
78,84
78,90
79,95
80,84
81,87
81,94
82,85
82,86
83,87
83,98
84,91
85,88
85,91
86,89
86,90
87,88
88,93
90,91
90,92
90,94
91,95
92,96
92,97
95,98
95,99
95,100
97,99
<end>