<number of tasks>
20
<cycle time>
1000
<order strength>
0.505
<z_alpha>
1.280
<task times>
1 537 12856.3516
2 596 40.1925
3 410 30530.2381
4 379 21426.8935
5 555 24892.8920
6 680 12140.7604
7 350 15801.1750
8 342 17203.4987
9 494 16017.2321
10 388 9276.8533
11 506 55801.5938
12 543 29917.4824
13 412 19373.3523
14 387 30688.0931
15 410 10475.8548
16 578 34371.4613
17 593 27495.5978
18 493 35057.1879
19 642 28622.4907
20 528 38580.8216
<precedence relations>
1,4
1,7
2,6
3,5
3,8
3,11
4,15
5,15
6,9
6,10
7,11
7,12
8,10
8,13
9,15
10,14
10,15
11,13
13,15
14,16
15,17
15,18
15,19
15,20
<end>