<number of tasks>
100
<cycle time>
1000
<order strength>
0.596
<z_alpha>
1.280
<task times>
1 138 2479.8907
2 385 13323.4548
3 205 6975.6703
4 523 31798.2370
5 493 50716.8955
6 542 36814.0875
7 543 6483.0325
8 546 1397.7407
9 536 47416.1170
10 521 53534.8873
11 147 5375.2569
12 166 99.1234
13 227 6630.7212
14 225 8396.5983
15 231 8275.4873
16 266 16173.8393
17 94 1372.2373
18 233 3926.4741
19 123 1013.6612
20 172 562.5093
21 163 5245.9899
22 283 19041.9142
23 104 1770.9054
24 312 23901.4967
25 508 39166.0655
26 107 2404.9406
27 130 201.1251
28 122 3150.3552
29 472 20433.6041
30 490 6955.4273
31 407 27904.1385
32 193 6547.8890
33 265 13593.3747
34 224 12407.8987
35 340 10514.7935
36 563 14408.1292
37 164 1040.7142
38 254 15593.2764
39 149 3707.9863
40 281 5854.1196
41 206 5351.8611
42 145 1264.2902
43 95 2071.3617
44 123 1947.9575
45 321 8428.2195
46 539 25398.4801
47 97 344.8760
48 93 1805.4241
49 115 3246.1521
50 60 615.5117
51 39 173.8361
52 36 108.6321
53 298 9926.2213
54 154 3115.9576
55 39 60.3338
56 28 130.0258
57 183 2902.1096
58 162 2319.0004
59 498 38915.5565
60 54 112.3938
61 217 4497.1259
62 151 5666.7517
63 562 22571.4082
64 305 1884.1594
65 323 3169.4291
66 93 692.9880
67 287 17385.2896
68 47 12.7742
69 564 44899.4698
70 149 4925.1029
71 196 2377.2260
72 244 11368.6125
73 72 112.6849
74 489 32826.5069
75 96 2075.4561
76 299 12569.4500
77 460 7229.7771
78 478 28047.5781
79 227 5461.7625
80 324 15574.1640
81 563 8798.9411
82 70 121.4095
83 571 34879.5364
84 282 2421.0756
85 140 186.0811
86 102 2510.1742
87 521 41984.3856
88 254 9573.1436
89 256 5406.7922
90 289 17511.9761
91 87 105.3567
92 97 166.8927
93 32 108.9719
94 47 148.1881
95 50 552.0924
96 39 142.5367
97 78 371.1403
98 144 193.3147
99 149 1056.4879
100 132 3106.7318
<precedence relations>
1,6
1,8
2,10
3,6
3,7
4,6
4,7
5,9
6,12
6,24
7,11
7,19
7,33
8,11
8,13
8,15
9,11
9,12
9,14
9,16
10,30
10,41
11,18
11,34
11,36
12,20
13,17
13,31
14,20
15,74
16,17
16,19
17,25
17,27
17,59
18,22
18,24
19,21
19,26
19,60
20,21
20,23
20,28
21,29
21,30
21,32
22,29
22,43
23,32
23,33
24,29
24,31
24,38
25,42
26,30
26,65
27,29
27,37
28,31
28,33
28,34
29,35
30,58
31,72
31,82
32,35
33,35
33,36
33,43
34,37
34,38
35,39
35,40
35,42
35,44
35,45
36,42
36,61
36,73
37,94
38,39
38,41
38,43
39,47
39,68
39,72
40,46
40,47
40,48
40,49
40,66
41,64
41,79
42,48
43,50
43,52
43,54
43,55
44,46
44,70
44,71
44,80
45,46
45,47
45,51
46,52
46,69
46,76
46,96
47,52
47,55
47,73
48,54
49,72
49,79
50,53
50,56
53,59
54,64
54,76
55,57
55,61
56,58
56,60
56,65
56,74
57,62
58,64
58,66
58,77
59,65
59,73
59,93
60,62
61,63
61,65
62,67
62,69
62,70
63,74
64,72
65,71
65,90
65,98
66,68
66,73
66,92
66,99
68,75
68,80
69,98
70,77
70,79
70,81
70,83
71,75
71,76
72,80
72,86
73,94
74,78
74,80
74,97
75,83
75,89
76,82
76,88
76,91
77,84
77,86
79,87
79,88
81,85
82,99
83,94
85,89
86,90
86,92
87,91
87,98
89,100
90,96
90,97
90,99
92,93
92,94
92,95
92,98
<end>