<number of tasks>
1000
<cycle time>
1000
<order strength>
0.203
<z_alpha>
1.645
<task times>
1 153 551.3492
2 187 1348.0936
3 110 601.5332
4 56 120.5478
5 200 2131.9771
6 169 944.8520
7 121 339.3239
8 92 293.4569
9 266 1631.6377
10 92 388.5954
11 153 1412.1618
12 73 62.6928
13 248 1729.4798
14 53 142.0250
15 170 580.1478
16 91 70.8522
17 162 196.6612
18 178 909.9155
19 78 28.9039
20 86 71.5293
21 51 90.2262
22 195 227.3833
23 168 233.8856
24 66 137.7597
25 149 1248.1257
26 108 230.2068
27 105 239.5521
28 22 7.2585
29 206 1317.9577
30 105 231.4702
31 30 30.3203
32 253 2792.5900
33 22 16.5672
34 23 20.5035
35 98 314.5201
36 75 319.7341
37 183 1493.1457
38 53 151.6050
39 248 3466.2586
40 171 1826.2753
41 85 400.7238
42 146 753.6926
43 112 762.1400
44 123 196.4523
45 197 2211.6782
46 226 1455.2464
47 179 1263.1357
48 122 600.5309
49 168 674.3753
50 184 569.3087
51 134 678.1443
52 52 152.1361
53 72 138.7913
54 164 1314.4078
55 219 802.8454
56 58 60.7955
57 64 108.5695
58 94 45.9243
59 99 41.2191
60 271 73.2548
61 30 8.4296
62 155 1172.8984
63 62 129.7707
64 90 125.7008
65 248 1754.9063
66 95 38.8794
67 140 1124.0038
68 157 908.5325
69 216 576.7487
70 45 82.5407
71 180 356.3777
72 120 806.2752
73 31 18.3797
74 71 267.6900
75 151 150.2160
76 147 180.9767
77 67 227.9621
78 203 1378.8136
79 30 55.2746
80 206 2224.2499
81 198 1431.2708
82 68 177.9256
83 40 11.3169
84 98 317.0751
85 75 273.2165
86 34 15.7251
87 34 2.4530
88 226 1696.9881
89 23 17.9936
90 89 491.6843
91 42 5.5329
92 110 242.0661
93 317 3810.1550
94 233 466.2153
95 169 1171.3798
96 27 37.1872
97 33 13.2019
98 248 214.9314
99 201 2176.3769
100 205 2034.0447
101 44 36.9549
102 228 364.6482
103 50 13.0963
104 211 1370.2194
105 113 741.1498
106 179 1692.6804
107 70 55.8647
108 213 2177.5785
109 76 152.2310
110 129 59.5496
111 126 661.1643
112 27 0.1247
113 268 4095.0294
114 212 1738.7431
115 68 267.8245
116 220 693.2709
117 52 110.3383
118 169 10.4783
119 174 1752.1641
120 203 1900.1873
121 306 2581.9669
122 74 319.1507
123 129 159.8798
124 72 138.3226
125 142 522.0171
126 154 360.0682
127 182 1754.9196
128 98 45.7580
129 131 492.6759
130 188 172.1831
131 204 1473.3681
132 93 103.1992
133 266 1786.8767
134 256 1023.6221
135 46 81.2321
136 172 1839.3315
137 382 5864.6733
138 284 2134.4014
139 221 473.3029
140 168 1474.7125
141 22 28.0060
142 158 238.4688
143 149 94.3822
144 186 211.0256
145 168 102.4843
146 179 1217.2508
147 98 275.8411
148 204 2384.3021
149 33 25.6281
150 31 1.6244
151 64 172.2596
152 258 3104.6597
153 83 136.5319
154 149 964.1406
155 244 30.5549
156 54 65.9288
157 148 27.1726
158 350 7339.4006
159 158 1141.1153
160 67 136.7401
161 58 183.6260
162 160 939.4988
163 68 93.0238
164 146 1194.7233
165 152 153.5075
166 228 1495.2100
167 119 732.6488
168 148 753.4598
169 44 116.1629
170 134 501.1031
171 165 565.8094
172 229 1847.9852
173 103 624.8124
174 75 216.8830
175 163 1208.6924
176 62 97.4356
177 87 156.4553
178 231 2735.3696
179 209 2015.7230
180 27 34.9341
181 173 1374.5287
182 108 409.4757
183 144 37.8767
184 119 403.6057
185 137 19.1240
186 116 96.2570
187 65 200.5547
188 212 1314.0799
189 83 110.4213
190 60 112.8817
191 64 40.5575
192 220 1027.2242
193 67 203.5159
194 61 61.8845
195 107 3.7727
196 256 1945.2294
197 60 174.9336
198 61 8.3238
199 140 767.2093
200 66 224.0783
201 256 3070.6599
202 216 137.0012
203 117 683.2318
204 244 3643.6020
205 110 541.2790
206 30 45.4550
207 159 1203.1488
208 71 81.8884
209 86 362.5022
210 139 1199.6337
211 21 22.8693
212 39 18.3701
213 228 1185.1787
214 124 684.7264
215 164 1124.9832
216 52 46.8567
217 45 99.4725
218 112 274.6655
219 135 658.5169
220 98 279.4006
221 43 55.6879
222 92 280.9106
223 112 180.0745
224 71 253.4553
225 74 241.5272
226 78 33.1055
227 142 1147.4719
228 127 133.5102
229 125 593.6447
230 99 222.8623
231 85 154.8427
232 257 919.6855
233 72 157.9846
234 168 406.4867
235 121 27.6574
236 74 335.3201
237 238 1018.6360
238 201 1875.2723
239 188 624.5521
240 96 133.8280
241 181 214.2207
242 64 78.1862
243 74 319.7827
244 57 114.3581
245 161 1397.6796
246 96 200.2678
247 291 2303.5825
248 79 195.8636
249 98 249.1675
250 121 507.9707
251 253 1000.9068
252 257 2296.4609
253 258 2478.6670
254 224 1964.8400
255 39 28.4947
256 134 1042.2608
257 150 1269.7806
258 105 428.6071
259 217 1170.7633
260 174 1274.9581
261 24 29.3518
262 275 2245.6057
263 193 1698.4622
264 87 346.0098
265 51 23.8749
266 147 886.2220
267 161 1510.8599
268 97 103.4390
269 105 277.3198
270 64 79.9589
271 31 9.9321
272 175 361.6679
273 36 43.1211
274 197 2328.8933
275 78 293.7711
276 115 457.0091
277 111 112.2736
278 77 66.8204
279 153 35.7381
280 107 207.3466
281 240 2244.4902
282 269 3691.9328
283 201 1281.0771
284 131 542.0484
285 56 148.8360
286 160 927.9906
287 167 864.2615
288 79 102.3622
289 82 138.3906
290 110 415.3618
291 125 690.4280
292 61 199.3291
293 152 47.2445
294 20 2.9064
295 129 695.3372
296 145 1178.8226
297 202 1410.2167
298 40 58.5368
299 52 117.1379
300 133 298.4284
301 32 40.3738
302 116 187.8246
303 391 7343.2075
304 68 173.1854
305 172 522.3635
306 54 172.1731
307 121 896.7779
308 145 484.7983
309 145 948.8403
310 187 1248.3495
311 159 1567.2729
312 231 2817.0086
313 107 547.2272
314 268 69.9172
315 227 1590.6691
316 86 337.4646
317 26 11.2692
318 99 466.9504
319 141 1089.8276
320 112 520.4089
321 168 695.3524
322 149 135.1116
323 195 2151.2097
324 83 304.9707
325 175 1570.7126
326 271 3109.9899
327 157 1195.5123
328 106 632.5816
329 125 934.1869
330 235 1357.8026
331 326 122.3308
332 227 12.2018
333 227 2356.7430
334 141 1209.5435
335 80 237.1977
336 66 105.1146
337 93 484.8279
338 34 64.3285
339 71 259.8342
340 130 1035.3221
341 137 482.2353
342 76 36.2886
343 230 2352.8290
344 104 177.7466
345 112 23.9200
346 109 671.0196
347 121 64.7797
348 238 28.6576
349 94 110.7141
350 132 16.1364
351 33 60.1401
352 92 444.5878
353 28 13.0564
354 174 1278.2163
355 62 45.4461
356 328 4664.2279
357 222 1016.9407
358 331 3410.7690
359 179 1273.3219
360 56 110.7449
361 123 560.1932
362 74 177.8454
363 125 886.3599
364 252 2095.1675
365 214 1404.9257
366 94 289.0346
367 100 573.8741
368 160 407.4260
369 62 185.0823
370 48 30.7485
371 183 1312.5437
372 152 672.1604
373 79 121.3912
374 225 1743.8944
375 68 29.0336
376 240 2421.3427
377 39 49.8100
378 24 12.9681
379 144 1195.2127
380 71 3.7229
381 73 301.4638
382 124 937.5813
383 93 35.9886
384 116 318.1667
385 25 0.9175
386 279 1435.5983
387 36 48.9251
388 293 3061.6627
389 252 1878.7476
390 185 208.5894
391 110 582.6715
392 182 235.9797
393 208 1806.8369
394 251 1344.5890
395 34 9.1458
396 207 1049.9460
397 158 296.5148
398 102 215.8890
399 72 279.1168
400 86 342.3405
401 125 75.9779
402 95 1.6628
403 101 575.1582
404 262 1758.9379
405 115 571.9941
406 199 1437.4038
407 20 22.1308
408 269 2320.4030
409 119 695.2943
410 217 2161.8764
411 65 228.4945
412 22 2.1360
413 211 1728.7370
414 82 389.3668
415 336 6323.0075
416 49 82.3882
417 177 1919.1176
418 157 859.7792
419 88 264.2067
420 104 201.4141
421 227 1815.9815
422 172 1308.6249
423 39 50.0741
424 223 371.2042
425 163 1180.2184
426 170 1688.7707
427 298 4687.0652
428 93 285.8363
429 195 54.2743
430 149 477.3577
431 138 1028.4990
432 115 325.7199
433 45 2.1368
434 91 91.8585
435 32 63.1247
436 113 531.6334
437 220 72.0943
438 81 364.5391
439 74 78.5404
440 55 174.3925
441 111 732.9204
442 35 52.3478
443 41 24.5399
444 102 500.5840
445 113 124.6373
446 221 1325.1435
447 96 110.5578
448 209 2667.3460
449 67 191.3141
450 249 2471.3806
451 84 392.4680
452 188 1741.4154
453 100 614.4950
454 155 241.3782
455 153 431.8981
456 112 198.3553
457 68 54.2890
458 120 386.9953
459 154 299.5997
460 214 114.0784
461 22 14.9915
462 259 1461.3499
463 135 884.1459
464 102 153.1374
465 95 59.4137
466 87 300.8681
467 208 2175.1299
468 129 689.4526
469 68 218.4718
470 169 965.1440
471 293 4295.2772
472 250 2112.8255
473 149 501.1904
474 169 1738.6527
475 61 116.6002
476 175 1446.3345
477 87 251.8744
478 122 236.2365
479 184 2081.9652
480 160 512.4748
481 181 828.8401
482 129 784.7515
483 104 305.8747
484 126 641.9539
485 63 17.0649
486 118 198.5248
487 60 121.1591
488 144 958.9779
489 193 1899.9879
490 53 91.6885
491 64 64.4070
492 173 610.7314
493 105 592.7110
494 38 5.8813
495 110 15.1550
496 288 3199.6808
497 49 18.2745
498 27 13.4859
499 81 195.4827
500 73 297.3879
501 237 1504.9848
502 138 419.5975
503 81 364.3741
504 171 376.3636
505 130 415.9294
506 252 3646.5159
507 79 117.1190
508 139 951.0414
509 85 285.7236
510 123 147.9713
511 200 425.6335
512 107 125.8700
513 66 217.6426
514 43 21.4895
515 109 632.1956
516 235 2106.0971
517 102 83.5416
518 33 22.6540
519 177 1773.0440
520 160 1333.1172
521 97 280.2385
522 37 41.4735
523 77 195.4972
524 52 27.1674
525 155 1102.0842
526 254 2871.2783
527 198 2242.4535
528 103 494.2520
529 111 385.5307
530 201 1244.4044
531 56 58.8839
532 171 1024.4969
533 48 63.6773
534 75 286.7138
535 74 88.9859
536 50 73.7485
537 247 1611.1406
538 97 269.4355
539 205 684.7706
540 87 25.5521
541 86 316.7833
542 128 367.1542
543 227 997.5967
544 41 59.6645
545 237 3126.6362
546 105 463.1315
547 287 1952.0492
548 78 90.9283
549 150 1224.7984
550 109 471.9924
551 126 47.0477
552 36 79.8631
553 148 1251.4502
554 83 264.5362
555 134 1011.2086
556 149 761.2500
557 167 238.6829
558 149 871.8192
559 116 152.5572
560 54 37.0106
561 277 4529.7621
562 44 75.5495
563 85 191.7222
564 129 454.0577
565 146 724.7979
566 117 552.9611
567 165 260.2701
568 59 29.7372
569 190 500.0210
570 220 2061.3823
571 66 105.2233
572 33 46.7971
573 120 151.3328
574 203 611.4632
575 224 937.3467
576 91 255.4111
577 213 1652.6979
578 112 370.0519
579 33 32.9497
580 38 17.3502
581 33 67.5398
582 161 214.7889
583 160 914.1421
584 188 1793.7704
585 46 60.8565
586 142 1189.6636
587 67 253.6782
588 157 694.9251
589 249 160.9294
590 30 53.5821
591 241 3457.4811
592 163 584.1766
593 149 907.4551
594 98 12.2324
595 168 997.2678
596 144 530.8257
597 155 332.2754
598 172 818.1921
599 269 3542.9013
600 142 1070.6543
601 49 114.2831
602 128 514.9688
603 255 876.1886
604 24 5.3141
605 66 205.0245
606 134 944.8225
607 133 949.5146
608 34 71.9149
609 56 59.0548
610 106 47.9300
611 197 2294.0611
612 105 420.7451
613 209 498.0183
614 203 1033.5166
615 140 288.4765
616 52 151.0719
617 22 6.0348
618 190 249.4455
619 162 808.5487
620 231 2196.5746
621 110 543.8034
622 92 262.9620
623 117 396.8121
624 127 615.6049
625 69 77.3916
626 173 714.7524
627 72 118.1149
628 88 144.0725
629 76 299.9008
630 78 179.4555
631 306 5386.0514
632 147 903.9811
633 86 285.1295
634 24 4.7005
635 165 35.7337
636 273 1444.2639
637 72 159.2113
638 228 2983.6874
639 100 153.7830
640 104 598.0907
641 233 1935.8370
642 143 975.8648
643 234 3331.8263
644 195 1259.9567
645 107 353.2932
646 152 523.2671
647 133 704.9400
648 96 235.5967
649 65 1.5051
650 38 49.2280
651 243 1345.6841
652 112 294.2630
653 78 308.6024
654 208 595.3960
655 123 176.8961
656 89 278.9046
657 139 924.3114
658 90 221.3427
659 141 758.1012
660 335 3849.4114
661 61 145.4193
662 143 897.4685
663 61 222.2393
664 97 289.4953
665 83 94.8905
666 135 29.4584
667 55 131.9031
668 252 28.4000
669 109 741.1624
670 104 362.5777
671 221 2808.5046
672 90 478.3630
673 71 232.2269
674 113 746.5236
675 160 725.4577
676 49 77.0440
677 105 223.9971
678 158 528.5604
679 208 1832.4095
680 115 664.9052
681 266 239.2413
682 145 1040.9598
683 173 545.7264
684 286 462.0398
685 178 302.5736
686 72 68.2891
687 207 703.0338
688 165 904.2809
689 73 145.0530
690 191 18.9257
691 102 164.2648
692 239 2985.8138
693 76 350.8063
694 30 50.9344
695 83 308.0291
696 234 3106.4981
697 30 21.5754
698 88 343.2912
699 62 163.9463
700 125 200.8207
701 117 427.7017
702 148 609.3563
703 165 443.7591
704 255 1986.2185
705 183 768.1621
706 133 853.6779
707 32 5.6967
708 277 619.5686
709 124 170.5940
710 36 45.5589
711 274 4379.5481
712 201 1873.5710
713 56 25.9785
714 103 53.2245
715 72 14.4495
716 107 440.4617
717 236 2697.1508
718 99 535.4528
719 161 1126.8478
720 165 1433.6793
721 310 4372.4477
722 119 135.3755
723 34 70.3988
724 159 1013.7238
725 87 272.8321
726 99 368.8410
727 47 22.2340
728 134 992.4741
729 138 797.8125
730 50 60.4181
731 234 2714.4231
732 187 1146.1911
733 22 1.3365
734 287 4818.8718
735 100 149.9005
736 133 932.2293
737 81 381.5196
738 131 36.0136
739 116 602.2197
740 115 6.9689
741 86 106.2768
742 234 259.2250
743 137 638.9462
744 159 1493.8367
745 141 208.5061
746 135 466.7347
747 25 23.5440
748 37 75.7028
749 61 51.7596
750 153 1376.4501
751 110 699.9065
752 361 4628.8781
753 89 184.2701
754 178 168.9082
755 109 252.2328
756 223 2252.9132
757 52 36.9894
758 148 524.8961
759 83 396.8546
760 116 134.0700
761 58 150.0120
762 85 101.5969
763 116 761.0278
764 167 1264.1917
765 120 3.9253
766 187 616.0748
767 201 792.8551
768 113 532.5125
769 147 930.3156
770 60 112.4261
771 198 2087.5011
772 130 550.7475
773 85 87.0596
774 160 604.3774
775 181 2006.3197
776 68 143.7173
777 48 134.8472
778 195 1529.5851
779 239 907.9045
780 104 476.5525
781 62 95.2497
782 189 1875.3687
783 89 432.1433
784 269 3154.2815
785 56 37.3614
786 238 1925.8115
787 162 294.5228
788 100 135.1259
789 67 280.3792
790 218 68.0525
791 155 333.6838
792 106 440.1972
793 27 2.5514
794 137 149.5899
795 115 192.4957
796 202 434.4860
797 131 748.7189
798 28 36.8344
799 40 89.1016
800 20 15.7691
801 160 605.4229
802 79 373.2688
803 239 982.0077
804 94 170.9771
805 111 452.4994
806 200 316.9743
807 281 2329.7060
808 202 576.5880
809 130 149.9259
810 70 37.1126
811 142 1016.3146
812 292 2983.4615
813 201 418.1171
814 103 147.6066
815 117 805.1991
816 204 432.9385
817 192 823.0337
818 99 335.8980
819 228 661.3445
820 336 5982.0801
821 187 1978.0099
822 60 168.1299
823 95 171.5587
824 89 145.4762
825 27 24.8622
826 162 798.7365
827 174 27.8148
828 53 37.2085
829 150 843.3657
830 69 216.2441
831 133 117.2424
832 94 408.5619
833 92 117.3084
834 144 939.3776
835 60 207.4370
836 196 2036.2579
837 84 253.8011
838 121 292.3429
839 291 2885.2647
840 49 143.1069
841 251 2452.6553
842 155 321.9586
843 108 364.6541
844 172 1416.1322
845 230 1925.7582
846 22 28.0740
847 64 24.9435
848 193 1119.6794
849 129 1027.2836
850 154 220.9100
851 47 103.6337
852 254 2912.7072
853 134 725.4279
854 273 501.7106
855 156 1082.5369
856 90 422.1294
857 256 590.8826
858 82 74.7962
859 214 1838.6458
860 102 481.7091
861 181 1509.2891
862 28 37.8724
863 85 44.0086
864 294 4608.9826
865 135 766.6731
866 186 945.8689
867 168 426.7491
868 44 95.4751
869 216 204.5786
870 52 13.2980
871 80 160.3352
872 86 346.2460
873 77 178.2043
874 128 265.9834
875 106 633.1595
876 154 491.2310
877 151 699.1638
878 210 1758.5667
879 132 555.5334
880 61 215.8779
881 88 192.5014
882 83 272.5637
883 107 309.8370
884 28 19.3655
885 30 39.2106
886 159 604.5768
887 192 1933.4949
888 247 1546.9825
889 86 130.4865
890 96 264.6315
891 110 259.4150
892 110 563.2672
893 109 29.4918
894 197 1476.8774
895 73 118.5879
896 66 183.7534
897 101 82.2262
898 84 72.5897
899 262 836.3571
900 64 48.3798
901 115 741.6706
902 223 2875.3090
903 162 1622.6664
904 155 388.5138
905 217 2070.9528
906 98 468.0456
907 179 1266.0859
908 53 19.2803
909 86 233.0069
910 125 262.1049
911 97 117.7713
912 189 1134.3523
913 179 971.9099
914 314 5632.7741
915 129 433.1092
916 175 45.0685
917 125 738.0439
918 80 225.3108
919 24 4.0530
920 174 1759.5965
921 102 68.1522
922 65 23.1471
923 251 1869.0572
924 133 407.7052
925 106 419.7732
926 120 519.4156
927 282 1528.3315
928 57 197.0431
929 32 60.3239
930 124 581.6675
931 66 211.9338
932 177 768.0663
933 85 354.2879
934 166 1545.2633
935 111 673.6020
936 49 20.3027
937 31 40.2804
938 111 479.8579
939 128 205.4128
940 119 455.7861
941 235 3353.2500
942 130 856.7803
943 87 115.9443
944 182 752.5331
945 22 23.5555
946 27 9.8118
947 132 60.0688
948 300 5453.5177
949 108 304.0053
950 230 2815.3782
951 193 1803.2239
952 133 1044.2452
953 235 1147.0306
954 119 640.6574
955 131 588.8775
956 88 410.9888
957 228 298.0348
958 277 2757.8616
959 35 50.2692
960 235 908.8974
961 262 3330.2925
962 44 89.4997
963 205 947.4930
964 78 276.1008
965 103 192.8314
966 182 986.9770
967 47 133.3599
968 225 387.1741
969 350 5508.0726
970 167 1167.8638
971 98 424.3297
972 54 93.9254
973 52 74.2081
974 103 209.1914
975 67 170.8006
976 55 130.6259
977 279 2727.9028
978 237 355.3661
979 111 647.9709
980 71 214.8190
981 150 313.1922
982 161 936.6857
983 91 349.5446
984 125 30.8957
985 111 613.8222
986 311 3929.4062
987 139 567.1598
988 246 1111.0973
989 136 650.7692
990 52 43.8567
991 98 531.0117
992 55 115.1371
993 32 16.2578
994 200 969.3988
995 155 671.1972
996 146 916.3009
997 22 26.4052
998 37 4.8687
999 178 90.4825
1000 145 190.9794
<precedence relations>
1,106
2,106
3,106
4,106
5,106
6,374
7,25
8,25
9,25
10,25
11,25
12,25
13,25
14,62
15,62
16,62
17,315
18,676
19,28
19,38
19,39
19,40
19,46
20,30
20,35
20,41
20,44
20,47
21,32
21,154
22,26
22,27
22,29
22,31
22,33
22,45
22,48
23,24
23,34
23,36
23,37
23,42
23,43
23,49
23,50
23,51
24,374
25,56
25,57
25,58
25,59
25,60
26,786
27,377
28,62
29,62
30,62
31,62
32,62
33,62
34,915
35,315
36,73
36,79
38,70
39,71
41,61
41,76
41,77
42,69
42,74
43,68
43,80
44,52
44,65
44,67
44,229
45,53
45,54
45,66
46,78
47,72
49,55
49,64
49,75
50,63
50,249
50,460
52,106
53,106
54,106
55,106
56,98
59,302
60,875
61,786
62,83
62,87
62,88
62,89
62,90
62,91
62,92
63,850
64,86
64,100
65,93
66,928
67,96
67,99
71,85
73,81
73,95
73,101
73,102
74,94
75,103
76,84
78,104
79,97
80,82
80,105
81,106
82,106
83,106
84,467
85,401
86,401
87,108
87,120
88,125
89,115
90,977
92,116
93,850
94,850
95,118
97,111
97,113
97,119
98,109
98,117
100,110
100,122
101,121
103,107
105,112
105,114
105,123
105,124
106,126
106,127
106,128
106,129
106,130
107,374
108,731
109,850
110,676
111,134
111,141
113,140
113,143
114,138
114,145
115,132
115,139
116,137
118,131
120,142
120,147
121,136
121,144
121,146
121,391
123,505
123,855
124,133
124,135
126,315
127,149
128,153
129,148
129,160
129,161
131,374
132,850
133,315
136,155
136,157
136,158
137,156
137,881
139,163
139,574
140,150
140,168
141,167
143,152
143,165
144,159
144,162
144,172
144,270
145,151
145,154
145,164
146,166
146,441
147,855
148,467
149,315
151,177
151,185
154,172
156,187
157,180
157,186
160,175
160,960
161,183
162,169
162,182
163,189
164,179
165,181
165,184
167,170
167,171
167,173
167,188
168,174
168,176
168,178
169,374
170,467
171,377
172,377
173,315
174,193
174,195
174,206
175,196
175,558
177,208
179,947
180,194
180,201
180,207
181,198
181,313
182,199
183,296
183,502
184,205
185,192
185,202
187,197
187,204
187,872
188,190
188,209
189,191
189,200
189,203
190,374
191,377
192,676
193,221
194,216
194,217
195,224
196,227
198,222
199,218
199,406
200,212
200,215
200,219
200,229
204,213
204,220
204,231
205,211
205,228
205,230
206,210
206,223
207,225
208,226
209,214
210,467
211,712
212,377
213,850
214,243
216,237
217,233
217,239
223,240
223,244
225,981
226,235
226,241
227,234
227,236
227,954
230,232
230,238
231,242
232,249
232,251
233,247
233,505
234,246
234,255
235,245
238,252
240,250
240,843
241,248
241,253
242,254
245,467
246,850
247,850
248,257
248,260
249,789
250,256
250,258
251,263
251,265
252,259
252,262
253,261
253,266
255,264
255,267
256,268
256,272
256,285
257,277
258,276
259,274
260,279
262,270
262,278
262,282
262,287
263,269
263,283
263,288
264,281
265,273
265,275
266,271
266,286
267,280
267,284
268,712
269,712
270,377
271,850
272,676
274,289
274,297
274,300
277,298
277,305
277,352
278,303
278,304
278,308
279,296
279,475
280,291
280,307
282,294
282,299
283,292
283,301
284,302
284,306
285,309
286,310
286,311
286,312
287,293
288,290
288,295
289,401
290,377
291,731
292,315
293,315
294,330
295,325
295,328
296,316
296,320
296,327
297,313
297,321
298,324
303,317
303,319
307,326
308,318
308,323
308,329
308,463
309,322
312,314
313,467
314,401
315,333
315,334
315,335
315,336
315,337
315,338
315,339
315,340
315,341
315,342
315,347
316,343
317,353
318,332
320,355
322,352
323,331
324,344
324,345
324,346
324,349
325,351
325,352
327,348
327,350
327,354
331,467
332,377
334,364
338,368
339,358
340,359
340,362
342,356
342,369
343,361
344,357
345,366
345,373
347,372
347,732
348,365
349,360
350,363
350,370
352,367
352,371
356,374
357,374
358,467
359,377
360,731
361,380
362,389
363,383
364,379
364,381
365,390
365,391
366,375
366,384
366,388
368,385
369,392
370,382
370,387
372,376
373,378
373,386
373,937
374,393
374,394
374,395
374,396
374,397
374,398
374,399
374,406
374,416
375,712
376,401
377,402
377,403
377,404
377,405
377,412
378,915
379,408
381,410
381,414
382,505
384,407
386,409
388,411
388,413
388,750
390,400
390,415
393,915
395,427
395,437
398,425
399,435
400,467
401,418
401,419
401,420
401,421
401,422
401,423
403,428
403,432
405,429
405,433
408,426
409,424
410,430
410,434
413,431
414,504
415,417
416,622
417,712
422,447
424,441
427,439
427,446
429,436
429,443
429,445
430,442
432,437
433,438
434,444
435,440
435,463
435,592
436,712
437,456
438,450
439,448
439,451
439,459
440,460
441,457
441,464
442,455
442,463
442,465
445,449
446,454
446,458
446,461
446,462
447,452
447,453
447,665
448,467
449,676
450,469
450,475
450,477
453,483
454,470
455,471
455,473
456,468
457,479
457,560
458,478
458,484
459,476
460,466
461,481
462,482
463,472
463,611
465,474
465,480
466,786
467,485
467,486
467,487
467,488
467,489
467,490
467,491
467,492
467,493
468,503
468,508
469,507
471,497
471,982
473,962
474,500
475,496
475,509
477,504
479,502
480,505
482,495
482,498
482,499
482,506
484,494
484,501
486,513
488,514
489,515
492,510
492,512
492,520
493,517
494,731
495,521
495,524
495,525
497,519
498,526
499,511
500,516
503,522
506,518
507,523
510,731
511,850
513,538
513,539
515,531
516,532
516,535
516,537
516,540
518,527
518,528
520,530
520,533
521,529
521,534
523,536
524,541
527,731
528,548
529,547
529,555
530,543
531,549
531,556
532,559
533,553
536,546
537,542
537,552
537,557
538,550
538,554
538,558
539,544
539,791
541,545
541,551
542,561
547,567
551,897
552,562
553,560
553,564
554,570
555,563
555,566
555,569
557,565
557,568
560,850
561,572
561,574
563,590
564,579
564,580
564,584
565,571
566,578
566,582
566,588
567,576
567,577
567,583
567,585
568,573
568,575
568,589
569,581
569,586
569,587
569,592
570,591
571,731
572,850
573,929
574,915
576,593
576,596
576,597
576,603
576,604
578,595
578,605
579,608
580,606
581,598
583,600
584,595
584,599
585,602
586,607
587,601
588,627
592,594
593,786
594,611
595,620
596,616
596,618
597,617
597,621
598,615
603,610
604,609
604,613
605,619
606,612
607,614
609,636
610,638
611,625
611,631
612,622
613,630
614,632
614,634
615,639
616,633
616,641
617,623
617,626
618,624
619,627
619,628
619,629
619,635
621,637
621,640
622,712
623,975
625,647
626,645
626,651
627,646
627,649
628,643
629,656
631,642
631,657
633,648
633,659
634,644
635,652
637,743
638,650
638,654
638,655
638,658
638,660
639,661
641,653
642,712
643,731
644,666
644,908
645,665
646,662
646,670
648,668
651,663
651,667
651,673
652,671
652,672
656,664
658,669
661,674
662,786
663,731
664,676
665,678
665,685
666,688
668,679
669,683
670,677
670,680
670,684
670,686
671,675
671,682
671,687
672,689
673,681
674,690
675,712
676,695
676,696
676,697
676,698
676,699
676,707
677,702
678,708
678,779
680,701
680,710
682,904
684,692
684,693
684,694
684,706
686,691
686,700
686,705
686,709
687,703
687,711
689,704
691,786
692,712
693,712
694,915
695,719
696,724
699,714
699,715
700,725
701,720
701,723
701,777
702,713
704,716
704,721
709,717
710,722
711,718
712,726
712,727
712,728
712,729
712,730
712,955
713,731
714,734
715,738
717,737
720,739
720,741
720,743
721,732
722,735
723,733
723,742
724,736
724,740
726,759
727,761
728,753
729,755
730,750
730,765
731,744
731,745
731,746
731,747
731,748
731,757
732,764
733,763
735,757
736,756
737,751
741,762
741,860
742,752
742,758
742,760
743,749
743,754
744,770
744,774
745,781
748,768
748,778
749,785
752,780
753,769
753,829
753,830
754,773
754,776
755,783
756,777
757,782
759,775
760,772
760,784
762,767
763,766
765,771
765,779
766,786
767,850
768,929
769,802
771,791
771,796
772,795
773,790
774,789
774,797
775,801
776,787
777,788
779,800
781,793
783,792
783,798
784,794
785,799
786,803
786,804
786,805
786,806
786,807
786,808
786,809
786,810
786,811
786,812
786,813
786,814
786,815
786,816
786,817
786,818
786,819
786,820
786,821
787,826
788,827
791,824
792,825
797,823
798,822
798,828
799,829
802,979
803,850
806,848
807,835
809,845
810,831
811,834
813,832
813,888
818,840
820,849
821,837
822,841
822,847
823,843
824,844
825,838
826,833
827,846
828,830
828,836
828,842
829,839
830,850
834,851
835,852
835,859
835,904
836,863
837,855
838,860
838,866
839,857
840,853
840,854
840,858
843,861
843,865
845,856
845,862
845,864
846,867
850,868
850,869
850,870
850,871
852,877
853,881
854,882
856,876
857,883
858,878
858,879
859,875
862,873
863,872
864,874
864,880
868,886
868,892
870,890
872,891
872,898
873,895
877,885
878,894
879,896
881,884
881,888
881,889
881,897
883,887
883,893
884,929
885,915
886,901
886,904
886,911
887,912
890,902
891,913
893,899
893,905
893,910
894,908
895,903
895,909
896,907
898,900
898,906
898,965
899,915
902,919
902,925
903,918
905,917
906,916
906,923
908,927
910,921
910,924
910,928
911,914
912,920
913,922
913,926
914,929
915,930
915,931
915,932
915,933
915,934
915,947
917,939
917,943
919,936
920,942
921,946
922,935
922,938
922,944
925,945
926,940
927,941
928,937
929,948
929,949
929,950
929,951
929,952
929,953
930,954
930,966
932,962
933,957
933,961
934,967
940,956
940,959
941,955
943,964
945,958
945,963
945,965
946,960
949,970
950,972
950,975
950,980
952,974
952,976
952,979
956,978
957,977
958,973
961,968
961,982
962,983
965,971
965,981
967,969
968,985
968,986
969,994
971,993
973,991
973,997
975,997
977,1000
978,990
978,998
978,999
979,992
980,987
980,995
981,996
982,989
983,984
983,988
<end>