<number of tasks>
20
<cycle time>
1000
<order strength>
0.500
<z_alpha>
1.280
<task times>
1 521 11821.5637
2 447 12574.8518
3 544 12748.5258
4 733 9900.9010
5 474 174.2513
6 636 12763.2757
7 476 26540.0707
8 721 1132.5107
9 651 2669.3623
10 416 8919.5456
11 362 28344.7162
12 523 12043.7408
13 695 13939.8864
14 559 23227.5702
15 492 5670.2952
16 503 50165.7979
17 480 41842.0119
18 500 61558.2115
19 518 9083.5804
20 497 23108.3802
<precedence relations>
1,2
1,3
1,4
1,5
1,6
2,9
3,7
3,10
3,11
4,8
4,11
5,11
6,11
7,12
8,13
9,15
10,14
11,15
11,16
12,17
13,17
14,17
15,17
15,18
16,17
16,18
17,20
18,19
<end>