<number of tasks>
50
<cycle time>
1000
<order strength>
0.197
<z_alpha>
1.960
<task times>
1 312 5221.8741
2 43 72.1877
3 189 1624.8816
4 202 884.4227
5 149 1306.4174
6 229 60.2129
7 552 5572.4944
8 473 537.1140
9 81 347.4637
10 35 43.3743
11 488 10826.4644
12 390 2852.6346
13 504 4895.0075
14 237 2730.9442
15 46 75.5650
16 338 3978.5899
17 284 3646.0741
18 221 331.4207
19 225 2758.0441
20 230 1612.2039
21 99 239.4348
22 160 1405.7174
23 30 51.6188
24 79 249.7177
25 230 942.7865
26 180 928.9702
27 196 2345.1324
28 79 161.1245
29 122 483.4390
30 276 866.0540
31 187 56.9686
32 145 59.3070
33 464 3509.0486
34 175 1207.2906
35 250 3849.3186
36 236 1934.6148
37 81 257.0894
38 36 61.5058
39 487 4793.0130
40 110 677.0359
41 168 455.5264
42 210 1073.4885
43 501 8332.2937
44 136 783.9430
45 151 1208.1563
46 521 4087.3997
47 186 1085.8766
48 155 1253.9698
49 404 2566.7922
50 482 2299.0950
<precedence relations>
1,37
2,10
3,8
3,12
3,14
6,9
6,11
7,12
7,13
7,49
8,37
9,37
10,18
11,17
12,15
12,19
14,16
14,28
15,20
16,21
17,22
18,23
19,29
20,25
21,27
22,24
22,26
22,28
22,29
24,31
25,32
26,33
27,30
28,34
28,36
29,35
29,48
30,37
31,38
32,39
33,40
36,41
36,42
37,43
37,44
37,45
37,46
37,48
38,47
41,49
42,50
<end>