<number of tasks>
100
<cycle time>
1000
<order strength>
0.595
<z_alpha>
1.960
<task times>
1 333 2894.8043
2 542 17394.9068
3 500 2410.9311
4 364 5847.2406
5 376 4201.7823
6 343 2615.8569
7 657 3865.0649
8 706 17470.8917
9 301 2708.3518
10 423 6118.0227
11 452 8427.8815
12 581 5102.8024
13 389 644.5837
14 382 8883.6758
15 609 11866.3125
16 430 4178.1104
17 546 17463.8563
18 509 7316.4275
19 380 556.2879
20 529 6867.4014
21 804 2826.1486
22 517 7231.4908
23 710 5298.6228
24 411 144.4727
25 436 9977.0257
26 635 4775.9908
27 555 15213.0884
28 554 364.4666
29 559 10715.7570
30 697 11622.3527
31 387 8600.3523
32 632 19917.8546
33 289 3530.5180
34 472 6772.4498
35 466 2537.2238
36 754 13111.4755
37 197 2261.4301
38 528 157.5078
39 450 10388.0821
40 411 9907.9206
41 632 13203.7352
42 617 7442.3387
43 621 4244.8786
44 222 290.1549
45 506 897.0685
46 316 2259.9430
47 450 6362.4422
48 427 10564.3595
49 554 2391.1702
50 408 6657.6144
51 513 9875.7378
52 666 4086.9611
53 299 1695.6458
54 838 6742.0903
55 477 1499.4915
56 569 12748.9862
57 365 2508.8829
58 243 667.7394
59 614 4797.6415
60 539 1683.0758
61 511 6822.2592
62 626 12402.9635
63 366 4287.6404
64 435 2321.3821
65 549 3147.3977
66 287 4121.8749
67 631 22621.6883
68 469 6962.6046
69 483 3536.2839
70 561 5827.5092
71 478 9049.6453
72 544 5685.2326
73 358 2958.2145
74 570 741.1807
75 530 10676.6295
76 474 5172.9033
77 321 551.4700
78 460 5755.2626
79 477 12596.6528
80 526 9435.3209
81 498 10347.8614
82 464 11754.5600
83 444 1388.4672
84 378 1942.3754
85 516 598.3239
86 524 11055.3828
87 427 7891.3225
88 443 10154.7092
89 457 1063.1693
90 368 3093.4628
91 380 209.7532
92 675 25963.7256
93 504 8587.1848
94 488 2798.5277
95 509 11976.2737
96 667 1098.8617
97 416 3544.9021
98 407 172.8682
99 648 16811.0031
100 582 4395.0833
<precedence relations>
1,8
1,10
1,13
1,14
2,8
2,11
2,14
3,84
4,83
5,10
5,11
6,9
6,13
7,8
7,12
7,20
8,15
8,26
9,15
9,16
9,17
9,18
10,15
10,16
10,17
10,18
11,76
12,28
12,31
13,15
13,16
13,26
14,18
14,19
14,30
14,33
15,19
15,22
15,23
15,24
15,27
15,29
16,19
16,20
16,21
16,24
16,53
17,25
17,27
18,26
18,27
19,36
19,39
19,51
20,32
20,67
21,29
22,30
22,57
23,28
24,33
25,28
25,30
26,34
27,31
27,36
27,43
28,32
28,33
28,43
29,46
29,67
30,34
31,32
32,35
32,37
33,36
34,35
34,38
34,39
35,45
35,56
36,42
36,44
37,40
37,41
37,46
38,41
38,43
39,50
39,72
39,73
39,77
40,49
40,50
40,51
40,76
41,49
41,64
42,50
42,52
42,58
42,64
42,67
43,47
43,48
44,47
44,49
44,52
45,47
47,58
48,53
48,54
48,55
50,55
50,60
51,57
51,84
52,54
52,56
52,93
53,60
53,62
53,63
55,59
56,90
57,87
58,61
58,75
59,74
60,65
60,97
61,66
61,68
61,69
61,70
61,71
62,64
62,67
62,87
62,93
63,68
64,75
66,73
66,76
67,90
68,74
68,76
69,90
70,76
70,82
71,72
72,82
73,78
73,88
74,81
75,77
76,77
76,79
76,80
76,93
77,88
77,89
78,93
78,95
79,83
80,87
81,84
81,85
81,95
81,97
82,86
82,88
85,89
85,92
86,93
86,94
87,92
88,90
88,91
89,98
90,96
90,98
90,100
91,95
91,99
93,97
<end>