<number of tasks>
100
<cycle time>
1000
<order strength>
0.602
<z_alpha>
1.645
<task times>
1 491 37422.9904
2 617 5879.8487
3 581 4490.5172
4 570 13428.5048
5 400 11106.2580
6 329 23028.2383
7 492 49651.0642
8 724 2747.8697
9 492 37742.7373
10 438 36988.8964
11 643 10917.5493
12 768 4646.7458
13 305 5691.5897
14 432 1838.0539
15 502 23715.7866
16 625 4535.3995
17 473 1705.2075
18 580 33079.1434
19 770 3216.2699
20 548 33590.2553
21 525 663.3762
22 544 23274.6960
23 454 23058.2953
24 497 15890.6994
25 490 49234.7418
26 332 9546.2182
27 711 10606.5357
28 556 26077.5748
29 521 28751.6023
30 410 22649.4014
31 807 4462.6479
32 454 33677.5748
33 396 10217.7633
34 281 6149.6141
35 602 30550.4670
36 312 15559.2297
37 666 23704.4334
38 410 39013.9539
39 437 15647.5415
40 565 28213.2963
41 458 47867.1782
42 317 5161.6374
43 316 15993.1515
44 504 17122.7799
45 448 22848.3322
46 340 14953.7687
47 412 11426.1710
48 632 21642.9965
49 381 32074.0508
50 420 25692.1684
51 523 28718.9026
52 606 38456.4357
53 440 25074.1803
54 527 6447.2106
55 502 6318.4217
56 377 15399.3565
57 714 11096.1775
58 608 33576.3148
59 386 164.1221
60 565 36182.3857
61 649 5976.9981
62 608 3655.1159
63 450 44224.8729
64 550 19712.8853
65 494 49569.2482
66 540 53081.0611
67 494 57765.7296
68 436 29377.1337
69 395 8896.8532
70 389 30132.9120
71 547 37226.8286
72 352 29767.5226
73 571 36831.9346
74 397 24823.5377
75 533 15575.0349
76 546 9392.1594
77 479 38855.2561
78 653 21885.7709
79 630 5201.4989
80 408 410.6816
81 490 7857.5418
82 682 26099.3155
83 365 19134.2166
84 474 29454.3098
85 639 2017.3626
86 438 5498.7090
87 442 16134.7990
88 479 32509.8814
89 533 35593.7716
90 560 42792.2712
91 426 43606.0586
92 363 22592.1467
93 815 5178.4107
94 481 38720.3095
95 479 17847.1999
96 565 20249.5983
97 618 19981.1875
98 586 34103.1528
99 436 15442.2763
100 561 20213.5918
<precedence relations>
1,15
2,15
3,15
4,6
4,7
4,9
4,11
4,12
5,8
5,10
5,13
6,58
7,56
8,86
9,15
10,15
11,13
11,14
11,16
11,17
12,34
12,40
13,58
14,86
15,18
15,19
15,20
15,21
15,22
15,23
15,24
15,25
15,26
15,27
15,28
16,28
16,30
16,33
16,34
16,35
16,36
17,28
18,29
18,30
18,31
18,37
18,39
18,44
19,29
19,35
19,36
19,41
20,29
20,30
20,31
20,32
21,29
21,30
21,31
21,32
22,29
22,30
22,31
22,36
22,57
23,44
23,46
24,29
24,42
24,44
24,49
24,55
25,29
25,30
25,31
25,32
26,47
27,37
27,41
28,31
28,39
28,41
28,43
29,74
30,56
31,86
32,33
32,34
32,35
32,36
33,86
34,37
34,38
34,39
34,41
35,37
35,39
35,52
36,40
36,50
37,74
38,58
39,46
39,50
40,42
40,43
40,76
40,93
41,42
41,44
41,45
41,46
42,86
43,86
44,47
44,50
44,57
45,47
45,48
45,52
46,49
46,51
47,56
48,56
49,56
50,53
50,56
50,58
51,53
51,66
52,54
52,55
52,57
53,74
54,58
55,58
56,59
56,60
56,61
56,62
56,63
56,64
56,65
56,76
58,67
58,68
58,69
58,70
58,71
58,72
59,86
60,73
60,74
61,66
61,86
62,74
62,75
63,66
63,95
64,87
64,97
64,98
65,73
65,74
66,74
67,76
68,93
70,99
70,100
71,75
72,94
72,95
72,97
72,98
72,100
73,92
74,77
74,78
74,79
74,80
74,81
74,82
74,83
74,84
74,85
74,87
75,86
76,87
76,95
76,97
77,96
77,97
77,98
78,96
78,97
79,94
80,92
80,97
81,93
81,97
82,92
82,93
86,88
86,89
86,90
86,91
87,92
87,94
87,96
88,94
88,97
88,100
89,96
90,95
91,94
91,97
91,98
93,94
93,98
94,99
95,99
96,100
<end>