<number of tasks>
100
<cycle time>
1000
<order strength>
0.599
<z_alpha>
1.280
<task times>
1 145 626.9807
2 458 7963.9617
3 88 202.5931
4 195 4683.1263
5 376 31859.0473
6 335 22293.2418
7 151 1760.8095
8 135 4507.6484
9 111 2300.1964
10 455 3921.5953
11 538 24908.2186
12 145 539.4494
13 155 133.2875
14 203 350.6037
15 49 235.4711
16 151 3406.1742
17 246 1322.4665
18 54 462.1555
19 159 2114.7634
20 188 8643.8875
21 479 39554.6039
22 518 55779.1731
23 64 169.7872
24 195 3031.9907
25 34 127.6907
26 202 8283.4901
27 183 7378.1467
28 153 3053.3218
29 141 320.3450
30 197 4566.7228
31 280 3097.4925
32 522 55102.3109
33 200 1458.6681
34 40 51.6651
35 292 6196.2569
36 56 722.5718
37 187 453.1856
38 650 1871.2391
39 206 6950.4168
40 442 12077.4132
41 554 38192.6104
42 140 657.9939
43 403 22640.0755
44 100 1736.4934
45 641 12590.6714
46 171 4969.5620
47 255 526.9360
48 470 6338.9455
49 279 7105.0405
50 413 33238.1702
51 73 445.1469
52 169 4406.3607
53 250 3899.6002
54 231 10866.2522
55 95 1312.3850
56 200 5376.4900
57 197 4482.2765
58 75 316.0932
59 315 19979.6218
60 260 15509.1740
61 99 2342.1328
62 595 20514.6258
63 76 971.1591
64 250 7767.6270
65 246 4047.2292
66 218 5657.0439
67 112 2778.8259
68 61 146.0012
69 95 1201.1354
70 246 5135.1299
71 106 477.7792
72 230 2709.4036
73 389 27386.5416
74 60 720.5643
75 444 21795.1659
76 74 1188.2608
77 509 33159.1957
78 129 3569.4511
79 458 38334.9243
80 64 94.8491
81 197 2737.8505
82 130 1023.4788
83 283 8121.9359
84 22 91.7688
85 419 21655.7734
86 536 1240.6905
87 62 247.1328
88 274 8512.6671
89 316 9323.9146
90 216 10141.1475
91 37 106.5000
92 141 903.5437
93 73 884.8557
94 101 1722.8652
95 265 10045.4492
96 125 175.7110
97 206 6578.1611
98 537 8271.1038
99 27 81.3566
100 304 6418.7692
<precedence relations>
1,8
1,9
1,20
1,33
2,15
2,21
2,34
3,18
4,10
5,6
5,7
5,8
5,9
5,10
6,12
6,15
6,23
7,11
7,13
7,35
8,16
8,22
8,32
8,48
9,84
9,86
10,14
10,20
11,17
11,18
11,20
12,56
12,88
13,17
13,18
13,21
14,19
14,27
14,28
15,24
15,48
16,60
16,85
17,36
18,22
18,23
18,28
19,23
19,24
19,26
20,22
20,23
20,25
20,42
21,22
21,27
21,65
22,29
22,57
23,29
23,30
23,31
24,32
24,44
26,33
26,58
27,86
27,92
28,31
28,46
30,34
30,36
30,37
30,46
31,38
32,35
32,40
33,35
34,39
35,39
35,41
35,42
36,39
36,40
37,39
37,43
38,39
38,40
39,45
39,47
39,49
39,50
39,51
40,67
40,71
40,97
41,45
41,46
41,62
42,45
42,76
43,44
43,45
43,48
44,58
45,52
45,77
46,52
47,55
47,57
47,63
47,75
47,77
48,69
48,77
48,87
49,54
49,59
50,56
51,53
52,60
53,61
54,60
54,62
54,63
55,82
55,90
55,99
56,62
56,86
57,60
57,93
58,77
59,97
59,100
60,64
60,69
61,68
61,73
61,85
62,65
62,66
62,82
63,67
63,68
63,76
63,93
64,79
64,87
64,88
65,71
65,87
66,70
66,81
66,83
66,89
66,96
67,78
67,84
67,94
68,92
69,72
69,73
70,75
70,76
71,77
71,98
72,79
73,74
73,78
73,80
73,84
74,81
74,82
74,83
74,95
75,87
76,84
76,87
77,85
78,88
78,90
79,86
79,92
80,82
81,91
81,92
81,97
82,94
82,97
83,98
85,93
86,89
87,90
87,100
88,95
88,96
89,100
90,98
92,99
92,100
93,100
<end>