<number of tasks>
50
<cycle time>
1000
<order strength>
0.198
<z_alpha>
1.645
<task times>
1 113 1488.3606
2 48 22.8364
3 370 32785.2144
4 274 3201.4555
5 189 4052.6517
6 264 7927.0191
7 264 12492.8434
8 182 8237.3449
9 68 203.7115
10 146 2472.3558
11 253 1202.5907
12 45 401.4691
13 132 741.0396
14 229 3467.0216
15 98 946.3124
16 90 1771.4622
17 164 87.8984
18 305 17941.0609
19 56 107.9099
20 233 12642.7122
21 316 3179.9908
22 72 798.4645
23 62 334.6154
24 133 2863.9076
25 226 4386.3355
26 143 2458.6919
27 92 296.0203
28 186 5115.4138
29 80 467.0697
30 150 1449.1625
31 68 1079.0914
32 223 3555.1971
33 115 461.7618
34 299 5468.7206
35 55 529.8349
36 177 3227.6631
37 58 120.5182
38 171 6654.7444
39 44 344.3082
40 41 22.5443
41 137 4563.3662
42 101 348.1187
43 164 6329.4764
44 158 4537.8725
45 213 7165.8956
46 283 17879.0179
47 113 737.1027
48 104 1934.1279
49 93 1022.3026
50 78 665.9918
<precedence relations>
1,16
2,11
2,12
3,13
3,16
3,21
4,9
7,8
7,10
7,14
7,15
8,16
9,16
10,16
11,17
12,18
13,20
14,19
15,21
15,22
16,23
16,24
16,25
16,26
17,27
18,29
19,28
22,30
22,31
23,35
25,36
25,37
27,32
28,34
29,33
32,40
33,38
34,39
35,41
35,42
38,43
39,43
41,44
41,45
44,48
44,49
44,50
45,46
45,47
<end>