<number of tasks>
20
<cycle time>
1000
<order strength>
0.232
<z_alpha>
1.960
<task times>
1 168 5505.4383
2 545 22470.4787
3 57 549.7006
4 295 4563.6212
5 113 198.2295
6 453 39388.0347
7 489 16113.5529
8 58 102.3737
9 54 156.3244
10 376 21070.9142
11 51 4.9855
12 191 8678.8466
13 278 17633.1248
14 79 701.2857
15 145 949.3503
16 150 2313.6916
17 82 420.1148
18 446 40040.2910
19 176 4660.0078
20 386 2396.6261
<precedence relations>
2,3
2,4
2,5
2,6
2,7
3,9
4,10
4,11
6,8
8,16
9,13
9,15
11,12
11,14
13,17
14,18
15,19
16,20
<end>