<number of tasks>
50
<cycle time>
1000
<order strength>
0.195
<z_alpha>
1.280
<task times>
1 706 10666.6602
2 733 100.5195
3 494 1172.4130
4 576 15482.4617
5 570 6422.0954
6 640 17434.0578
7 518 237.4640
8 476 8843.8143
9 528 156.1030
10 764 11229.8310
11 706 16578.6028
12 379 8628.3091
13 499 13172.2478
14 498 2595.2184
15 685 7602.1808
16 633 1010.2102
17 482 7298.5415
18 379 5541.5655
19 360 1524.8604
20 595 11147.1439
21 237 3267.6941
22 371 2034.4504
23 312 4510.4386
24 582 1040.0838
25 357 1777.5610
26 307 3753.4414
27 556 470.5054
28 346 6311.4332
29 419 5664.2303
30 381 3767.5715
31 473 5371.7652
32 658 19207.5866
33 357 7803.3210
34 435 10129.1271
35 535 2327.1345
36 571 14827.8612
37 555 4120.5988
38 589 9666.0280
39 635 17492.1102
40 499 7290.1760
41 528 5846.9491
42 440 792.8666
43 665 13236.7199
44 460 13210.4168
45 509 8239.3791
46 476 7467.3927
47 375 5302.7244
48 571 10781.1044
49 529 1916.7579
50 761 122.6974
<precedence relations>
1,11
2,10
4,7
4,8
4,9
5,6
6,13
6,18
7,14
7,17
7,18
7,20
8,15
9,16
9,43
11,12
11,36
12,23
13,32
15,49
16,20
17,19
17,21
17,22
20,44
21,25
21,29
21,44
22,48
23,24
23,26
23,27
23,28
23,39
24,33
25,34
26,30
28,35
29,31
29,32
31,36
31,37
31,38
33,37
33,42
34,39
34,40
34,43
34,48
35,41
36,46
37,43
37,45
40,50
41,49
42,44
42,47
42,48
<end>