<number of tasks>
100
<cycle time>
1000
<order strength>
0.197
<z_alpha>
1.645
<task times>
1 456 238.1547
2 628 17075.3054
3 425 3415.2389
4 546 699.8610
5 510 9211.4157
6 493 10680.3943
7 466 132.1996
8 567 20009.5655
9 575 1784.4886
10 545 7186.0389
11 585 988.3301
12 605 3486.0605
13 289 4378.3262
14 395 4858.8023
15 639 9067.9218
16 614 81.3433
17 626 16776.6591
18 417 3708.8800
19 419 3252.7179
20 355 1530.5275
21 523 14803.7237
22 473 3622.0477
23 480 10637.4332
24 422 4339.1058
25 377 6377.9552
26 480 12577.5117
27 520 9829.2262
28 663 497.6964
29 438 3922.3090
30 469 11047.4505
31 604 18781.2728
32 551 1116.7573
33 458 1678.9382
34 546 5729.3540
35 565 1116.6216
36 699 1463.6386
37 528 15971.6718
38 403 3422.8653
39 461 11699.4967
40 574 7184.0579
41 477 13622.0782
42 437 6292.2741
43 624 16094.9269
44 412 3600.6129
45 654 16385.7115
46 743 15363.6703
47 581 8007.7318
48 582 4307.6424
49 355 625.9055
50 283 4456.9830
51 448 6275.6880
52 562 8930.4282
53 443 2072.2546
54 550 9272.9066
55 673 18863.6311
56 395 3430.7382
57 484 11265.3808
58 570 8758.3506
59 523 6989.0166
60 597 749.4826
61 524 16858.1682
62 597 21712.7662
63 536 651.1458
64 575 19399.4612
65 629 19804.4252
66 440 11364.9333
67 263 1416.4770
68 645 1834.8917
69 514 13870.6353
70 497 8799.3433
71 414 6622.2953
72 439 441.2376
73 497 12552.5640
74 536 17827.1058
75 366 6659.4462
76 607 15183.1558
77 415 4988.1432
78 507 1451.7262
79 582 17708.0354
80 397 2237.8056
81 540 6018.8749
82 556 9738.4680
83 562 11736.1222
84 506 14114.8487
85 569 3496.9794
86 385 6124.5292
87 321 3063.3299
88 563 12763.8401
89 508 2437.3514
90 264 4039.5694
91 659 24360.9072
92 471 13507.7801
93 442 8188.6091
94 548 2352.8295
95 562 14827.0463
96 389 7541.8529
97 557 15305.5029
98 417 2461.3529
99 500 9639.7126
100 352 1985.1606
<precedence relations>
1,7
1,8
1,10
2,51
2,68
3,9
3,11
6,20
7,12
8,15
9,13
9,14
9,20
9,21
9,22
9,34
10,17
10,19
10,35
11,16
11,18
11,22
12,23
13,24
14,25
15,26
17,28
17,51
18,50
19,96
19,98
21,27
22,69
23,29
24,30
25,33
26,33
27,31
27,35
27,91
27,93
28,32
28,34
28,36
29,40
30,37
31,38
32,39
33,41
34,43
34,44
34,45
36,42
37,46
38,51
39,48
40,47
41,52
41,53
41,54
42,56
43,52
43,55
43,70
44,96
45,49
45,50
45,53
46,61
47,62
48,64
49,57
49,60
49,63
49,66
49,69
49,70
50,58
50,89
52,59
52,91
53,65
53,67
53,68
54,67
54,89
54,95
56,96
57,71
58,72
59,73
60,74
61,80
62,80
63,76
64,77
65,78
66,79
67,75
68,88
69,90
70,81
71,82
72,83
73,84
74,87
75,85
76,88
77,89
78,90
79,86
80,91
80,94
80,96
82,93
83,93
84,92
85,93
86,94
87,97
88,98
89,94
90,96
91,95
92,99
93,100
<end>