<number of tasks>
100
<cycle time>
1000
<order strength>
0.598
<z_alpha>
1.960
<task times>
1 506 4702.8226
2 784 10870.5100
3 518 4802.6921
4 585 14411.3755
5 531 11979.3260
6 502 14286.2194
7 719 12560.0527
8 515 1591.3469
9 674 14271.5628
10 433 10436.8389
11 672 26916.8507
12 331 4931.9895
13 261 3090.3031
14 675 17165.7001
15 466 8507.2100
16 406 5121.2487
17 530 2359.1499
18 519 9258.1270
19 287 1648.9124
20 529 8557.0148
21 624 16395.9409
22 501 4707.5034
23 650 6607.3886
24 504 5249.0949
25 595 21681.7542
26 549 8172.8176
27 561 18105.5439
28 478 13219.3857
29 403 837.8076
30 610 1280.2404
31 493 1660.0504
32 456 4355.7327
33 583 3898.6808
34 423 9947.7624
35 444 1007.9308
36 323 1239.4532
37 396 4971.8266
38 468 11071.4116
39 474 6034.2220
40 333 2994.2361
41 577 17208.7056
42 428 6683.7554
43 454 3750.4797
44 667 15492.9779
45 647 12108.1346
46 406 5982.2106
47 546 4707.6259
48 483 2621.1419
49 582 19341.0250
50 329 2358.9917
51 422 2640.3249
52 567 18246.5263
53 565 6842.2745
54 558 1533.7210
55 549 12178.2334
56 619 18271.7720
57 411 6337.5237
58 302 4045.8590
59 519 2831.8490
60 567 16905.9341
61 717 11454.2427
62 614 22363.2642
63 628 24413.9573
64 541 96.1379
65 511 14727.0811
66 550 9761.5627
67 564 16040.5855
68 326 2124.2634
69 385 3246.8873
70 424 10402.7973
71 339 2828.7098
72 554 11644.5109
73 537 4004.3743
74 536 9009.1989
75 609 1858.2860
76 378 1215.3862
77 563 15741.4961
78 474 9821.1486
79 617 13036.4456
80 671 15952.1330
81 315 394.7992
82 590 7740.0167
83 470 7464.0315
84 363 3225.0417
85 709 9054.8073
86 361 7733.1725
87 431 5045.5400
88 407 5697.4585
89 672 5907.8513
90 573 1637.8784
91 426 397.9464
92 546 2857.7390
93 652 20492.3836
94 388 7952.2088
95 680 7653.1986
96 705 9218.1719
97 351 3174.6687
98 376 8773.0981
99 549 989.2125
100 490 6393.8701
<precedence relations>
1,58
2,91
3,18
4,18
5,18
6,56
7,56
8,9
8,10
8,11
8,12
8,13
8,14
8,15
9,35
10,18
11,18
12,18
13,18
14,16
14,17
14,19
14,20
14,21
14,31
14,36
15,56
16,35
17,35
18,22
18,23
18,24
18,25
18,26
18,27
18,28
19,56
20,56
21,33
22,32
23,55
23,66
23,72
24,29
24,52
25,30
25,31
25,38
26,29
26,31
27,29
27,32
27,33
27,34
28,32
28,34
29,35
30,35
31,58
32,56
33,38
33,75
34,36
34,37
35,39
35,40
35,41
35,42
35,43
35,44
35,45
35,46
35,47
35,48
35,49
35,50
35,51
36,51
38,52
38,58
39,53
39,75
39,77
40,53
40,75
41,57
41,73
41,75
41,76
41,79
43,55
44,73
44,75
44,92
45,81
46,54
46,56
47,66
47,76
48,53
48,54
48,77
49,53
49,54
49,72
50,72
50,76
51,56
53,58
54,58
55,58
56,58
56,59
56,60
56,61
56,62
56,63
56,64
56,65
56,66
57,66
58,67
58,68
58,69
58,70
58,71
59,93
60,72
61,72
61,73
62,74
62,82
63,92
63,93
64,74
64,76
64,85
65,75
65,94
66,78
66,86
67,93
68,74
68,79
69,80
69,83
70,76
70,78
71,78
72,75
72,78
72,79
73,77
73,93
73,100
74,91
76,81
77,80
78,82
78,83
79,80
79,81
79,82
79,85
81,84
81,86
83,85
84,91
85,91
86,87
87,88
87,89
87,90
88,91
89,91
90,92
90,93
90,94
91,95
91,96
91,97
91,98
92,100
94,99
<end>