<number of tasks>
50
<cycle time>
1000
<order strength>
0.205
<z_alpha>
1.645
<task times>
1 344 7394.4469
2 413 8267.1215
3 498 531.6672
4 248 2310.5979
5 485 12267.0958
6 219 2188.2852
7 612 22034.8923
8 493 7135.9194
9 520 15581.6085
10 483 12299.7772
11 515 10611.7600
12 362 5603.9149
13 551 15784.7827
14 432 11411.9586
15 292 1273.3375
16 641 11529.3901
17 568 16710.3554
18 305 3272.6098
19 325 643.5634
20 578 1352.2489
21 494 5492.4111
22 505 12076.5116
23 443 10011.7463
24 371 4359.9594
25 494 1652.4366
26 525 10663.4191
27 507 8849.3506
28 568 10376.2104
29 608 14513.2741
30 550 10988.2189
31 269 1116.7973
32 450 6785.3628
33 386 7652.1684
34 476 10195.9801
35 506 10847.0430
36 431 7525.8661
37 479 9636.4465
38 447 9683.6301
39 626 63.6190
40 315 2867.7318
41 419 2559.1719
42 610 16953.0123
43 372 5534.6491
44 353 6085.4633
45 736 16920.5704
46 525 2616.3020
47 586 931.9353
48 429 9874.5385
49 588 14730.2812
50 691 6867.8943
<precedence relations>
1,31
2,20
3,7
5,9
5,10
6,8
7,11
7,12
9,13
9,15
10,14
11,16
12,17
13,19
14,18
14,19
14,20
15,21
16,27
17,29
18,26
18,35
19,28
19,30
21,22
21,23
21,24
21,25
22,31
23,31
24,31
25,31
26,32
27,35
28,33
29,34
30,36
30,37
31,38
31,39
31,40
31,41
31,42
32,44
33,45
34,43
35,46
39,47
41,49
41,50
43,47
44,48
<end>