<number of tasks>
100
<cycle time>
1000
<order strength>
0.602
<z_alpha>
1.645
<task times>
1 258 3032.0745
2 417 9592.8584
3 323 6054.4077
4 603 330.8398
5 418 5258.2068
6 116 244.2572
7 388 2016.5355
8 166 1015.7756
9 58 92.6042
10 202 810.9110
11 205 62.0349
12 32 39.2640
13 167 1365.3029
14 211 2741.6661
15 159 1049.6009
16 23 27.1047
17 466 5610.1109
18 196 1821.7049
19 64 151.0687
20 149 502.5654
21 51 140.2341
22 156 1428.4183
23 171 828.5480
24 21 17.9129
25 325 2497.1508
26 187 533.4028
27 128 943.1376
28 180 1840.7610
29 243 1732.0305
30 202 432.9878
31 480 6112.0235
32 428 1366.0576
33 42 47.1637
34 200 687.9721
35 80 54.5733
36 139 56.9544
37 235 2244.0289
38 103 493.5827
39 477 9439.9097
40 532 16521.5041
41 150 2.4683
42 344 3064.9915
43 165 944.2168
44 106 506.1670
45 53 115.6056
46 80 372.3042
47 181 1278.5566
48 160 1304.7724
49 269 1306.9405
50 185 1516.5180
51 143 1260.2696
52 368 3760.2833
53 116 203.7762
54 204 1317.7207
55 306 2072.3179
56 239 2672.3147
57 182 1058.5098
58 266 2183.2008
59 549 9322.4869
60 191 1396.0967
61 144 1278.1237
62 454 5506.7688
63 219 445.7009
64 42 52.8058
65 356 710.9763
66 297 3655.4192
67 606 13455.0675
68 82 47.6077
69 403 4620.7352
70 481 95.6173
71 116 588.7641
72 97 234.6323
73 301 2413.1703
74 86 268.8207
75 480 11536.6690
76 284 1211.1653
77 75 141.8442
78 28 37.1311
79 150 594.9547
80 98 324.9489
81 208 1475.1795
82 146 454.5188
83 120 873.9797
84 527 8083.2228
85 154 1401.4842
86 331 1206.4618
87 299 4516.2257
88 219 1171.7791
89 131 59.9405
90 152 791.8932
91 101 74.9087
92 178 485.2676
93 48 51.7683
94 232 282.8088
95 203 408.3698
96 166 1181.9375
97 237 1706.5529
98 30 23.8774
99 220 2803.2411
100 93 149.1327
<precedence relations>
1,23
2,23
3,23
4,20
5,20
6,59
7,71
8,9
8,10
8,11
8,12
8,13
8,14
8,15
8,16
8,17
9,20
10,20
11,20
12,20
13,20
14,71
15,71
16,18
16,22
17,19
17,21
18,23
19,23
20,24
20,25
20,26
20,27
20,28
20,30
21,23
21,29
22,23
22,31
23,32
23,33
23,34
23,35
23,36
23,37
23,38
23,39
24,42
24,57
24,70
24,71
25,38
26,37
26,40
26,48
26,51
26,58
27,37
27,46
27,70
28,37
28,38
28,44
29,37
29,38
30,43
31,40
31,53
32,40
32,44
32,60
33,46
34,43
35,40
35,41
35,42
35,43
36,63
37,71
38,40
38,41
38,42
38,43
38,52
39,41
39,47
40,59
41,59
42,87
43,45
43,46
43,47
43,50
44,48
44,49
44,51
45,87
46,71
47,53
48,52
49,73
50,54
51,52
52,71
53,56
53,57
53,58
54,55
54,57
54,64
54,85
55,59
56,59
57,59
58,60
58,61
58,62
58,63
58,64
59,65
59,66
59,67
59,68
59,69
59,72
60,71
61,71
62,99
63,70
63,83
65,83
65,86
65,100
66,97
67,86
67,89
69,82
70,87
71,74
71,75
71,76
71,77
71,78
71,79
71,80
71,81
71,83
72,73
73,87
74,100
75,84
75,85
76,86
77,85
79,96
80,85
80,88
80,96
81,96
82,86
84,87
85,89
86,88
86,95
87,90
87,91
87,92
87,93
88,94
89,100
90,97
91,96
92,95
95,98
95,99
96,100
<end>