<number of tasks>
100
<cycle time>
1000
<order strength>
0.196
<z_alpha>
1.645
<task times>
1 62 209.2239
2 119 868.7483
3 42 11.1673
4 69 269.8534
5 233 2434.4864
6 488 9200.9695
7 554 16892.0474
8 166 1150.1494
9 227 442.3663
10 135 680.6972
11 149 947.7520
12 416 5345.9089
13 163 19.6158
14 103 346.7663
15 399 3858.3215
16 438 8945.0911
17 98 367.2867
18 219 1622.0088
19 113 733.2987
20 143 471.5591
21 344 2451.1591
22 216 1757.9724
23 478 8480.5574
24 257 256.4477
25 186 583.5615
26 193 2045.9267
27 28 37.7741
28 281 616.0379
29 117 316.2824
30 72 181.4989
31 101 629.9316
32 116 293.1098
33 322 1858.2875
34 297 1531.1818
35 107 52.9171
36 398 744.8336
37 321 2110.4598
38 43 92.9380
39 239 2582.4398
40 236 845.2319
41 391 6135.3964
42 144 555.5363
43 495 8394.6819
44 216 2764.6204
45 41 88.8870
46 189 1135.0198
47 39 17.8446
48 216 2449.9398
49 331 2659.7494
50 63 186.1140
51 298 2848.9953
52 31 1.6261
53 306 1385.2358
54 227 1102.2213
55 119 510.3807
56 139 509.0977
57 221 2179.9644
58 117 410.3601
59 88 77.8327
60 101 284.7292
61 163 1476.7619
62 37 27.6950
63 119 497.3383
64 443 3687.4533
65 166 977.4138
66 282 1894.2361
67 55 20.6569
68 261 4117.2727
69 401 6499.1882
70 133 82.8087
71 304 5363.5188
72 399 6032.6266
73 175 1801.9166
74 240 1256.8632
75 528 14890.5974
76 172 1212.4879
77 227 332.0819
78 53 148.9675
79 54 167.2715
80 513 4435.2550
81 453 8920.9943
82 69 149.3046
83 253 1972.2937
84 209 294.4430
85 80 215.2913
86 297 4474.8572
87 119 523.9460
88 261 994.4003
89 114 179.1564
90 21 19.6633
91 484 5604.8831
92 304 1720.4932
93 25 26.7793
94 227 1450.3535
95 473 716.0144
96 194 358.7999
97 140 3.1244
98 92 524.4858
99 125 509.0111
100 267 2897.7901
<precedence relations>
1,5
1,11
1,12
1,42
1,60
2,7
2,8
2,9
2,41
3,6
3,10
4,54
4,66
5,19
5,39
7,13
7,16
7,76
10,17
10,18
10,20
12,14
12,15
12,18
13,22
13,23
14,87
15,74
16,68
17,27
18,22
18,26
18,28
19,24
20,21
20,25
20,64
21,36
22,29
23,34
23,69
24,81
24,88
25,73
26,30
26,35
27,31
27,32
28,29
28,33
29,37
29,43
31,42
31,43
31,55
32,39
32,43
33,89
35,38
35,96
36,40
36,41
36,44
37,48
38,47
38,50
41,45
43,46
44,49
45,52
45,54
46,51
47,56
47,58
47,62
48,53
50,55
50,57
50,59
50,70
51,67
53,64
53,68
54,60
55,61
56,65
56,66
56,69
59,62
59,63
60,79
61,72
63,77
64,70
64,75
64,85
65,74
65,78
66,71
66,73
66,76
67,100
70,83
72,87
73,84
73,89
74,80
74,88
75,81
76,90
77,82
77,83
78,85
78,86
81,96
81,100
82,95
82,97
84,93
84,94
85,93
85,98
86,100
87,91
87,92
87,99
<end>