<number of tasks>
20
<cycle time>
1000
<order strength>
0.253
<z_alpha>
1.280
<task times>
1 133 3288.8677
2 301 5427.5949
3 145 2360.4120
4 151 403.1073
5 26 116.9071
6 218 10904.6721
7 357 21985.1193
8 137 1584.2584
9 78 413.8033
10 63 863.5589
11 515 39996.2474
12 256 13069.8413
13 338 25935.8370
14 493 59204.7821
15 506 41226.5060
16 413 36838.2984
17 373 4573.3969
18 61 361.3594
19 441 31550.8626
20 158 3274.7152
<precedence relations>
1,4
1,5
2,6
4,9
5,7
5,8
5,10
7,12
8,13
9,14
10,11
10,15
11,16
12,17
13,17
14,19
15,18
15,20
<end>