<number of tasks>
100
<cycle time>
1000
<order strength>
0.595
<z_alpha>
1.645
<task times>
1 288 4254.6585
2 592 21592.6767
3 433 32421.0727
4 415 18695.1658
5 440 47926.5056
6 742 14371.6881
7 513 5613.0982
8 537 48232.6018
9 548 19609.9589
10 332 3702.3517
11 442 13328.1410
12 354 17184.0729
13 362 9344.8214
14 391 35885.8361
15 627 19507.8523
16 557 42745.8583
17 561 1657.0621
18 371 16749.0468
19 601 7498.4683
20 502 51761.7222
21 461 28459.4074
22 521 20152.4057
23 606 1876.0167
24 506 49673.4220
25 429 40848.3999
26 471 47805.0627
27 604 18296.7744
28 652 30056.2023
29 216 6411.2568
30 441 19324.1915
31 572 22916.0638
32 553 51003.9005
33 642 25743.2628
34 292 18294.4749
35 397 10942.7916
36 534 7330.4156
37 295 8681.9085
38 366 21564.8738
39 310 11491.2177
40 376 30467.2928
41 668 2321.5728
42 596 11117.4375
43 518 58263.9853
44 541 1591.7013
45 421 5440.8297
46 477 10779.3761
47 592 13921.6369
48 503 39508.3353
49 641 9199.2922
50 554 32779.4663
51 433 10386.4214
52 529 51866.5901
53 415 29327.4395
54 521 25494.9677
55 564 12514.8321
56 634 9138.6070
57 549 17604.4818
58 463 43265.8052
59 598 1186.3501
60 581 43053.6777
61 368 4318.9680
62 901 1626.2421
63 562 435.0189
64 383 14743.5405
65 594 12310.0502
66 376 17005.2081
67 547 26643.3062
68 268 3940.7578
69 423 9622.7393
70 482 39075.0341
71 402 20811.4388
72 478 14619.6740
73 478 18229.8399
74 547 34275.4129
75 503 14805.0275
76 486 32160.0350
77 583 19393.9601
78 551 1867.8703
79 619 19118.1384
80 329 12006.3967
81 682 24775.6362
82 484 8326.0599
83 514 15744.6311
84 489 6147.0901
85 405 21948.5809
86 511 30219.2132
87 411 12912.6643
88 481 57121.7807
89 509 45409.0898
90 768 11909.4653
91 376 12560.7469
92 306 16358.5277
93 481 4726.5850
94 533 42201.6760
95 346 12297.4757
96 439 6080.3302
97 644 23661.0279
98 403 20140.4622
99 742 10341.8142
100 772 5717.1590
<precedence relations>
1,4
1,6
1,7
1,8
2,5
3,7
4,10
5,9
5,11
5,12
5,13
6,11
6,46
6,52
6,54
7,11
7,12
7,13
7,22
8,11
8,18
8,41
9,14
10,15
11,16
11,47
11,76
12,17
12,18
13,33
13,44
13,46
13,53
14,22
15,19
16,20
17,21
17,23
17,24
18,54
19,25
20,31
21,26
22,28
22,29
22,32
22,47
23,27
23,31
23,33
23,45
23,46
24,30
24,31
25,34
26,40
27,35
28,37
29,38
30,39
31,36
31,55
31,81
32,41
33,43
34,43
35,43
36,42
37,43
38,44
39,45
40,43
40,45
40,46
40,47
41,43
41,46
41,53
42,48
43,49
43,50
43,52
43,54
43,55
44,50
44,51
45,50
45,51
45,52
45,53
45,54
45,55
46,50
46,51
46,55
47,53
47,60
48,57
49,58
50,56
50,61
51,60
51,64
51,70
52,59
52,60
52,71
53,64
53,81
54,59
54,70
54,71
55,85
55,97
56,62
57,64
58,63
60,78
60,85
60,88
61,65
61,71
62,66
63,67
64,69
64,71
64,87
65,68
65,70
66,76
67,73
68,74
69,75
70,72
70,78
70,81
70,82
71,77
71,78
72,79
73,80
74,81
75,82
76,81
77,93
77,94
78,92
78,93
79,83
80,84
81,86
81,87
81,88
82,85
82,86
83,90
84,91
85,89
85,93
86,90
86,92
86,94
86,95
87,91
87,95
87,99
88,90
88,92
88,94
89,96
90,99
92,100
93,98
94,97
94,98
95,97
95,98
<end>