<number of tasks>
20
<cycle time>
1000
<order strength>
0.511
<z_alpha>
1.645
<task times>
1 296 3775.1434
2 192 179.2770
3 138 171.7016
4 52 68.5336
5 274 3590.2094
6 220 1743.4061
7 67 275.8613
8 148 963.1988
9 280 4292.3956
10 244 1321.6869
11 229 2040.5340
12 214 644.3421
13 95 73.4258
14 124 407.5437
15 191 1209.1964
16 71 298.6357
17 108 466.8471
18 192 498.7032
19 231 1985.7116
20 166 485.5759
<precedence relations>
1,6
2,7
3,8
4,7
4,8
5,8
6,9
7,10
8,10
9,11
10,12
10,13
10,14
11,17
12,15
13,16
14,17
15,18
16,19
17,20
<end>