<number of tasks>
100
<cycle time>
1000
<order strength>
0.595
<z_alpha>
1.960
<task times>
1 119 28.2632
2 138 481.1702
3 79 213.3304
4 74 47.2101
5 113 502.3761
6 215 2702.8097
7 187 1443.0318
8 179 793.9471
9 259 4132.8409
10 268 3765.2415
11 293 1564.5532
12 61 67.8953
13 63 66.6696
14 36 44.1866
15 108 48.1328
16 73 49.5677
17 216 2862.6187
18 223 3079.5264
19 206 245.7052
20 223 2099.2138
21 204 462.1739
22 72 72.0886
23 200 1549.2607
24 113 602.1544
25 191 2184.0026
26 36 48.7911
27 72 125.5006
28 53 155.0409
29 120 380.3095
30 156 845.8199
31 117 38.7571
32 131 1023.3163
33 59 164.8778
34 225 2346.1209
35 97 394.7921
36 32 44.6568
37 34 11.6330
38 89 96.2958
39 129 413.9284
40 36 60.3096
41 102 211.5506
42 24 6.2924
43 129 622.1233
44 137 389.2951
45 129 627.0080
46 192 809.0501
47 32 0.2602
48 102 312.0731
49 186 132.9472
50 254 1714.4802
51 106 250.3775
52 32 13.6516
53 37 23.7027
54 40 21.2558
55 225 901.5996
56 31 5.4479
57 223 2962.7250
58 61 161.4332
59 175 1818.3980
60 106 195.1645
61 42 9.9336
62 50 132.2443
63 215 937.4744
64 80 121.4223
65 155 603.4654
66 82 247.7417
67 201 1317.2960
68 172 370.2419
69 184 1683.6228
70 27 13.7495
71 97 372.9655
72 75 314.1355
73 160 417.6790
74 48 22.7090
75 140 190.4102
76 103 502.5548
77 27 1.0616
78 169 1369.1892
79 84 305.0035
80 223 238.6462
81 42 45.9627
82 119 870.1735
83 93 246.7540
84 307 351.6522
85 115 357.9847
86 134 889.1795
87 121 112.0734
88 118 373.3954
89 110 536.1567
90 100 363.1180
91 109 130.4713
92 21 26.4735
93 47 23.7981
94 75 228.5567
95 213 2530.1880
96 101 185.3697
97 136 261.7307
98 87 236.3853
99 178 586.2155
100 201 2100.8079
<precedence relations>
1,72
2,42
3,60
4,84
5,7
5,14
5,16
6,7
6,8
6,9
6,10
7,42
8,85
9,85
10,11
10,12
10,13
10,14
10,15
10,16
11,72
12,42
13,85
14,17
14,18
14,19
14,20
14,23
14,24
14,25
14,26
14,27
15,17
15,18
15,19
15,21
16,17
16,18
16,20
16,21
17,72
18,72
19,60
20,85
21,22
21,23
21,24
21,25
21,26
21,27
22,42
23,60
24,28
24,29
24,30
24,31
24,32
24,33
25,28
25,29
25,30
25,31
25,32
25,33
26,28
26,29
26,30
26,31
26,32
26,33
27,28
27,29
27,30
27,31
27,32
27,33
28,72
29,42
30,42
31,34
31,35
31,36
32,34
32,35
32,36
33,34
33,35
33,36
34,84
35,37
35,38
35,39
35,40
36,37
36,38
36,39
36,40
37,72
38,42
39,84
40,41
40,42
40,43
40,44
40,45
41,72
42,46
42,47
42,48
42,49
42,50
42,51
42,52
42,53
42,54
43,84
44,85
45,54
46,55
46,56
46,57
46,58
47,55
47,56
47,57
47,58
48,55
48,56
48,57
48,58
49,55
49,56
49,57
49,58
50,55
50,56
50,57
50,58
51,55
51,56
51,57
51,58
52,55
52,56
52,57
52,58
53,55
53,56
53,57
53,58
54,55
54,56
54,57
54,58
55,60
56,84
57,59
57,60
57,61
57,62
57,63
58,59
58,60
58,61
58,62
58,63
59,72
60,64
60,65
60,66
60,67
60,68
60,69
60,70
60,71
61,84
62,64
62,65
62,71
62,74
62,76
62,79
63,65
63,71
63,79
64,72
65,72
66,85
67,73
67,74
67,76
67,78
68,78
69,75
69,76
69,79
70,72
70,75
70,79
71,72
71,73
71,75
71,77
72,80
72,81
72,82
72,83
72,85
72,86
73,84
74,84
75,84
76,85
77,85
78,86
78,98
78,99
79,86
79,99
82,98
83,98
83,99
84,87
84,88
84,89
84,90
84,91
84,92
84,93
85,94
85,95
85,96
85,97
86,100
87,99
89,100
90,99
90,100
93,98
93,99
94,100
<end>