<number of tasks>
100
<cycle time>
1000
<order strength>
0.597
<z_alpha>
1.280
<task times>
1 463 211.3417
2 531 31987.3083
3 534 35432.6836
4 397 27632.2795
5 451 6440.0602
6 408 16336.4800
7 625 18456.9749
8 525 31246.3739
9 566 15563.2832
10 409 33527.3710
11 638 19364.8951
12 666 26718.8917
13 478 27919.5330
14 276 11017.6231
15 411 1518.2336
16 339 28121.5379
17 444 5612.9861
18 515 20821.8681
19 741 9629.3589
20 661 24530.2096
21 451 22210.4779
22 570 38579.4864
23 421 16976.9463
24 604 19312.3486
25 486 22349.9144
26 485 1740.0350
27 456 11624.1738
28 385 11985.4868
29 506 14864.9605
30 503 23264.4418
31 540 31554.4506
32 398 18422.3807
33 412 34699.8788
34 754 1880.3237
35 492 54212.9181
36 526 43805.7934
37 240 13913.6096
38 611 34021.4071
39 463 2592.4687
40 438 1156.3610
41 374 2712.1502
42 547 52326.8041
43 145 4404.4684
44 631 30878.4467
45 302 18634.0639
46 478 20195.2536
47 499 28193.1497
48 625 36538.6840
49 453 24158.9808
50 543 10229.6919
51 480 19919.2582
52 708 926.1743
53 578 42514.7664
54 679 9416.5062
55 461 17790.3343
56 403 5978.0347
57 651 14890.2329
58 327 8953.3782
59 520 47931.9934
60 591 12458.9262
61 674 13754.8593
62 371 16322.7305
63 402 39711.4210
64 286 10517.1386
65 297 15141.4442
66 367 17638.8470
67 622 28429.6312
68 575 5678.5898
69 356 5561.6504
70 373 24918.2197
71 478 30576.8051
72 541 7226.7432
73 557 2980.8235
74 446 37195.0760
75 497 57830.2257
76 536 40317.8704
77 414 5716.9546
78 427 35491.4019
79 705 3831.4754
80 542 40627.8945
81 737 17004.8768
82 685 5448.1581
83 502 60037.9409
84 445 27386.6491
85 315 8578.0172
86 545 3450.8871
87 448 24455.9560
88 534 37765.2822
89 503 2395.1099
90 573 20794.0116
91 351 24553.5591
92 438 31536.7849
93 490 31802.3301
94 548 26665.8640
95 565 21619.5082
96 585 17382.9463
97 656 2516.0090
98 619 22720.0057
99 422 40569.0027
100 425 38762.1737
<precedence relations>
1,10
2,5
2,7
2,8
3,5
3,6
3,7
4,5
4,6
4,9
4,35
5,24
6,12
6,13
7,11
8,11
8,20
8,32
9,19
10,25
10,31
10,35
10,58
11,14
11,15
12,14
12,18
12,19
12,20
13,16
13,17
13,18
13,19
13,27
14,75
14,94
15,22
15,24
15,47
16,21
16,48
16,62
17,21
17,55
18,21
19,21
19,23
20,25
20,28
20,34
20,38
21,33
21,61
22,26
22,30
22,31
22,71
23,28
23,29
23,32
23,39
24,26
24,27
24,28
24,29
24,33
25,43
25,50
25,69
26,39
26,54
26,83
27,39
27,46
28,37
29,36
30,35
31,38
31,48
31,51
32,34
33,43
34,41
34,43
34,45
35,40
35,51
36,44
36,53
37,40
37,42
37,45
39,57
40,49
40,70
40,86
41,46
41,47
42,66
42,83
43,66
43,68
43,70
43,71
44,48
44,49
45,46
46,51
46,52
46,53
46,55
47,55
47,100
48,50
49,50
49,54
50,57
50,59
50,82
51,60
51,61
51,62
51,63
51,84
52,56
53,57
53,66
53,83
54,75
55,58
55,81
56,64
56,66
56,83
57,64
57,65
57,67
57,80
58,70
58,71
58,96
60,68
61,69
62,67
62,77
63,68
63,74
63,75
63,81
64,72
64,73
64,75
65,90
65,91
66,72
66,82
67,74
67,90
68,76
68,77
69,75
70,89
70,97
71,74
71,77
72,78
72,81
73,79
73,93
74,79
76,80
77,82
77,83
77,90
78,84
78,85
78,87
78,88
79,95
80,87
80,89
80,91
81,94
82,89
83,86
84,91
85,92
85,93
86,99
87,94
88,90
90,97
90,98
91,96
91,97
91,99
92,99
92,100
93,100
94,95
<end>