<number of tasks>
20
<cycle time>
1000
<order strength>
0.521
<z_alpha>
1.280
<task times>
1 206 5872.0184
2 221 897.9120
3 195 5456.2068
4 218 10890.3194
5 56 749.7282
6 212 435.2078
7 30 16.2067
8 234 8611.5245
9 269 5491.2431
10 87 324.7434
11 113 120.1712
12 46 432.1891
13 86 780.6581
14 218 9093.5806
15 77 279.3985
16 78 1191.9266
17 51 564.1054
18 128 2654.6609
19 142 4693.9867
20 247 3584.7450
<precedence relations>
1,10
2,10
3,10
4,5
5,6
5,7
5,8
5,9
6,10
7,10
8,10
9,11
9,12
9,18
10,13
10,14
10,15
10,16
10,17
14,19
15,20
16,18
<end>