<number of tasks>
20
<cycle time>
1000
<order strength>
0.295
<z_alpha>
1.280
<task times>
1 499 14398.5568
2 331 4028.7265
3 462 9297.3563
4 646 16988.9411
5 459 10208.5492
6 343 6766.0350
7 585 15462.7014
8 584 18308.1758
9 394 4708.5115
10 718 2744.9548
11 457 5140.3026
12 462 13028.5122
13 649 19059.5221
14 367 7690.7119
15 520 7148.6699
16 616 6130.6699
17 466 10343.1326
18 372 6959.7426
19 398 7597.3338
20 616 16995.0000
<precedence relations>
1,7
2,7
3,7
4,7
5,9
5,11
6,8
6,10
7,12
7,13
7,14
7,15
11,16
13,17
15,18
18,19
18,20
<end>