<number of tasks>
20
<cycle time>
1000
<order strength>
0.647
<z_alpha>
1.280
<task times>
1 101 2087.3011
2 195 5357.6822
3 213 8010.4790
4 204 1404.2437
5 54 355.4829
6 239 4863.7729
7 170 2995.2188
8 70 777.6324
9 96 22.5456
10 145 4421.8393
11 117 1993.8160
12 140 4434.2655
13 217 189.7430
14 116 1796.5424
15 212 853.4580
16 45 503.4789
17 91 557.1368
18 164 2751.9909
19 173 7443.4226
20 46 23.3614
<precedence relations>
1,5
2,6
3,7
3,8
4,7
4,8
5,9
6,9
7,9
7,10
8,9
8,10
9,11
9,12
10,12
10,13
11,15
12,14
12,16
12,17
13,19
13,20
14,18
15,19
16,20
<end>