<number of tasks>
20
<cycle time>
1000
<order strength>
0.221
<z_alpha>
1.280
<task times>
1 319 5034.6110
2 83 183.6401
3 362 4067.0380
4 130 191.1067
5 216 338.8896
6 145 671.0980
7 76 66.9080
8 125 882.7120
9 137 191.8567
10 171 1359.4319
11 48 57.4938
12 341 3821.7504
13 75 257.1189
14 311 2542.2642
15 66 177.5274
16 248 1659.0285
17 430 2338.8818
18 486 4450.5879
19 117 672.7764
20 390 6638.2519
<precedence relations>
1,8
2,8
3,8
4,8
5,10
6,11
7,9
8,12
8,13
8,14
8,15
10,17
11,16
17,18
18,19
18,20
<end>