<number of tasks>
100
<cycle time>
1000
<order strength>
0.196
<z_alpha>
1.960
<task times>
1 371 5788.7116
2 398 386.6060
3 412 7101.5367
4 585 17478.7757
5 463 4262.7413
6 577 8733.9195
7 509 844.7165
8 634 19774.5537
9 756 11333.9781
10 495 6125.1774
11 508 6411.3466
12 619 7225.9511
13 541 17230.3075
14 475 12396.0111
15 427 1869.7804
16 376 3529.1004
17 473 2379.4136
18 355 1394.0024
19 597 3924.0690
20 475 9536.0533
21 379 72.3405
22 478 3766.3926
23 508 5790.1771
24 431 10810.5722
25 587 4045.7184
26 358 671.5751
27 622 12320.3176
28 647 4910.7013
29 567 12315.5236
30 558 13994.8773
31 451 11866.5354
32 455 1762.5902
33 314 237.3242
34 304 2140.5995
35 290 2059.9180
36 566 17180.8967
37 644 10550.2116
38 395 6449.4330
39 446 8736.5639
40 331 5892.9048
41 578 10514.9477
42 567 15264.9307
43 490 7742.8314
44 640 8988.5746
45 328 3108.3108
46 440 6277.3555
47 633 21720.1498
48 518 16276.3353
49 481 4185.6755
50 427 7278.5636
51 537 14914.6472
52 558 4534.3846
53 465 7183.8683
54 532 16715.8436
55 532 8577.3489
56 504 7246.5761
57 293 2409.3135
58 322 3050.4802
59 618 17343.9269
60 620 5626.0938
61 613 17803.9000
62 434 2693.0019
63 418 9845.7054
64 655 15021.3657
65 402 6027.4270
66 503 715.3641
67 658 16899.7874
68 262 1073.5925
69 476 9996.8960
70 575 1908.9708
71 400 3266.8710
72 508 6398.3459
73 642 16057.8281
74 386 6265.3074
75 319 3372.1309
76 393 1460.5786
77 605 10057.8757
78 622 4806.8575
79 614 742.3627
80 730 16147.8659
81 602 15617.7173
82 521 10288.3167
83 492 14161.1743
84 454 10995.5648
85 379 4828.9088
86 429 3225.8876
87 543 18249.5660
88 575 1499.6137
89 475 2204.9831
90 627 19626.2791
91 369 7880.1644
92 518 2888.6229
93 601 7536.6321
94 346 4842.4512
95 506 2649.2950
96 406 5732.3990
97 496 2447.9984
98 716 16739.6188
99 503 15596.4659
100 436 9122.2292
<precedence relations>
1,14
1,17
2,69
3,41
5,15
6,10
7,12
7,13
7,16
8,11
9,17
9,40
9,57
11,20
11,21
12,18
12,23
13,81
14,24
14,25
14,35
15,19
15,36
16,26
17,22
18,30
18,69
19,94
21,31
23,27
23,28
23,29
23,33
23,92
24,39
26,32
27,34
27,42
28,40
29,97
31,35
31,36
32,37
32,39
32,41
33,38
33,52
34,47
34,66
35,48
36,43
36,44
36,59
37,46
37,51
37,61
39,45
40,49
41,50
41,67
43,53
45,52
45,57
46,59
47,58
48,72
49,56
49,60
50,55
51,54
51,57
53,67
55,60
55,64
56,61
56,66
57,62
58,63
58,65
61,75
61,76
62,70
63,68
63,69
63,71
64,72
67,73
67,74
68,82
69,79
69,87
70,77
71,81
71,85
72,80
72,83
72,84
75,87
75,98
76,78
77,91
78,90
79,86
79,90
80,85
80,88
81,90
82,84
82,89
83,87
83,90
83,92
84,94
84,95
85,93
85,100
87,99
88,97
90,98
92,96
<end>