<number of tasks>
1000
<cycle time>
1000
<order strength>
0.895
<z_alpha>
1.645
<task times>
1 328 1019.3877
2 666 9120.1324
3 529 37962.9834
4 593 15995.8752
5 637 16395.9976
6 518 48574.3631
7 370 26483.5200
8 853 3341.8614
9 391 23783.6123
10 311 8461.0555
11 529 45499.4019
12 682 10404.4880
13 636 16440.7990
14 590 17625.7394
15 414 16536.4057
16 477 12955.6629
17 463 30214.0726
18 466 27856.6200
19 586 44410.3026
20 564 45931.1509
21 543 38638.9069
22 472 11929.9836
23 615 21077.9874
24 584 7786.2329
25 657 27418.1231
26 419 26392.6680
27 533 3618.1179
28 499 11972.8619
29 361 10713.0881
30 450 33745.2134
31 447 24685.7051
32 623 28779.7748
33 334 15809.3751
34 620 23281.5054
35 392 3492.6531
36 405 8328.3206
37 540 10096.5549
38 497 23161.2947
39 465 3706.6745
40 544 10690.3581
41 373 32654.9506
42 264 11578.5650
43 695 4877.8674
44 425 28923.6650
45 520 46374.4923
46 365 29207.9347
47 351 27357.4074
48 408 26194.9065
49 534 26850.9530
50 291 1655.6789
51 500 35978.0189
52 403 4389.6911
53 474 36839.2205
54 591 22345.8702
55 654 26994.8253
56 702 10416.4416
57 599 15770.1682
58 499 47182.8213
59 769 12062.9835
60 393 9224.5185
61 709 13151.1986
62 447 32376.7226
63 715 4145.7938
64 648 2278.6245
65 494 56502.2302
66 440 19827.9667
67 425 25177.1534
68 748 15121.7720
69 512 60064.8652
70 423 8179.5657
71 389 5664.9639
72 662 26468.1435
73 851 1993.4759
74 349 30064.5529
75 580 3298.8250
76 304 3323.6504
77 519 52400.0474
78 570 14025.7754
79 519 439.0797
80 602 17050.3501
81 427 29422.1123
82 388 5106.2812
83 636 34075.7994
84 295 196.7063
85 421 21085.9370
86 590 15126.0889
87 602 29107.3529
88 548 35604.7741
89 590 28273.2085
90 542 38502.1916
91 490 47790.2445
92 414 8396.5127
93 594 37021.0482
94 486 37952.9867
95 441 2016.3915
96 459 29339.0288
97 612 32399.5298
98 479 52253.5723
99 509 344.1462
100 341 13176.1648
101 586 4769.8266
102 670 26164.1925
103 788 6526.2802
104 533 10565.5777
105 707 3733.4403
106 467 45843.8650
107 619 5302.5257
108 428 14661.9520
109 192 3038.6134
110 514 41112.4309
111 315 24523.2497
112 332 6802.4439
113 469 5003.5594
114 505 26881.4323
115 431 37644.6716
116 595 22430.0477
117 405 28299.5286
118 506 46784.4040
119 481 2346.7026
120 634 3003.5756
121 518 56874.4729
122 433 40557.2300
123 378 24348.6574
124 610 18673.7302
125 579 28474.4772
126 402 3132.4081
127 501 26085.1738
128 803 7838.5681
129 492 49960.1724
130 493 41013.0416
131 668 23549.5502
132 492 37189.6853
133 736 16483.2956
134 503 49906.5022
135 642 19892.6422
136 505 25041.7928
137 625 10948.7684
138 464 10608.5364
139 575 36970.4521
140 387 24363.2230
141 625 10161.5166
142 462 29475.4738
143 418 11340.3797
144 447 8726.6713
145 453 12210.2487
146 306 1441.1002
147 535 35951.8371
148 336 3087.5047
149 354 20085.5403
150 398 13566.5485
151 686 3484.7269
152 518 53136.5721
153 389 10826.5923
154 608 26188.9430
155 589 17979.8620
156 400 7561.1898
157 407 26741.7080
158 635 6641.2578
159 511 43533.2981
160 498 25801.5314
161 593 37008.5813
162 584 34080.6813
163 659 5016.9918
164 552 49300.1396
165 453 35045.6102
166 408 31911.2391
167 571 2642.8628
168 504 7128.8962
169 679 21187.0993
170 589 7156.4226
171 236 5550.8281
172 625 17382.5674
173 498 149.9601
174 352 13342.2503
175 349 14629.6312
176 482 2062.0823
177 157 1376.9877
178 622 10486.8504
179 534 42189.9300
180 590 1007.3683
181 541 31855.2174
182 539 41763.6992
183 535 34981.7276
184 591 36126.8628
185 383 36314.4461
186 618 4061.0869
187 455 31655.9661
188 484 46934.7090
189 694 12252.8849
190 637 17648.7630
191 443 40190.7732
192 425 22961.7031
193 360 28646.7573
194 581 28448.4512
195 358 30018.3109
196 361 23953.3194
197 521 14608.2429
198 533 26894.9309
199 384 13987.7314
200 152 3482.0895
201 662 17749.3853
202 746 7680.2782
203 572 22831.5025
204 419 5229.8919
205 489 20610.1849
206 564 21813.7591
207 494 49199.4966
208 451 47786.8249
209 579 9849.3267
210 556 48130.9371
211 435 30610.9641
212 455 8026.8090
213 484 50436.1296
214 398 38657.1259
215 381 14381.4990
216 296 2276.8164
217 346 11803.7701
218 471 18358.3148
219 419 20043.6364
220 490 38070.8702
221 417 6344.3696
222 773 2053.7458
223 311 4009.9097
224 534 45628.8000
225 334 18420.3907
226 396 21601.1635
227 782 8997.1638
228 258 7839.1760
229 499 57312.9473
230 432 30888.3445
231 364 3489.6229
232 704 4132.8632
233 527 51049.1532
234 557 24706.1726
235 457 25757.9473
236 488 25602.9363
237 284 7575.3097
238 426 9696.2753
239 609 36819.5342
240 417 26941.1899
241 412 42076.3023
242 524 51517.1618
243 524 35686.7599
244 537 14242.4537
245 378 3218.6578
246 458 43070.0873
247 670 7004.2514
248 389 3061.1130
249 132 2489.8585
250 339 12615.9619
251 425 21654.7815
252 381 6176.1852
253 563 11265.2933
254 669 23726.3007
255 341 6120.1783
256 574 23339.8462
257 249 9840.9989
258 510 14747.5084
259 388 2375.5839
260 491 4517.8166
261 550 48407.2586
262 232 4314.8648
263 507 50331.4685
264 433 46020.8036
265 645 6113.0494
266 432 3914.0912
267 386 23501.1382
268 499 48087.5825
269 580 27550.0473
270 476 17792.7929
271 575 2232.7861
272 397 26106.7059
273 593 27381.3665
274 543 28524.3353
275 460 8481.3496
276 576 16637.0696
277 645 23132.8889
278 468 26173.5306
279 493 47522.3636
280 586 10803.2827
281 518 42071.9462
282 643 27810.3064
283 249 7083.2809
284 661 27704.3259
285 489 24920.1657
286 288 3827.4650
287 551 48335.8463
288 399 34742.4305
289 588 6457.4397
290 530 3093.2159
291 567 41924.3232
292 324 1721.6060
293 582 27438.6726
294 638 22007.1379
295 289 12546.6005
296 449 17484.3142
297 492 43177.9818
298 505 20035.5802
299 428 14681.6046
300 530 35940.9604
301 589 472.8762
302 466 12270.9169
303 470 12000.2615
304 464 1363.0408
305 393 10888.9075
306 260 4068.0920
307 391 24948.2194
308 473 3912.6611
309 355 14842.0816
310 607 29713.6636
311 462 29473.0335
312 311 13611.3173
313 465 2086.2985
314 603 27664.2106
315 500 2517.2469
316 420 1852.9675
317 365 19859.7715
318 671 15914.4283
319 494 23480.2045
320 557 11119.1171
321 558 15527.1520
322 570 29821.4094
323 407 28490.8847
324 520 16095.6077
325 302 8234.4921
326 685 16370.4684
327 640 19414.3008
328 549 50482.9637
329 381 6630.4507
330 516 14126.5991
331 429 3091.3763
332 471 45517.6116
333 554 29304.6625
334 467 17867.8503
335 300 7858.9669
336 546 44156.1418
337 423 29246.1402
338 197 7542.0782
339 196 4000.0553
340 447 42209.5877
341 458 49968.6550
342 495 20212.2803
343 543 33677.1574
344 365 10148.1318
345 382 1438.4104
346 490 20330.1452
347 542 30357.3683
348 417 18940.8345
349 257 14929.0346
350 396 20668.9810
351 593 35238.2131
352 329 3377.5765
353 613 22684.4578
354 544 22914.4527
355 517 4524.7860
356 458 23163.0122
357 487 32579.1113
358 318 11043.0058
359 634 10136.1938
360 446 10284.4136
361 613 25612.7637
362 309 14376.3414
363 598 11346.4511
364 406 21173.6532
365 350 572.0097
366 351 28208.3661
367 399 17666.1079
368 478 859.2064
369 425 18823.5439
370 633 17741.0365
371 559 5504.3167
372 404 31303.5266
373 497 13804.7964
374 256 8060.5334
375 506 17533.1889
376 516 40670.9713
377 740 3181.2978
378 635 21721.1464
379 505 16139.1101
380 557 24283.7050
381 484 41750.5116
382 461 8152.3305
383 480 4867.3940
384 231 8642.9225
385 500 47522.3508
386 413 20939.5416
387 657 24364.9363
388 387 32052.8554
389 618 33145.1059
390 259 11137.1520
391 462 33787.2442
392 415 38578.1362
393 496 38038.5426
394 590 38015.0723
395 683 19620.3400
396 506 16387.1691
397 493 26826.3441
398 512 19534.5832
399 358 17759.3133
400 620 25811.3148
401 259 9009.4123
402 439 16851.7417
403 294 475.1402
404 415 29907.4736
405 784 6588.9157
406 492 26334.2188
407 402 39739.8108
408 443 30776.6748
409 369 14591.9163
410 524 33171.3490
411 471 51030.4595
412 472 14678.1264
413 497 22907.9288
414 613 1781.9732
415 582 7342.7790
416 243 10090.4880
417 489 29887.1613
418 540 44591.4107
419 621 34736.4331
420 558 6340.0244
421 479 44811.8047
422 514 43022.4409
423 411 1532.8880
424 562 14798.6654
425 484 34471.6290
426 595 7376.8354
427 394 2860.5288
428 588 22321.2060
429 361 4679.7183
430 464 48544.0614
431 210 5421.4609
432 524 4592.2271
433 382 16505.1757
434 253 3339.0540
435 728 378.3012
436 361 11130.0573
437 578 22422.1496
438 487 47371.3290
439 324 11289.4635
440 427 30096.8988
441 565 12555.0751
442 554 3723.2844
443 377 34695.3300
444 626 13248.2326
445 327 20251.0115
446 350 17938.8838
447 433 23832.3039
448 597 24481.8663
449 606 28579.5704
450 506 52556.3897
451 603 18954.2244
452 604 8249.6745
453 591 33834.6054
454 302 4491.1526
455 517 38481.0376
456 451 39271.1146
457 464 10435.9663
458 456 20026.3956
459 552 39129.0184
460 583 21690.1695
461 662 15754.7332
462 666 8135.4393
463 554 39346.0257
464 410 23506.9863
465 545 51178.9841
466 583 19901.3517
467 624 15751.0450
468 404 22325.2149
469 481 55273.7457
470 641 8708.2213
471 467 9555.8566
472 492 3607.6794
473 414 8705.7478
474 460 22961.8876
475 452 21486.5787
476 490 41912.8141
477 488 57318.9821
478 387 15503.4710
479 271 4133.9298
480 524 16355.3161
481 453 36940.4123
482 488 25534.3875
483 449 4031.8453
484 622 22978.6769
485 500 12034.6071
486 470 7669.4492
487 495 5112.8398
488 755 6414.4929
489 337 3235.7889
490 523 39696.9430
491 464 44284.4507
492 411 37678.7740
493 519 2450.4352
494 549 7404.6811
495 420 40899.8866
496 396 3302.9085
497 452 11737.0288
498 573 44627.3795
499 739 15180.6864
500 459 34643.7282
501 480 51683.9274
502 332 14788.4095
503 535 3120.4014
504 420 11528.9764
505 532 18758.7348
506 316 1363.7116
507 428 39094.7189
508 570 10369.2783
509 402 22629.7186
510 669 3565.8753
511 498 31320.3630
512 587 6730.6075
513 590 32169.1898
514 612 34354.7856
515 515 45928.1021
516 477 54067.7483
517 478 49333.0863
518 378 13271.0592
519 390 15595.9112
520 775 9286.5533
521 488 8272.5389
522 772 4797.1606
523 526 13971.4109
524 551 42982.1436
525 602 34863.0014
526 383 30317.1016
527 528 20160.4498
528 405 13642.3346
529 245 12075.6198
530 566 34742.7773
531 795 6526.0969
532 469 403.9247
533 466 32771.9106
534 446 47557.6029
535 584 19598.8279
536 362 2535.8953
537 456 8703.8755
538 571 5366.2519
539 593 39286.4325
540 364 13043.5531
541 661 18802.0311
542 591 39052.4757
543 573 43093.6318
544 712 7294.9244
545 424 43179.9537
546 571 38085.5883
547 277 7531.5107
548 687 564.3636
549 414 26068.3468
550 476 49022.2074
551 675 26625.2437
552 185 4316.2774
553 477 34871.7648
554 584 723.0012
555 136 166.3214
556 709 2918.3378
557 662 29307.1189
558 746 8204.3938
559 412 1438.6648
560 668 10279.5823
561 536 51186.0934
562 530 9237.2038
563 535 47183.9344
564 617 15149.5887
565 422 20986.8077
566 598 3547.3356
567 339 24887.6934
568 380 7214.4048
569 520 32203.6292
570 681 3555.4574
571 569 46723.2963
572 497 7235.2555
573 675 4353.4172
574 460 24004.1049
575 481 2078.6797
576 393 24621.0136
577 537 28373.1228
578 485 2492.1297
579 379 20036.7302
580 317 1778.9295
581 545 50701.7286
582 655 27165.9077
583 294 16878.8648
584 414 33737.7617
585 503 37060.4501
586 379 14173.8389
587 607 7628.5667
588 740 12836.2022
589 491 56492.5402
590 509 60807.0289
591 453 46427.0316
592 614 21396.2439
593 490 24573.4063
594 640 28521.2203
595 417 40277.6224
596 359 3554.2804
597 719 6808.2731
598 395 16426.5968
599 614 33419.9040
600 506 48266.7304
601 444 26613.6112
602 512 11357.7299
603 565 34310.6377
604 598 26147.6449
605 391 10509.6037
606 579 20103.0169
607 324 23549.4230
608 471 13066.7513
609 468 48204.2535
610 576 9639.2766
611 326 15529.5507
612 659 28178.9211
613 379 25414.8112
614 390 1109.8518
615 407 36223.5560
616 588 14895.7484
617 631 1004.3176
618 426 2556.5053
619 460 42927.6302
620 440 30731.7443
621 334 4751.6911
622 475 32983.2494
623 446 204.2466
624 545 29588.4024
625 603 12936.8949
626 517 7547.2575
627 478 10023.7601
628 432 24421.0212
629 548 33803.5258
630 376 18035.3444
631 568 27302.7184
632 458 1455.2433
633 587 8558.3085
634 418 14757.2924
635 639 31570.1475
636 342 19397.3100
637 478 103.2499
638 574 24881.6769
639 533 32191.6721
640 512 8198.3696
641 675 19005.8270
642 341 15570.0990
643 581 23247.5441
644 291 18535.7435
645 397 17769.8428
646 504 4263.8222
647 602 25783.8008
648 418 894.2372
649 430 27547.0245
650 750 10178.4550
651 522 21783.2763
652 374 6480.0298
653 391 11812.4753
654 662 27863.7822
655 647 28171.3893
656 566 37515.9977
657 416 16290.3921
658 435 7031.0976
659 538 47361.2715
660 582 17943.2733
661 393 16008.2347
662 333 1735.3144
663 447 21782.1758
664 644 17408.4577
665 538 31706.2567
666 447 11926.0648
667 468 10300.5616
668 764 13334.8803
669 411 29125.2321
670 500 39770.0107
671 758 2236.8905
672 601 30979.5881
673 508 8924.7018
674 570 26258.9507
675 557 15222.0806
676 544 30894.3893
677 378 3430.1844
678 401 17546.3198
679 518 14927.7191
680 566 2682.1198
681 304 11766.1184
682 515 59907.8331
683 456 22364.5780
684 376 28607.0979
685 520 30330.7005
686 66 941.8009
687 463 39114.8963
688 328 24542.9672
689 546 21133.2864
690 496 12995.3464
691 397 18384.3634
692 361 29105.6815
693 415 41769.6940
694 661 1702.0723
695 483 15414.2251
696 498 28214.5270
697 487 39919.9087
698 209 7573.7750
699 768 11959.4932
700 408 2459.9476
701 312 4572.5030
702 372 17611.3579
703 615 18069.3238
704 379 4628.3410
705 709 18696.0957
706 451 24226.7888
707 296 6131.4714
708 672 19160.0153
709 568 14799.7586
710 504 40000.6606
711 433 12141.3469
712 619 28063.5421
713 564 41062.0210
714 460 1422.6708
715 350 21758.7356
716 400 26639.7293
717 597 38244.3462
718 646 5584.7755
719 633 17012.7751
720 886 67.9902
721 666 11507.3386
722 466 3075.2433
723 640 10714.9176
724 356 17211.6981
725 491 38675.7173
726 547 33522.5238
727 360 27086.1702
728 266 1146.0394
729 621 9430.9644
730 574 20070.3790
731 588 42205.6303
732 636 33640.6094
733 449 2181.3021
734 506 41235.8689
735 417 1640.3787
736 454 3048.8438
737 380 31079.7801
738 598 41192.6274
739 479 17029.0665
740 402 10544.2844
741 437 11903.4210
742 457 4523.7450
743 399 20573.2947
744 220 7704.8201
745 563 2928.7118
746 417 6234.7957
747 496 28908.6876
748 357 22558.2711
749 557 32747.0295
750 620 23674.3060
751 368 12889.4621
752 518 13337.1674
753 580 16485.1252
754 458 20415.7271
755 554 33937.2286
756 574 37073.4308
757 531 41134.4023
758 299 17916.3314
759 255 7487.6973
760 536 1648.7593
761 433 38191.9241
762 507 43626.4966
763 330 12973.5996
764 623 18113.2415
765 552 34539.0794
766 518 22928.5223
767 598 15113.5879
768 534 33084.0488
769 550 3576.2857
770 648 28207.9076
771 529 52911.6164
772 623 30637.1297
773 487 20088.4256
774 451 5339.7800
775 609 36251.4049
776 604 8177.8285
777 447 9740.2378
778 590 41952.1212
779 424 25213.7181
780 501 39969.5018
781 570 15775.7029
782 500 44018.4066
783 527 49103.4472
784 423 21292.7874
785 586 44506.5773
786 434 42480.7057
787 482 53704.6003
788 734 15012.2170
789 413 18269.6812
790 599 13238.0766
791 165 6302.2790
792 608 22121.7974
793 470 7255.9607
794 603 13216.5352
795 426 29115.3432
796 544 42056.2443
797 253 10492.0244
798 408 19215.8690
799 621 36270.5837
800 520 26877.0633
801 545 4665.7579
802 597 24879.0950
803 543 30736.0602
804 484 38443.9160
805 312 9600.0324
806 488 6497.0818
807 523 54400.5419
808 574 28320.8852
809 441 5646.5877
810 528 18360.5869
811 471 50064.5290
812 493 38030.5114
813 308 4124.2938
814 380 8080.4184
815 396 22181.2712
816 412 15911.3390
817 657 3520.7195
818 495 46680.6604
819 613 18159.4346
820 402 36533.4336
821 510 4957.4354
822 576 4818.1868
823 473 29314.6150
824 746 9787.5694
825 654 8929.7241
826 597 21896.8042
827 747 7323.1296
828 484 42038.0575
829 501 49477.0890
830 246 13544.7085
831 490 27309.1974
832 461 34883.1152
833 290 18925.0390
834 622 31222.4627
835 314 12940.3670
836 613 18260.6477
837 506 55558.8311
838 579 5313.3546
839 718 3831.0494
840 359 17816.2419
841 369 20530.5569
842 532 18832.5467
843 513 6741.3160
844 481 29855.1644
845 701 21962.0700
846 560 22575.4631
847 435 15231.5341
848 295 15865.2065
849 594 27669.7166
850 562 42129.7958
851 674 8720.1637
852 360 1143.2037
853 593 30121.7026
854 429 15609.5306
855 771 9983.5792
856 346 24121.0757
857 547 6004.9648
858 523 21484.0598
859 464 42261.5679
860 486 20171.3791
861 591 33637.1054
862 546 34470.8204
863 454 12379.7073
864 521 38622.9666
865 449 41364.5663
866 431 40033.7046
867 575 31625.3835
868 322 7781.4705
869 530 14778.1151
870 646 107.4234
871 308 19739.7059
872 393 3220.4664
873 697 21190.4170
874 516 2296.2168
875 466 28853.1660
876 513 2697.1975
877 472 38640.7141
878 335 25767.9791
879 437 20518.8468
880 614 720.7369
881 569 34643.9779
882 602 15809.4118
883 428 20322.2612
884 621 34317.5227
885 512 61379.9985
886 441 15468.2574
887 338 8172.3529
888 581 28064.6106
889 385 2142.0014
890 496 51171.7053
891 542 53664.7373
892 385 16001.1308
893 452 4071.9949
894 527 43767.3849
895 781 11902.5219
896 258 11234.1670
897 777 836.3059
898 505 11085.2983
899 511 36602.8580
900 598 24844.4250
901 613 24565.4092
902 443 27928.9192
903 390 36047.3218
904 632 16574.3699
905 273 17775.1728
906 555 26357.0470
907 583 1315.3912
908 385 36720.3678
909 518 60110.8574
910 396 14968.7261
911 443 29605.1086
912 603 33418.1561
913 544 25598.5408
914 543 8886.1100
915 650 6248.6315
916 650 9842.3143
917 430 45334.3545
918 516 42475.4034
919 626 166.9542
920 532 44132.2606
921 485 33546.0656
922 518 12951.7323
923 439 44899.0641
924 603 12812.0776
925 484 7270.6142
926 550 27648.4696
927 502 45508.4857
928 504 4623.1573
929 270 17737.8085
930 378 24213.7636
931 475 9306.2906
932 576 43464.5408
933 567 22633.8654
934 479 18552.0209
935 442 38287.6959
936 564 31991.4945
937 567 43813.3314
938 725 11286.5732
939 285 7438.9828
940 398 24935.2317
941 450 23039.2191
942 609 35493.3720
943 485 19510.2885
944 544 52346.0634
945 417 27192.9429
946 395 25085.4113
947 657 5658.7958
948 634 19105.8306
949 638 22579.5763
950 580 4708.8669
951 377 22121.7651
952 430 44460.4051
953 310 13474.4858
954 604 6414.3363
955 664 27235.3390
956 318 20086.7179
957 384 23857.8167
958 329 14148.1240
959 464 5952.8641
960 635 4749.2896
961 579 7960.3223
962 623 14175.9015
963 394 32984.7519
964 344 1909.3796
965 481 423.5920
966 427 14135.8310
967 496 42485.3982
968 421 24550.2094
969 423 7235.3648
970 681 11294.4433
971 286 11832.6733
972 683 24630.0952
973 454 11484.4419
974 451 33586.2535
975 227 1122.7415
976 287 3445.6841
977 376 165.8347
978 438 20440.0652
979 442 26831.6757
980 444 34153.4795
981 394 38541.3959
982 544 42201.9265
983 522 21498.9788
984 454 35004.2624
985 450 33873.3429
986 428 33642.5054
987 475 39957.8980
988 606 5070.6073
989 632 33129.0866
990 480 34319.2445
991 482 7655.4877
992 603 2909.9804
993 371 13514.6289
994 594 22675.1366
995 93 1587.0435
996 499 43792.2895
997 529 21865.8403
998 534 11951.1312
999 441 39097.9059
1000 446 37564.5671
<precedence relations>
1,7
1,9
2,210
2,228
2,229
3,7
3,8
3,9
3,10
3,11
3,12
3,13
4,7
4,8
4,9
4,10
4,11
4,12
4,13
5,7
5,8
5,9
5,10
5,11
6,7
6,8
6,9
6,12
6,13
7,14
8,14
9,14
9,15
9,16
10,69
10,73
10,74
10,75
11,14
11,15
11,16
11,17
12,14
12,15
12,16
12,17
13,14
13,15
13,16
13,17
14,18
14,19
14,20
15,18
15,19
15,20
16,18
16,19
16,20
17,18
17,19
17,20
18,21
18,22
18,23
18,24
18,25
18,26
19,21
19,22
19,23
19,24
19,25
19,26
20,21
20,22
20,23
20,24
20,25
20,26
21,27
21,28
21,29
21,30
21,31
21,32
22,27
22,28
22,29
22,30
22,31
22,32
22,33
23,27
23,28
24,27
25,27
25,30
25,37
25,38
25,40
26,27
26,28
26,32
27,39
28,35
28,36
28,37
28,40
29,34
30,34
30,35
30,36
30,41
31,34
31,38
32,34
32,35
32,36
32,37
33,34
33,35
33,46
34,42
34,43
34,44
35,42
35,43
35,52
36,42
36,43
36,44
37,42
37,43
37,44
38,42
38,43
38,52
39,42
39,43
39,45
40,46
41,42
41,43
42,47
42,48
42,49
42,50
43,47
43,49
44,50
44,51
44,66
45,47
45,48
45,58
45,59
46,47
46,52
46,59
47,53
47,54
47,55
47,56
47,57
48,53
48,54
48,55
48,57
49,53
49,54
49,55
49,58
49,59
50,134
50,151
51,53
52,53
52,54
52,55
52,56
52,57
53,60
53,61
53,62
53,67
54,60
54,61
54,62
54,63
54,64
54,65
54,66
54,67
55,60
55,61
55,62
55,63
55,64
55,67
56,60
56,63
56,66
56,73
57,60
57,61
58,61
58,73
58,74
58,75
59,60
59,61
59,62
59,63
60,72
60,75
61,68
61,72
62,68
62,69
62,70
62,71
62,72
62,73
62,74
62,75
63,68
63,69
63,70
63,71
63,74
63,75
64,68
64,69
64,70
64,74
65,68
65,69
65,70
65,75
66,68
66,69
66,70
66,74
66,75
67,68
67,69
67,70
67,71
67,74
67,75
68,76
68,77
68,78
68,79
69,76
69,77
69,78
69,79
70,76
70,77
70,78
70,79
71,76
71,77
71,78
71,79
72,76
72,77
72,78
72,79
73,76
73,77
73,78
73,79
74,76
74,77
74,78
74,79
75,76
75,77
75,78
75,79
76,81
77,80
77,81
77,82
77,83
77,84
77,87
77,94
78,80
78,81
78,82
78,83
78,84
78,86
78,87
78,94
79,80
79,81
79,82
79,85
79,86
79,87
80,93
80,104
81,88
81,91
82,88
82,89
82,90
82,91
82,95
82,96
83,88
83,89
83,90
83,91
83,92
83,93
83,95
83,96
84,88
84,89
84,90
84,91
84,92
84,95
85,88
85,89
85,90
85,92
85,94
86,272
86,296
86,297
87,88
87,89
87,90
87,91
87,92
87,93
88,97
88,102
89,97
89,98
89,99
90,97
90,98
90,99
90,100
90,101
91,97
91,98
91,99
91,100
91,101
91,102
91,103
91,104
92,97
92,98
92,99
92,100
92,104
92,108
93,97
93,98
93,99
93,108
94,97
94,101
94,103
95,97
95,102
95,108
95,110
96,97
96,98
96,99
96,100
96,101
96,102
96,103
96,104
97,109
98,105
98,106
98,107
98,109
98,110
99,107
100,105
100,106
100,107
100,110
101,105
101,108
102,105
102,106
102,107
103,105
103,106
103,107
103,108
104,219
104,229
105,111
105,112
105,116
105,125
106,111
106,112
106,113
106,114
106,115
106,116
107,112
108,111
108,112
108,113
108,114
108,115
108,116
109,111
109,112
109,113
109,124
109,125
110,111
110,112
110,113
110,114
111,117
111,118
111,119
111,126
112,117
112,118
112,119
112,120
112,122
112,135
113,117
113,118
113,119
113,135
114,117
114,118
114,119
114,120
114,121
114,122
114,123
114,124
114,125
114,126
115,121
115,124
116,117
116,118
117,127
117,128
117,129
117,130
117,131
117,132
117,134
117,142
118,127
118,149
119,129
119,133
120,127
120,128
121,127
121,128
121,135
121,142
122,127
122,149
123,127
123,149
124,127
125,127
125,128
125,132
126,130
126,131
127,136
127,139
127,140
127,150
127,152
128,136
128,137
128,138
128,139
129,136
129,137
129,138
129,159
130,136
130,137
130,138
130,141
131,136
131,137
131,138
131,143
132,136
132,137
132,138
133,136
133,142
133,158
134,136
134,137
134,138
135,136
135,143
135,159
136,144
136,145
137,144
137,145
137,146
137,147
138,146
138,152
139,151
140,144
140,147
140,148
141,144
142,144
142,145
143,144
143,149
143,150
144,153
144,154
144,157
145,153
145,154
145,155
145,156
145,157
146,304
147,153
147,154
147,158
148,153
148,161
149,153
149,154
150,301
151,153
151,154
151,155
151,159
152,153
153,160
153,165
153,166
153,167
154,160
155,160
155,161
155,162
155,163
155,164
156,160
156,161
156,162
157,160
157,163
157,164
158,160
158,161
159,160
159,162
159,166
159,174
160,168
160,169
160,170
160,171
160,172
160,173
161,168
161,169
161,170
161,171
162,168
162,172
162,180
163,168
164,172
164,180
165,168
165,171
165,174
166,168
166,169
167,168
167,169
168,488
168,489
169,175
169,176
169,177
169,180
170,175
170,176
170,177
170,178
170,179
170,180
171,176
171,177
171,178
171,179
171,180
172,175
172,176
173,175
173,176
173,177
173,178
173,179
173,180
174,175
174,182
175,181
176,181
176,182
177,182
178,181
178,182
179,181
180,181
180,182
181,183
181,184
181,185
181,186
181,187
181,188
181,189
182,185
182,189
183,190
183,193
184,190
184,191
184,192
185,191
185,195
185,196
185,197
185,198
186,190
187,190
187,196
188,190
188,191
188,192
188,193
188,194
188,195
189,255
190,199
190,200
190,201
190,204
190,205
191,199
191,200
191,202
191,205
192,199
192,200
192,201
192,202
192,203
193,351
194,199
194,212
195,199
195,200
195,201
195,202
195,203
195,204
195,205
196,199
196,200
197,199
197,200
197,201
197,204
198,199
198,200
198,201
198,204
198,205
199,206
199,207
199,208
199,209
199,210
199,211
199,213
200,206
200,207
200,208
200,209
200,210
200,211
200,212
201,206
201,207
201,208
202,206
202,207
202,208
202,209
202,210
202,211
203,206
203,208
203,227
204,211
205,206
205,207
205,208
205,227
206,214
207,245
208,214
208,215
208,218
208,228
209,217
209,229
210,216
211,214
211,215
211,216
211,217
211,219
212,214
212,215
212,216
212,218
212,219
212,220
213,214
213,215
213,216
213,217
213,218
213,228
214,224
214,229
215,221
216,221
216,222
216,227
217,221
217,222
217,223
217,224
217,225
218,221
218,225
218,226
219,221
219,222
220,221
220,222
220,223
220,228
220,229
221,230
221,231
221,232
221,233
221,234
221,235
221,236
222,230
222,231
222,232
222,235
223,230
223,231
223,244
224,230
224,231
224,232
224,233
225,234
225,236
226,243
226,258
227,230
227,231
227,244
228,230
228,231
229,230
230,237
230,238
230,239
230,240
230,241
231,242
231,243
231,245
231,252
231,253
232,237
232,238
232,239
232,252
233,237
234,238
235,237
235,238
235,239
235,244
235,245
236,237
236,238
236,239
236,240
236,241
236,242
236,251
236,252
237,246
237,247
237,248
237,250
238,253
238,380
238,400
239,345
239,361
239,362
240,246
240,247
240,248
241,246
241,328
242,246
242,328
243,246
243,247
243,249
244,246
244,247
244,248
244,249
244,250
244,252
245,246
245,247
245,248
245,251
246,318
247,254
247,255
247,256
247,262
248,254
248,255
248,256
248,258
249,254
250,254
250,255
250,256
250,257
250,262
251,254
251,255
251,256
251,257
252,762
252,824
253,483
254,259
255,261
256,260
257,259
257,260
257,261
258,259
258,260
258,261
258,262
259,263
259,264
259,265
259,266
259,267
259,268
260,263
260,264
260,266
261,263
261,264
261,268
262,265
263,269
263,270
264,269
264,270
264,271
265,269
265,270
266,269
266,270
267,269
267,270
267,271
268,269
268,270
268,271
268,272
269,273
269,274
269,283
270,274
270,275
270,277
271,273
271,274
271,275
271,276
272,457
273,279
273,280
274,278
274,281
275,278
275,283
275,296
276,278
276,279
276,280
276,302
277,278
277,279
277,280
277,281
277,282
277,283
278,284
278,285
278,286
278,287
278,290
278,306
279,284
280,284
280,285
280,286
280,287
281,284
281,288
281,289
282,284
282,285
282,286
282,287
282,288
282,289
283,284
283,285
283,286
283,287
284,291
284,292
284,293
284,294
285,291
285,292
286,291
286,293
287,291
287,292
287,297
288,296
288,305
289,291
289,292
289,293
289,294
289,295
289,302
289,306
290,291
290,292
290,294
290,295
291,299
291,304
291,318
292,298
292,299
292,307
292,308
293,303
293,319
294,298
294,299
294,300
295,298
295,299
295,305
295,311
296,300
296,302
296,306
296,307
297,298
297,301
298,310
299,309
299,312
299,319
300,308
300,309
300,310
300,311
300,312
301,308
301,309
302,397
303,308
303,309
304,308
304,309
305,308
305,309
306,308
306,309
306,311
307,778
307,793
307,857
308,315
309,313
309,314
309,317
309,320
310,313
310,318
310,319
311,340
312,313
312,314
312,315
312,316
312,320
312,324
313,321
313,326
313,327
313,328
314,321
314,322
314,323
314,328
315,326
315,360
316,321
316,325
316,326
316,327
316,328
317,321
317,322
317,323
317,324
317,325
317,328
318,321
318,322
319,485
320,321
320,325
320,326
320,327
320,328
321,329
321,330
321,331
321,332
321,333
321,334
321,335
321,336
321,337
322,329
322,330
322,331
322,332
322,334
323,333
323,421
324,329
324,337
325,329
325,330
325,331
325,332
325,333
325,334
325,335
326,332
326,334
327,329
327,330
327,331
327,332
327,333
328,329
328,336
329,338
329,339
329,340
329,341
329,342
329,343
330,572
331,338
332,338
332,339
332,340
332,342
333,416
333,417
333,432
334,338
334,339
334,340
335,576
336,338
336,339
336,343
336,344
337,391
338,346
338,361
339,345
339,346
340,345
340,346
340,347
340,348
341,345
341,349
342,348
343,345
344,347
345,350
345,351
345,354
346,350
346,351
346,352
347,350
347,351
348,350
348,351
348,361
348,362
349,350
349,351
349,352
349,353
349,354
349,355
350,356
350,357
350,358
350,370
350,371
351,356
351,357
351,359
351,371
352,356
352,362
353,360
354,356
354,357
354,358
354,359
354,370
354,371
355,356
355,361
355,370
356,363
356,364
356,365
356,366
356,367
356,368
356,369
356,372
357,363
357,366
358,366
359,363
359,381
359,388
360,363
360,415
360,427
361,365
361,371
362,363
362,364
362,365
362,370
363,386
363,453
364,377
365,374
365,392
365,394
366,373
366,383
367,373
367,374
367,391
367,392
368,379
369,373
369,374
369,375
369,376
369,377
369,378
369,391
370,373
371,424
371,445
372,376
373,380
373,382
374,384
375,380
375,381
376,381
376,385
376,386
376,394
377,380
377,381
378,435
379,380
379,382
379,383
379,392
379,393
380,387
380,389
380,394
381,392
381,416
382,387
383,388
383,391
383,394
384,387
384,388
384,390
384,393
385,387
385,388
385,389
386,421
386,436
387,395
387,396
387,403
388,395
388,396
388,397
389,395
390,395
390,397
390,404
391,395
391,396
391,397
392,572
393,395
393,396
393,397
394,395
394,396
395,398
395,401
395,402
396,404
397,398
397,399
397,400
397,401
397,403
398,405
398,407
398,411
399,731
399,732
400,715
400,797
400,915
401,408
401,453
402,405
402,406
402,407
402,408
402,409
402,410
402,412
403,555
403,579
404,410
404,483
405,413
405,414
405,415
405,416
405,417
406,822
406,831
407,418
407,419
408,413
408,414
409,413
409,414
409,422
410,413
410,427
411,413
411,578
412,545
413,522
414,420
414,421
414,427
415,423
415,425
416,422
416,424
417,420
418,420
418,421
418,422
419,420
419,421
419,422
419,423
419,424
419,426
420,428
421,428
422,429
422,544
423,428
423,429
423,430
423,431
423,432
423,433
424,428
424,453
425,428
425,429
425,430
425,431
425,432
425,433
426,428
427,475
428,434
428,440
428,454
429,502
429,599
429,621
430,434
430,453
430,454
431,435
431,436
431,451
431,452
432,434
432,435
432,436
432,437
432,438
433,434
433,435
433,437
433,439
434,448
435,441
435,442
435,443
435,446
436,445
437,443
437,444
438,441
438,447
439,442
440,520
440,526
440,589
441,449
442,449
442,450
443,732
444,449
445,449
445,454
446,453
446,577
446,644
447,450
447,451
447,452
447,453
447,454
448,449
448,450
448,451
448,452
449,455
449,456
449,457
449,458
450,455
450,456
450,457
450,458
451,455
452,455
452,630
453,648
454,480
454,497
455,735
455,751
456,459
456,460
456,461
457,459
457,460
457,461
458,459
458,460
458,461
459,462
459,464
460,462
460,463
460,472
461,462
461,465
462,601
463,466
463,467
463,474
464,466
464,467
465,466
465,467
465,468
465,469
466,470
466,471
466,473
467,470
467,475
468,474
468,771
469,471
469,472
470,476
470,477
470,478
471,480
472,476
473,476
473,479
473,480
473,481
474,722
475,476
475,477
475,478
475,479
476,484
476,485
477,616
478,482
479,482
479,487
480,482
480,483
480,500
480,502
481,482
481,483
481,484
482,486
482,489
483,486
483,487
483,488
484,486
484,487
484,490
484,491
485,486
485,487
485,488
485,492
486,498
487,501
488,495
488,496
489,499
490,493
490,494
490,497
490,500
491,493
492,493
492,502
493,504
494,568
495,503
495,504
496,506
497,542
498,503
498,504
498,505
499,505
499,529
499,573
500,503
501,503
502,681
502,723
503,507
503,508
504,509
505,507
506,508
506,510
506,512
507,511
507,512
507,516
508,511
508,513
508,514
508,525
509,515
509,547
510,515
510,517
510,520
511,519
511,520
512,624
513,521
513,522
514,524
515,607
516,518
516,570
516,577
517,518
517,523
517,589
518,524
518,525
519,524
519,577
520,530
520,567
521,527
521,528
521,529
521,531
522,528
523,524
523,526
523,590
523,594
524,532
525,532
525,559
526,702
527,737
527,976
527,979
528,552
528,580
529,532
529,538
530,532
530,533
531,532
531,533
531,534
531,535
532,539
532,541
533,538
533,540
534,536
534,537
534,538
535,622
536,545
536,546
537,542
537,543
537,544
537,545
537,546
537,548
537,559
538,542
538,547
539,542
539,571
540,751
540,764
540,777
541,712
542,564
542,597
543,549
543,552
544,549
545,553
546,549
546,551
546,556
547,550
547,554
547,555
547,590
548,605
549,557
549,558
550,557
551,562
551,576
552,560
552,561
552,563
552,589
553,557
553,558
554,557
554,559
555,825
555,931
556,703
557,564
557,565
557,569
557,594
558,570
560,565
560,572
560,573
561,564
561,566
561,567
561,568
562,564
562,565
562,602
563,571
565,577
565,691
566,574
566,606
567,574
567,576
568,574
568,575
568,576
568,577
569,574
569,575
570,574
570,578
571,575
572,574
572,579
572,606
573,574
573,606
574,581
574,608
575,579
575,582
575,583
576,579
576,582
577,579
578,579
578,580
579,591
579,604
580,584
580,585
580,586
580,589
580,590
581,584
581,585
582,584
582,587
582,633
583,584
583,585
583,586
583,587
583,588
584,690
585,593
585,596
585,667
586,595
586,597
587,649
587,784
589,594
589,601
590,592
590,854
591,592
591,670
592,833
592,892
593,602
593,603
594,598
595,598
595,599
595,600
595,606
595,620
596,598
597,598
597,601
598,607
599,822
599,873
599,925
600,604
600,605
601,606
601,608
602,604
602,609
603,604
604,612
604,615
605,610
605,611
606,610
606,615
606,621
607,610
607,611
607,612
607,671
608,616
608,636
609,610
609,613
609,614
609,671
610,617
610,618
610,622
611,617
611,625
612,617
612,696
613,707
614,619
614,620
614,670
615,619
615,697
616,617
616,621
617,626
617,684
618,623
618,627
618,628
618,655
619,623
619,624
620,623
620,624
620,697
621,623
621,629
622,625
622,630
623,841
624,631
625,632
625,635
625,736
626,631
626,697
627,730
627,746
627,764
628,631
628,634
629,637
630,633
630,636
631,638
631,639
631,698
632,638
632,642
633,639
633,644
634,638
634,639
634,640
634,641
635,638
635,640
635,663
635,751
636,638
636,641
636,643
636,691
637,638
637,645
638,649
639,647
639,651
640,650
641,646
641,647
642,647
643,646
643,659
643,685
644,648
645,646
645,652
645,653
647,659
647,719
648,657
649,763
650,706
650,721
651,654
651,656
652,819
652,926
652,969
653,654
653,655
653,658
654,664
654,665
655,660
655,666
656,662
657,660
657,661
658,667
659,663
660,670
660,678
661,668
661,669
662,672
662,674
662,694
662,702
663,673
663,761
663,839
663,899
664,785
665,776
666,669
667,668
667,671
668,679
668,899
669,675
669,677
670,675
670,676
671,675
671,686
672,678
672,726
673,756
673,788
675,680
675,682
675,685
676,684
676,707
676,729
677,680
677,681
677,686
678,680
678,683
679,795
679,832
679,853
680,687
681,789
681,832
682,692
682,693
683,689
684,726
684,741
684,748
685,688
685,694
686,690
686,691
687,716
687,738
688,695
689,695
689,699
690,695
691,739
692,696
692,697
693,695
693,698
693,702
694,700
694,701
695,703
695,704
695,707
695,708
695,709
695,730
696,703
696,731
696,806
697,703
697,759
698,985
699,708
700,776
701,703
701,750
702,705
702,706
703,714
703,745
704,710
705,712
705,715
706,835
706,876
706,881
707,711
708,710
708,713
708,717
709,713
709,716
710,719
710,720
711,755
712,718
712,719
712,721
712,732
713,723
714,877
714,904
714,932
714,973
715,840
715,850
716,722
717,718
717,802
717,814
717,859
718,781
718,917
719,725
719,729
719,731
719,737
719,738
720,724
720,725
721,724
721,726
721,730
722,728
723,727
724,793
724,817
724,836
725,735
726,735
726,737
727,732
727,733
727,738
728,732
728,736
728,760
729,734
730,733
731,908
732,763
732,784
733,740
734,741
734,742
734,797
735,739
735,740
736,882
737,946
737,953
738,836
738,868
739,749
739,750
740,743
740,744
740,745
741,751
742,743
742,746
742,747
742,748
742,886
743,752
743,838
743,867
744,752
744,753
744,758
745,752
745,754
746,896
747,777
747,913
747,951
748,752
748,922
749,756
750,753
750,754
750,755
750,757
751,752
751,758
752,890
753,761
753,763
754,758
754,760
755,764
755,811
755,817
756,759
757,762
758,766
758,767
759,837
759,896
760,957
760,990
761,769
761,781
762,853
762,875
762,917
763,765
763,768
764,765
765,770
765,776
766,771
766,772
766,774
767,773
767,775
768,777
769,984
770,780
770,781
770,782
770,783
771,778
771,779
772,783
773,778
773,784
773,810
773,816
774,854
775,801
775,828
776,778
776,779
776,853
776,857
776,870
778,962
779,792
779,793
779,916
780,790
781,788
782,786
782,789
783,785
783,791
784,787
785,796
786,794
786,795
787,796
787,801
788,924
788,939
789,800
790,797
790,799
790,873
790,874
790,904
791,798
791,852
792,832
793,851
794,833
794,866
794,930
796,809
797,803
798,804
798,807
798,808
799,806
800,839
800,877
801,802
801,803
801,805
802,811
802,817
803,940
804,810
807,812
807,814
807,816
808,813
808,923
809,815
809,829
810,818
810,821
811,818
813,849
813,931
814,818
815,818
815,819
815,820
815,822
816,839
816,937
817,829
817,860
817,900
817,998
818,827
818,830
819,823
819,824
819,826
819,884
820,831
820,832
820,870
821,828
821,829
822,825
824,943
826,833
826,887
826,979
827,835
827,838
827,846
828,838
830,836
830,899
831,833
831,992
832,834
832,837
834,841
834,843
834,898
834,907
835,840
836,842
837,961
838,839
838,844
838,845
839,850
839,883
840,847
840,931
841,880
841,894
842,853
843,846
843,852
843,871
843,894
844,851
845,848
845,849
845,853
845,854
846,855
846,917
847,857
849,861
850,858
850,900
851,860
851,864
852,859
852,989
853,856
853,862
853,903
854,863
854,891
856,866
857,867
857,871
858,865
858,870
858,873
861,962
862,865
862,874
862,923
863,869
863,872
863,922
864,868
864,915
865,882
866,884
867,877
867,880
868,880
868,881
869,887
869,989
871,878
871,879
871,883
872,949
872,995
873,875
873,876
875,888
876,885
877,891
877,911
878,886
878,964
880,885
880,889
880,892
880,947
881,890
882,965
884,887
884,889
885,921
885,935
886,955
886,975
887,893
888,894
889,945
890,984
891,895
892,901
892,997
893,898
893,901
894,896
894,897
894,902
895,899
895,900
895,903
897,910
897,911
898,908
898,912
899,905
899,907
900,909
900,974
901,904
901,906
902,913
903,961
903,998
904,919
905,992
906,914
906,918
906,987
907,917
908,915
909,916
910,920
910,921
910,922
912,998
913,928
913,990
914,949
918,924
918,925
919,946
921,991
922,923
922,926
923,930
923,931
924,975
925,928
925,929
925,932
926,927
927,996
928,934
930,936
931,933
931,934
931,935
932,937
933,940
933,941
935,938
935,939
935,946
936,942
936,943
937,955
939,945
939,958
940,944
940,947
942,946
943,948
944,953
944,954
945,951
946,950
947,948
947,949
947,952
947,985
948,955
948,957
948,958
950,961
951,956
951,960
953,959
953,985
956,968
958,962
959,966
960,965
961,963
961,964
962,967
962,970
963,977
965,968
965,972
966,969
966,971
968,976
968,977
969,973
970,974
970,975
971,978
972,979
973,983
974,982
974,984
975,981
975,986
977,980
979,985
981,991
982,987
982,988
982,989
984,992
985,996
986,990
986,993
988,994
988,996
989,997
989,1000
990,998
992,995
993,999
<end>