<number of tasks>
100
<cycle time>
1000
<order strength>
0.896
<z_alpha>
1.960
<task times>
1 360 6358.5149
2 70 1037.5508
3 131 3221.0231
4 505 43246.9684
5 571 44050.9274
6 480 44141.2400
7 120 2134.9917
8 89 1016.8884
9 433 21362.3005
10 36 154.7304
11 232 10496.2960
12 105 522.5304
13 238 10330.4549
14 111 252.8159
15 38 317.7885
16 31 176.1098
17 27 6.8298
18 211 913.5835
19 213 6372.0148
20 165 6740.5598
21 468 51181.4879
22 36 171.0161
23 56 206.9553
24 200 4394.6694
25 159 2753.0005
26 56 579.9955
27 233 972.3944
28 376 32158.8642
29 196 8756.9240
30 118 223.2518
31 306 7152.1333
32 64 468.4303
33 410 21908.3877
34 252 1035.5221
35 77 369.8831
36 200 162.8887
37 180 340.0299
38 268 722.8286
39 22 14.2701
40 488 48796.8089
41 218 2023.0583
42 439 39323.0949
43 500 26718.6290
44 229 7604.2485
45 129 2332.9149
46 294 10730.3588
47 505 47231.0707
48 259 15402.3072
49 225 4410.4627
50 175 1047.5513
51 215 5220.3148
52 114 1356.4048
53 30 155.5582
54 236 12662.6336
55 233 991.2730
56 127 534.3461
57 58 449.4297
58 230 4818.6080
59 184 8305.0123
60 102 1303.7905
61 335 20109.1664
62 210 1242.7227
63 413 24074.0239
64 419 27409.2518
65 54 254.3379
66 33 56.7706
67 231 9959.5876
68 509 2445.6377
69 172 2083.9499
70 35 19.3373
71 267 10672.0906
72 178 471.2842
73 42 343.9025
74 172 4645.3411
75 238 5011.1867
76 188 7842.0431
77 36 165.0638
78 557 11669.2187
79 195 5063.6289
80 263 11731.4428
81 55 497.4648
82 44 52.2724
83 196 7194.8729
84 487 5734.0833
85 232 13149.6188
86 44 160.1538
87 552 8099.6344
88 243 12241.3610
89 296 13213.8632
90 528 28861.6916
91 111 282.8658
92 143 3427.5793
93 177 4313.3699
94 534 45523.7915
95 213 3273.4287
96 116 622.5363
97 469 4724.2773
98 199 2652.3853
99 32 244.0116
100 135 4331.1268
<precedence relations>
1,4
1,5
1,6
1,7
2,4
2,5
2,6
2,7
3,4
3,5
3,6
3,7
4,8
4,9
4,10
4,11
5,8
5,9
5,10
5,11
6,8
6,9
6,10
6,11
7,8
7,9
7,10
7,11
8,12
8,13
8,14
9,12
9,13
9,14
10,12
10,13
10,14
11,12
11,13
11,14
12,15
12,16
12,17
12,18
13,15
13,16
13,17
13,18
14,15
14,16
14,17
14,18
15,19
15,20
15,21
15,22
16,19
16,20
16,21
16,22
17,19
17,20
17,21
17,22
18,20
18,22
19,23
19,24
19,25
19,26
19,27
20,23
20,24
20,25
21,23
21,24
21,26
22,23
22,24
22,27
23,28
24,28
24,29
24,30
25,29
26,28
26,29
26,30
27,28
27,29
27,30
28,31
28,32
28,33
28,34
28,35
29,31
29,32
29,33
29,34
29,35
30,31
30,32
30,33
30,34
30,35
31,36
31,37
32,39
32,41
33,36
33,37
33,38
33,39
34,36
34,37
34,38
34,39
35,36
35,37
35,38
35,39
36,40
36,41
37,41
37,42
37,43
38,40
38,41
38,42
39,40
39,42
39,43
40,44
40,45
41,57
41,62
42,51
43,44
43,45
44,46
44,47
44,48
45,46
46,49
46,50
46,51
47,49
47,50
47,51
48,49
49,52
49,53
49,54
49,55
50,52
50,54
50,55
51,53
52,57
52,67
53,58
53,59
54,56
54,57
55,60
55,62
55,63
56,62
56,63
57,99
58,61
59,60
59,61
60,65
60,67
61,64
62,86
63,64
64,67
65,66
66,68
66,69
66,70
67,68
67,69
67,70
68,72
69,71
69,72
69,73
69,74
69,75
70,71
70,72
70,73
70,74
70,75
71,83
72,77
73,77
74,85
75,76
76,79
77,78
77,79
77,80
78,82
78,89
79,81
81,83
81,84
81,85
83,87
83,96
84,88
85,86
86,90
86,91
88,89
88,92
89,94
90,95
90,98
91,93
92,95
92,96
94,96
94,97
94,98
95,97
95,99
95,100
<end>