<number of tasks>
20
<cycle time>
1000
<order strength>
0.553
<z_alpha>
1.645
<task times>
1 525 5341.5559
2 633 24589.4161
3 308 3542.0746
4 584 14502.2768
5 407 1547.7980
6 386 7325.1165
7 501 10631.0598
8 587 2282.3535
9 526 13861.8252
10 521 3316.7329
11 588 14471.2904
12 616 22164.0511
13 295 3879.7239
14 330 3768.4265
15 347 7411.6362
16 669 11771.5489
17 509 3230.7278
18 536 14669.2728
19 569 1088.6889
20 552 11807.7478
<precedence relations>
1,4
1,6
1,9
2,7
3,4
3,5
3,11
4,10
5,9
6,8
7,13
8,11
8,12
8,13
9,13
10,12
12,14
12,15
12,16
13,14
14,17
14,19
14,20
16,17
16,18
<end>