<number of tasks>
100
<cycle time>
1000
<order strength>
0.197
<z_alpha>
1.960
<task times>
1 192 8155.9692
2 76 84.5351
3 34 138.2092
4 177 7773.1404
5 238 10778.6207
6 155 330.2264
7 185 4797.6333
8 262 3126.7643
9 64 814.4196
10 143 2334.2867
11 154 1644.4065
12 252 8559.6182
13 63 668.1306
14 51 512.0021
15 88 1063.8570
16 73 606.7365
17 71 102.6504
18 304 3701.3292
19 99 2040.8316
20 157 3780.5944
21 229 11328.6505
22 229 10493.4661
23 140 2303.9127
24 183 743.2710
25 81 1089.2346
26 83 991.0996
27 143 1429.9682
28 42 77.0441
29 116 3055.9391
30 98 1419.5868
31 188 571.4581
32 57 641.3761
33 238 3045.6126
34 36 62.7398
35 34 211.4571
36 312 17321.6297
37 193 2868.8532
38 197 7454.4672
39 307 3581.9763
40 168 3518.4453
41 85 1587.6368
42 293 20566.5176
43 59 340.0489
44 130 1232.9544
45 41 397.1919
46 93 1382.2534
47 282 17531.5291
48 108 444.2135
49 61 457.9887
50 80 1122.9804
51 155 5626.3913
52 154 980.7772
53 253 11145.5579
54 80 514.3189
55 56 347.9468
56 21 36.4748
57 153 5801.9146
58 79 1090.6923
59 196 4465.2611
60 133 541.6687
61 307 9433.1518
62 25 59.9952
63 180 2125.6799
64 109 708.0303
65 119 3016.7609
66 114 1438.5552
67 26 9.2673
68 207 5871.7231
69 121 3538.9704
70 33 188.3150
71 82 1389.9952
72 91 1703.0816
73 114 776.2382
74 193 4636.1397
75 247 13573.0833
76 255 4128.3502
77 246 12855.5737
78 99 1210.3928
79 135 503.8493
80 188 1310.9778
81 124 1363.0192
82 41 340.6024
83 66 188.8802
84 219 2234.4588
85 69 230.5727
86 114 2762.6844
87 273 11399.4003
88 68 559.9019
89 65 863.5946
90 37 188.7434
91 189 6659.3038
92 88 933.1854
93 57 765.9211
94 189 2182.2009
95 76 541.0493
96 117 2671.0985
97 34 143.9165
98 32 250.0013
99 237 2960.6006
100 146 4021.1132
<precedence relations>
1,9
2,10
3,11
4,40
5,12
6,18
7,13
7,14
9,17
10,18
11,15
11,16
11,19
11,21
11,41
11,48
12,39
12,47
13,20
13,21
13,22
15,24
16,23
16,30
16,36
17,38
18,25
20,80
21,26
21,71
23,27
24,28
25,29
25,30
25,31
26,39
27,34
28,33
29,32
29,41
30,40
30,79
31,35
31,36
31,37
31,38
31,39
32,42
33,45
34,46
35,43
35,49
36,44
36,46
37,48
38,47
39,60
41,47
42,50
43,52
44,53
45,55
46,51
46,54
46,57
46,58
46,100
47,56
49,58
49,59
49,60
50,62
51,63
52,64
53,65
54,66
55,69
56,67
57,68
58,61
58,77
59,70
59,71
61,72
62,73
63,74
64,78
65,79
66,75
67,80
68,82
70,76
71,77
71,81
72,83
73,90
74,87
75,88
76,84
76,86
77,85
80,91
81,89
83,97
84,92
85,93
86,94
87,95
88,98
89,96
90,100
91,99
<end>