<number of tasks>
100
<cycle time>
1000
<order strength>
0.596
<z_alpha>
1.645
<task times>
1 74 221.3194
2 143 164.1899
3 302 4927.5168
4 575 14321.0151
5 51 159.7425
6 86 330.7923
7 203 847.3897
8 451 9213.0513
9 269 613.3201
10 255 2221.5863
11 231 3157.3640
12 193 2313.0643
13 44 30.8464
14 234 570.8015
15 191 699.8097
16 24 16.1903
17 452 12632.4084
18 30 12.7539
19 189 902.5874
20 79 220.6032
21 222 2522.1923
22 134 217.9877
23 323 3542.9017
24 96 24.1865
25 58 58.2396
26 548 17508.9678
27 501 5368.4429
28 269 1175.3607
29 43 72.9066
30 181 1753.4029
31 300 4509.7072
32 127 288.6964
33 68 105.6164
34 555 9860.4136
35 72 263.5925
36 380 844.9467
37 48 38.8282
38 327 92.5722
39 102 423.5387
40 359 8015.1125
41 301 3034.6059
42 115 372.4399
43 162 1062.8892
44 85 317.4103
45 36 69.7639
46 133 986.2673
47 56 147.3923
48 159 1145.8680
49 198 2265.5050
50 415 5699.4763
51 245 2138.4595
52 67 166.1654
53 362 5093.5563
54 400 4175.8193
55 161 1286.4851
56 37 13.0740
57 540 15767.4384
58 52 46.1496
59 74 137.0302
60 408 219.0908
61 201 2493.4888
62 497 14556.9538
63 394 5080.1422
64 87 320.4440
65 191 893.6634
66 220 707.1409
67 210 553.8531
68 240 1379.1808
69 508 9442.4745
70 119 331.8364
71 159 478.0243
72 506 13445.4711
73 87 427.9321
74 308 4797.0066
75 112 158.0542
76 43 28.5693
77 304 794.4558
78 591 14123.4313
79 279 1672.4333
80 39 8.3050
81 294 4805.9216
82 214 1172.8089
83 283 2204.4470
84 23 5.7711
85 46 79.3131
86 128 394.2671
87 276 2059.7480
88 60 122.0240
89 477 6679.5285
90 221 2675.9767
91 570 6774.5295
92 446 3786.6601
93 576 7136.3103
94 62 226.4852
95 145 539.9279
96 247 2955.9202
97 585 19624.6472
98 369 3468.6547
99 194 852.1507
100 267 1512.0664
<precedence relations>
1,76
2,92
3,4
3,5
3,6
3,7
3,8
3,9
4,17
5,17
6,17
7,11
7,12
7,13
8,17
8,22
9,10
9,11
9,13
9,14
10,42
11,76
12,70
13,17
14,15
14,16
14,18
14,19
14,20
15,42
16,70
17,24
17,25
17,26
17,27
17,28
17,29
17,30
18,21
18,22
18,32
19,41
19,53
19,54
20,21
20,22
20,23
20,24
20,31
21,42
22,42
23,76
24,76
25,39
25,41
25,47
26,40
26,43
26,53
26,64
27,32
27,33
27,34
27,35
28,32
28,35
29,33
29,44
30,53
30,67
30,68
30,74
31,32
31,34
31,35
31,36
31,38
31,41
32,92
33,36
33,38
33,41
33,47
34,39
34,58
35,37
35,40
36,42
37,42
38,42
39,70
40,44
40,47
40,55
41,43
41,45
41,46
42,48
42,49
42,50
42,51
42,52
42,53
43,70
44,66
44,74
45,55
45,57
46,55
46,56
47,62
47,74
48,54
48,55
48,56
49,54
49,55
49,59
49,61
49,62
49,64
50,56
51,54
51,55
51,63
51,68
51,83
52,63
52,64
53,61
54,76
55,92
56,57
56,58
57,62
57,63
57,64
58,59
58,60
58,61
59,92
60,63
60,64
60,65
60,68
60,72
61,63
61,66
62,65
62,66
62,67
62,68
63,70
64,74
65,69
65,71
65,73
66,69
66,72
67,70
67,75
67,76
67,83
68,75
68,76
69,76
70,77
70,78
70,79
70,80
70,81
70,82
70,84
71,94
73,100
74,83
74,92
75,84
75,100
76,85
76,86
76,87
76,88
76,89
76,90
76,91
76,93
77,92
79,94
79,100
80,93
81,94
81,100
84,93
84,94
87,100
91,100
92,95
92,96
92,97
92,98
92,99
<end>