<number of tasks>
20
<cycle time>
1000
<order strength>
0.189
<z_alpha>
1.645
<task times>
1 77 367.0502
2 174 1326.3917
3 226 4025.6880
4 141 635.0255
5 122 1528.7677
6 252 4803.7304
7 49 67.8003
8 22 114.3719
9 154 1156.6080
10 191 3834.8049
11 226 9124.3938
12 77 459.7992
13 132 5.6083
14 145 4153.0786
15 73 1014.0928
16 54 532.7867
17 236 13006.8076
18 155 4118.6773
19 164 2374.1733
20 182 2643.9587
<precedence relations>
1,6
2,7
2,8
3,9
5,10
6,11
7,12
9,13
11,14
12,15
13,16
14,17
15,18
16,19
16,20
<end>