<number of tasks>
20
<cycle time>
1000
<order strength>
0.189
<z_alpha>
1.280
<task times>
1 185 632.1564
2 61 94.2296
3 57 580.7992
4 43 223.2494
5 222 8254.9856
6 212 6008.4215
7 106 2014.8045
8 129 475.3042
9 104 1584.5395
10 166 3675.2289
11 239 703.8967
12 214 8689.5256
13 131 4043.4750
14 187 7969.0971
15 180 2900.3019
16 112 1647.0849
17 131 3850.9694
18 317 5946.4113
19 60 707.3818
20 82 715.9613
<precedence relations>
1,6
2,7
4,8
5,9
6,10
7,11
8,12
10,13
11,14
12,15
12,16
12,17
12,18
13,19
14,20
<end>