<number of tasks>
20
<cycle time>
1000
<order strength>
0.500
<z_alpha>
1.645
<task times>
1 637 30514.4194
2 293 1230.3456
3 509 36430.5686
4 538 32003.6028
5 919 1277.2761
6 464 1234.2774
7 614 10752.9211
8 591 36551.2700
9 566 88.8762
10 496 48602.4204
11 668 20525.8619
12 476 1879.3225
13 351 22519.1273
14 377 2264.0725
15 513 55363.8654
16 231 9051.1536
17 521 2809.0480
18 556 45869.4984
19 459 34289.8553
20 473 22392.0761
<precedence relations>
1,5
2,4
2,6
2,7
2,8
3,8
4,9
5,10
6,11
7,12
8,13
9,14
10,14
11,14
12,14
13,14
13,15
13,16
14,17
14,18
15,17
15,18
15,19
16,17
16,18
16,19
17,20
18,20
19,20
<end>