<number of tasks>
100
<cycle time>
1000
<order strength>
0.201
<z_alpha>
1.645
<task times>
1 51 467.6433
2 161 2576.9842
3 110 1699.5946
4 144 2676.9049
5 254 619.8945
6 115 2380.1466
7 192 1269.2372
8 190 5523.9501
9 313 8490.3848
10 184 7002.4399
11 217 11763.8711
12 264 3964.4962
13 36 198.9763
14 272 1723.9940
15 209 667.7789
16 117 2908.1932
17 141 2127.4034
18 99 1180.8634
19 161 4314.4849
20 82 831.3467
21 140 3782.9673
22 175 6072.8572
23 115 3244.9673
24 188 1527.8079
25 248 9341.7408
26 310 22952.6751
27 203 3009.5403
28 132 2118.9948
29 146 4290.0304
30 120 1404.1185
31 112 1557.4107
32 107 1898.1693
33 105 1480.2869
34 191 3142.2138
35 159 3985.5967
36 257 2868.9834
37 149 1219.7619
38 185 375.8073
39 91 1936.5247
40 179 1022.6705
41 95 650.1931
42 171 4906.0375
43 78 537.1662
44 37 261.7711
45 225 11958.5151
46 55 242.9516
47 200 8639.4738
48 43 276.5574
49 151 4392.3265
50 61 272.7439
51 124 1975.5728
52 160 208.8518
53 133 2220.2920
54 187 7247.0986
55 187 3760.8856
56 58 522.3469
57 131 663.1017
58 26 117.7124
59 33 242.8371
60 36 13.8122
61 223 7135.8846
62 106 947.7937
63 135 3006.2687
64 134 840.0442
65 207 5804.4224
66 101 271.4285
67 55 527.4645
68 130 2818.3798
69 152 2983.6359
70 68 759.0798
71 180 7070.4094
72 75 1268.7751
73 252 11863.7633
74 160 3369.8186
75 110 2838.8817
76 196 3092.5810
77 176 353.0152
78 103 2004.8493
79 215 2669.5208
80 298 6857.3711
81 127 3405.0140
82 144 3558.5775
83 101 631.4010
84 26 148.2904
85 117 3012.4635
86 143 1522.5062
87 102 1571.5454
88 164 1694.2601
89 51 189.7609
90 119 3200.0566
91 295 20801.8379
92 130 984.3082
93 300 5894.7067
94 285 223.7689
95 45 212.3659
96 120 2300.7576
97 173 5809.1089
98 98 1380.7545
99 61 277.2442
100 165 3371.1665
<precedence relations>
1,6
2,7
3,8
3,9
3,12
3,19
4,10
4,11
5,37
5,59
5,70
6,13
7,20
8,14
9,15
10,22
11,17
11,18
11,19
11,37
12,16
12,21
12,23
13,31
14,33
15,25
16,24
16,28
16,34
16,37
16,53
17,26
17,34
17,61
18,27
18,76
18,89
19,29
19,35
19,74
20,34
20,36
20,53
20,58
20,72
21,30
21,58
22,32
23,37
23,55
24,38
25,40
26,41
27,42
28,43
29,44
30,45
31,39
32,46
33,47
34,48
34,74
35,49
36,75
37,69
38,52
39,51
40,50
41,53
42,54
43,52
44,55
45,56
46,57
47,58
48,59
48,60
49,61
49,71
50,62
51,63
52,67
52,89
53,66
53,90
55,66
56,64
56,65
60,75
61,64
62,68
63,70
64,69
66,99
66,100
68,71
68,76
69,72
69,75
69,76
70,73
70,74
70,96
71,77
71,78
71,79
71,81
71,82
71,83
72,95
75,80
77,87
78,88
79,84
79,85
79,86
79,89
79,90
80,90
80,95
82,98
84,91
85,92
86,93
87,95
88,94
89,96
90,97
90,98
90,99
90,100
<end>