<number of tasks>
50
<cycle time>
1000
<order strength>
0.202
<z_alpha>
1.280
<task times>
1 89 1739.6765
2 76 1033.0807
3 147 378.8608
4 290 12970.4970
5 95 1676.9173
6 94 163.1564
7 124 26.3864
8 167 838.5529
9 223 7515.6474
10 238 4491.8976
11 242 5962.2841
12 66 625.5202
13 30 89.1133
14 145 3724.8812
15 195 1838.5911
16 121 1662.2889
17 466 11094.2279
18 33 180.4360
19 36 244.3783
20 100 2206.4112
21 163 3775.5496
22 69 1075.0743
23 159 3890.5882
24 106 2627.2414
25 282 3630.0047
26 510 22738.0830
27 287 18710.3167
28 576 36825.3094
29 281 10088.7456
30 106 1144.3073
31 88 1670.0986
32 62 827.1015
33 496 31086.9251
34 86 191.6125
35 77 748.0842
36 116 2251.3036
37 68 155.6154
38 115 190.2742
39 352 20623.4834
40 32 243.7328
41 76 285.3094
42 508 50711.9571
43 246 8948.6827
44 121 1859.5466
45 473 40696.2608
46 346 9932.0092
47 168 6912.6093
48 556 31325.5432
49 59 542.8264
50 391 13441.6514
<precedence relations>
2,8
3,10
4,9
5,11
6,7
7,16
8,14
9,12
9,15
10,13
13,28
14,17
14,18
14,19
15,20
16,19
16,21
16,22
17,27
17,30
18,30
19,23
19,24
19,26
19,28
20,25
20,29
23,33
25,31
26,32
30,34
30,35
30,36
30,37
31,40
31,42
32,38
35,41
36,39
37,40
38,48
40,47
40,49
41,43
41,44
41,46
41,50
42,45
<end>