<number of tasks>
100
<cycle time>
1000
<order strength>
0.196
<z_alpha>
1.280
<task times>
1 113 124.5516
2 259 845.0660
3 290 2403.0862
4 171 1023.3804
5 208 76.3922
6 66 243.7801
7 125 380.4256
8 143 1123.7536
9 303 2361.2374
10 117 272.7913
11 28 46.2931
12 338 2764.3053
13 198 1009.2582
14 411 8626.5966
15 85 88.7494
16 186 123.1148
17 179 581.2773
18 131 73.4642
19 405 2872.0294
20 29 7.2148
21 81 241.3926
22 95 342.0510
23 142 162.4139
24 117 295.1948
25 227 2780.6753
26 164 744.9710
27 220 800.5819
28 99 60.7229
29 306 5333.1342
30 23 12.8511
31 95 157.8331
32 281 4397.0925
33 117 617.8721
34 173 1145.9271
35 540 8346.1179
36 66 72.1456
37 549 3377.0765
38 55 103.3515
39 242 1038.3877
40 480 10686.7976
41 514 4408.0605
42 192 1811.3239
43 82 408.0777
44 194 2344.3811
45 127 349.1039
46 578 13938.4920
47 102 441.7229
48 124 311.0518
49 245 1602.4151
50 128 596.1950
51 126 60.8616
52 196 291.1794
53 256 721.7738
54 466 6494.1898
55 165 217.9593
56 211 2545.0475
57 293 227.3959
58 275 2893.9350
59 65 55.8962
60 118 43.5517
61 247 3805.7275
62 44 36.6319
63 370 1877.1929
64 569 19236.8325
65 89 243.8665
66 283 62.4689
67 110 395.3937
68 105 478.8895
69 259 3280.3892
70 111 719.0550
71 130 269.6670
72 183 611.8098
73 156 955.7031
74 470 5075.0127
75 454 937.7410
76 82 97.6162
77 207 992.2978
78 88 225.6508
79 50 64.4397
80 306 635.0028
81 347 6146.9496
82 550 1645.4169
83 416 3999.0829
84 173 1749.2652
85 138 174.4919
86 218 2133.7890
87 167 545.5764
88 327 2264.0341
89 446 4904.2202
90 195 843.5809
91 79 144.3682
92 516 14364.7299
93 42 15.5653
94 76 194.4076
95 58 63.0183
96 52 74.5992
97 66 260.7283
98 67 212.6881
99 334 4083.6186
100 262 3936.6150
<precedence relations>
1,15
1,73
2,10
3,11
3,54
3,95
4,13
5,12
6,14
6,28
6,52
7,90
8,36
8,55
8,81
9,45
9,93
10,16
10,17
10,22
10,81
12,23
12,24
12,27
13,20
13,21
13,41
13,44
13,79
14,18
14,19
15,21
16,26
16,65
17,25
18,29
18,32
18,33
18,34
18,54
19,27
21,31
22,30
22,70
24,26
24,28
24,32
25,39
25,40
25,42
25,52
25,77
26,37
26,38
26,44
28,35
28,37
28,76
28,94
28,96
29,46
30,59
32,43
32,95
33,36
33,41
33,59
35,47
35,50
35,91
36,46
36,53
37,48
38,63
39,54
40,94
41,49
41,51
43,48
44,45
44,52
44,87
45,60
45,86
45,100
47,77
47,100
48,99
49,58
50,55
50,56
50,57
51,100
53,92
54,59
57,64
57,65
57,66
58,62
58,63
59,64
60,61
61,69
62,67
62,73
62,75
63,68
63,72
64,71
66,70
66,74
67,80
67,81
68,78
68,82
68,83
69,76
70,79
73,77
75,80
76,84
80,88
81,86
81,87
81,89
82,85
83,90
84,95
85,91
85,94
85,97
85,98
87,100
88,92
88,99
90,93
90,96
<end>