<number of tasks>
50
<cycle time>
1000
<order strength>
0.198
<z_alpha>
1.960
<task times>
1 512 12854.0232
2 361 2874.8715
3 529 8045.3522
4 523 655.5477
5 508 14209.6185
6 520 6307.4827
7 580 17298.5841
8 639 8493.0614
9 463 4674.2474
10 555 14262.0450
11 533 12111.2920
12 499 5444.1336
13 457 12793.0018
14 535 2282.4210
15 333 2413.5648
16 444 6955.1409
17 429 1794.4779
18 487 13779.3161
19 606 1037.0909
20 241 2337.4627
21 462 4662.2811
22 453 2419.1432
23 783 3401.4004
24 772 13319.6275
25 357 5523.7015
26 527 15565.6588
27 507 853.5017
28 476 4079.2866
29 585 188.9215
30 478 1386.0174
31 359 2669.6715
32 532 6115.1375
33 401 4950.8569
34 371 1812.4994
35 407 1322.5316
36 692 4669.7133
37 501 7234.9672
38 459 11106.6947
39 675 26996.3470
40 281 1062.6040
41 487 2000.9765
42 469 500.5973
43 541 104.6221
44 740 12172.3213
45 588 9507.0379
46 514 2561.6256
47 545 12356.2056
48 499 13722.1512
49 472 2735.1891
50 285 1570.1265
<precedence relations>
1,25
2,25
3,13
4,15
5,14
6,11
9,12
9,16
11,25
12,25
13,20
14,19
15,22
16,17
16,18
16,21
16,23
16,24
17,25
18,25
19,27
21,26
21,29
22,28
24,30
24,45
25,31
25,32
25,33
25,34
25,35
25,36
25,39
25,46
26,37
27,38
28,40
30,46
31,43
37,42
38,41
40,46
41,44
42,45
42,46
44,49
45,48
46,47
46,50
<end>