<number of tasks>
1000
<cycle time>
1000
<order strength>
0.596
<z_alpha>
1.960
<task times>
1 122 186.2614
2 69 661.3020
3 193 972.7779
4 98 42.4540
5 109 1216.8917
6 78 1306.1570
7 126 2058.7305
8 244 2716.6619
9 144 453.0242
10 178 1319.0786
11 142 618.9652
12 235 4154.0379
13 164 3659.9944
14 165 2451.0877
15 77 719.6291
16 69 5.1327
17 79 39.0047
18 112 2421.9589
19 53 659.3564
20 237 9530.8213
21 198 7402.9082
22 133 1833.5182
23 163 2358.3594
24 77 1274.4034
25 74 476.9302
26 67 6.4527
27 82 1623.3942
28 50 28.5903
29 116 1784.9393
30 173 2485.2582
31 142 397.0394
32 63 725.3037
33 145 543.6388
34 45 52.6958
35 25 129.2919
36 220 2754.1134
37 79 1276.5198
38 51 76.1029
39 32 146.9083
40 112 2812.5473
41 23 62.5864
42 206 4726.0845
43 123 3171.3633
44 163 5024.7035
45 87 1350.4322
46 208 841.2412
47 307 23207.3562
48 158 3784.4116
49 194 198.9783
50 217 29.7714
51 95 645.0969
52 77 669.2660
53 334 14851.0823
54 120 1872.9089
55 86 383.2211
56 150 4354.4483
57 115 2044.8794
58 142 4.9632
59 34 215.6029
60 121 1819.3202
61 274 1556.7542
62 238 11681.9619
63 381 34174.4246
64 130 1549.0138
65 136 2702.8648
66 177 1759.6881
67 41 386.0248
68 111 2236.2668
69 162 794.1365
70 186 3532.9845
71 124 1656.9635
72 148 5005.8766
73 198 5038.5068
74 61 846.2198
75 55 449.7104
76 81 1247.8842
77 22 50.3670
78 224 768.2376
79 120 1918.6577
80 45 408.2932
81 159 2523.1293
82 85 1442.7853
83 220 4151.1741
84 181 5768.7260
85 24 70.1141
86 347 25176.3608
87 197 8755.2105
88 93 696.5770
89 141 2031.2556
90 25 137.5709
91 81 1367.4273
92 93 1682.2835
93 232 3395.3602
94 216 10070.6075
95 214 7113.8494
96 163 2851.0887
97 126 3529.9085
98 59 93.1422
99 90 14.4354
100 93 1434.2213
101 21 40.1046
102 201 6058.3385
103 234 13681.5122
104 67 848.0939
105 166 5572.6007
106 122 2491.4632
107 45 93.7342
108 188 8570.7269
109 110 2750.9474
110 24 33.9902
111 243 10292.4189
112 116 2770.6014
113 128 1935.7723
114 71 381.3127
115 183 2701.7316
116 121 2390.0490
117 78 108.8136
118 86 303.4243
119 57 481.5591
120 227 2189.1125
121 169 6390.4814
122 167 1791.1822
123 302 1092.4941
124 47 481.8150
125 80 1446.3269
126 252 2523.2572
127 228 9713.3603
128 180 5323.8756
129 21 33.1081
130 92 944.0078
131 138 4212.0503
132 114 2076.0473
133 298 17196.3200
134 177 7270.3043
135 114 2995.7854
136 54 26.9336
137 163 2205.8161
138 79 839.8463
139 87 144.1738
140 385 30213.1485
141 82 3.8133
142 53 615.5729
143 122 2858.7535
144 202 4412.5492
145 223 4842.7060
146 135 3028.1669
147 136 711.5157
148 121 1979.3335
149 181 2703.4704
150 159 4135.8133
151 173 5273.3082
152 50 468.9290
153 116 691.1903
154 147 937.5264
155 186 607.3920
156 143 1451.5574
157 97 107.8446
158 62 350.0458
159 219 5816.5409
160 84 412.4400
161 235 8258.4615
162 120 963.6800
163 106 933.0662
164 126 2309.1733
165 255 5410.2418
166 74 1235.7252
167 82 1252.5219
168 52 485.5920
169 149 4610.7309
170 83 695.8303
171 52 640.4793
172 193 1450.0866
173 150 373.7808
174 146 681.9253
175 104 2664.4451
176 150 4717.2930
177 53 261.2686
178 150 3476.5134
179 197 2071.0906
180 125 2957.7941
181 174 2097.2081
182 20 80.4733
183 304 4055.0976
184 112 237.4911
185 28 57.5591
186 145 1877.2220
187 171 1816.1426
188 49 455.9130
189 178 7094.3953
190 106 2005.9726
191 105 1015.2297
192 135 2622.6443
193 160 4003.6443
194 95 2121.7137
195 23 71.7875
196 91 1563.0270
197 120 397.2775
198 244 8786.2282
199 48 522.5935
200 296 6722.5887
201 219 2272.8216
202 248 7437.5298
203 122 238.9174
204 125 1446.0919
205 143 1064.6132
206 237 4859.1168
207 123 2490.2433
208 35 303.6672
209 141 1643.0423
210 90 1887.2782
211 226 5039.9351
212 126 416.9947
213 167 1168.4453
214 55 578.3252
215 249 10777.7982
216 224 6591.1742
217 29 106.3604
218 34 6.4452
219 21 101.1226
220 95 1430.4693
221 49 366.0303
222 246 9241.2043
223 29 75.7517
224 288 109.7340
225 207 4528.3737
226 179 1141.8839
227 76 883.1228
228 271 13092.2834
229 323 2488.4712
230 76 670.0182
231 73 1190.8239
232 69 434.4684
233 79 870.1269
234 160 11.5739
235 50 6.3097
236 149 73.1705
237 84 395.9093
238 62 221.0478
239 222 9932.6887
240 173 3400.7387
241 39 254.5085
242 126 918.1451
243 330 17195.3149
244 205 1479.8377
245 200 4646.1753
246 180 7414.7694
247 271 11455.0965
248 405 24464.8645
249 105 1064.9840
250 40 52.1100
251 113 635.6812
252 122 3602.7505
253 151 2697.5518
254 22 46.0105
255 172 477.2444
256 255 3424.7086
257 109 1268.8424
258 98 1399.0280
259 202 847.5081
260 32 108.9748
261 129 2682.7783
262 36 233.6316
263 200 7434.3229
264 30 51.7088
265 30 187.0303
266 331 8816.8305
267 162 2558.6596
268 87 867.8779
269 187 7030.0399
270 58 41.1372
271 208 624.8641
272 120 140.1649
273 42 119.3098
274 64 924.4899
275 77 1264.6272
276 137 734.6748
277 180 2422.1373
278 157 5405.7474
279 144 2997.6009
280 60 13.1268
281 108 1679.9263
282 189 5536.7338
283 170 1682.5741
284 226 7244.6919
285 111 943.9383
286 68 188.7621
287 252 15587.2178
288 161 740.8417
289 29 156.4857
290 38 15.8110
291 40 106.3727
292 97 2146.5737
293 223 6124.3387
294 147 4159.6380
295 44 109.2709
296 80 378.8476
297 232 9990.6230
298 84 1577.8683
299 96 131.6149
300 248 2402.0500
301 168 1118.6466
302 151 4613.6858
303 164 5988.6640
304 97 909.0680
305 154 2280.4055
306 81 1325.7458
307 79 1230.7547
308 49 203.6808
309 108 1389.9588
310 69 367.6250
311 242 10658.2871
312 250 11970.3760
313 202 7430.5229
314 23 85.6749
315 122 1472.0742
316 239 7191.3142
317 33 132.2235
318 189 6325.8609
319 154 1346.3658
320 83 739.2005
321 214 3358.1777
322 140 4492.8231
323 216 5934.6943
324 247 14891.7169
325 157 1023.3770
326 134 1837.3444
327 180 6160.9264
328 154 3883.2207
329 111 997.1188
330 109 541.4078
331 36 51.6411
332 68 1104.4570
333 212 5785.8901
334 159 5510.7286
335 30 186.8675
336 82 800.1474
337 124 2418.7664
338 199 181.8947
339 145 3023.3137
340 157 2426.8704
341 73 819.9597
342 174 5297.6150
343 109 1959.3585
344 181 3136.0761
345 282 16445.0422
346 102 1521.6972
347 198 3908.3522
348 165 5562.8933
349 271 5281.7122
350 252 7786.0928
351 72 519.9260
352 83 1329.9961
353 27 144.6754
354 210 669.2031
355 265 17473.6058
356 25 147.0016
357 98 852.6024
358 92 1215.3095
359 21 61.3698
360 70 854.5855
361 155 3509.1227
362 116 1144.0649
363 204 10019.3625
364 38 314.1684
365 166 1765.5195
366 92 1215.2273
367 80 326.6057
368 88 715.9359
369 87 293.8620
370 275 7222.0184
371 265 451.5110
372 242 856.4732
373 33 56.0794
374 157 2643.7608
375 87 1616.5331
376 62 401.1200
377 57 190.1889
378 52 558.9665
379 32 145.4374
380 51 275.7241
381 105 2495.5116
382 59 533.7257
383 109 2718.0521
384 306 6943.2213
385 114 1196.7943
386 100 319.0416
387 119 2985.5967
388 65 176.2317
389 22 12.8187
390 231 12572.8982
391 31 21.9051
392 86 160.1177
393 168 1334.4280
394 303 13832.6139
395 147 1151.7591
396 73 236.5168
397 222 4071.8900
398 179 845.1455
399 83 1051.8036
400 104 279.2553
401 148 3331.5060
402 128 3734.7862
403 114 1059.8968
404 151 841.0932
405 296 13969.3599
406 141 4798.5060
407 153 1233.8179
408 198 7133.8457
409 43 130.7325
410 55 612.2479
411 215 7926.3156
412 81 434.8022
413 80 830.7736
414 86 1722.3737
415 99 2059.7393
416 213 10870.2560
417 112 2512.0589
418 43 174.1992
419 112 667.0771
420 236 713.9342
421 133 2042.3448
422 97 711.1681
423 123 2268.4628
424 297 8803.2402
425 69 167.2808
426 147 1406.2945
427 105 1968.8111
428 199 9213.7554
429 203 1141.2197
430 222 11697.2100
431 211 10404.9787
432 97 1379.5480
433 223 6261.0270
434 208 9826.2572
435 150 720.5836
436 159 5584.6907
437 126 2655.4256
438 69 506.5388
439 39 209.4322
440 97 1384.4747
441 86 1517.5528
442 271 16363.6158
443 116 79.2168
444 61 238.0456
445 224 11511.7797
446 124 3646.9872
447 212 10063.8965
448 216 3060.5063
449 121 2583.0069
450 133 2570.9823
451 104 1702.8473
452 144 1487.0008
453 20 74.9242
454 295 14953.2324
455 151 669.9847
456 69 1017.5204
457 341 920.3576
458 71 1242.7197
459 81 1133.0798
460 171 1763.3979
461 96 467.2542
462 84 964.4308
463 185 2172.1530
464 363 12590.4355
465 169 4829.1788
466 47 476.8500
467 116 1584.5739
468 251 15212.5817
469 124 3304.2738
470 125 146.3224
471 228 5502.8303
472 103 118.6053
473 53 610.3392
474 312 4175.4080
475 120 1496.7367
476 81 988.2930
477 229 3029.8572
478 55 755.1848
479 148 1571.1523
480 130 1364.8464
481 44 280.2310
482 45 9.5185
483 96 994.0716
484 220 11941.9865
485 79 182.5029
486 122 1932.0313
487 132 3595.7144
488 144 3111.8279
489 174 2388.9544
490 62 245.3202
491 121 348.7528
492 48 203.4958
493 63 282.2732
494 75 635.9578
495 204 5559.9829
496 143 4461.2128
497 75 1294.4366
498 168 351.1338
499 101 958.0616
500 23 39.3442
501 73 20.6184
502 55 340.9996
503 132 117.5065
504 251 10857.7193
505 119 1657.7623
506 159 3628.1883
507 156 2850.2704
508 350 4559.1996
509 261 527.4871
510 168 2693.2104
511 147 3302.2194
512 192 7552.2488
513 110 1523.8355
514 58 314.9998
515 27 104.4839
516 84 1104.7146
517 152 4545.7961
518 125 2036.0290
519 282 17590.8097
520 141 673.9962
521 90 853.0578
522 177 1196.1207
523 149 1450.7472
524 44 48.8921
525 248 13525.2696
526 102 2120.5836
527 191 8031.2415
528 288 2963.4769
529 134 4110.1179
530 215 5138.2893
531 109 248.0424
532 113 377.5560
533 215 1164.7869
534 133 2201.4582
535 188 6686.6152
536 85 1564.5577
537 87 950.0149
538 100 1989.9298
539 118 3268.2308
540 119 1277.4379
541 310 11026.4220
542 37 44.0362
543 82 912.3569
544 46 353.7644
545 48 242.1680
546 70 474.0640
547 100 947.1481
548 68 641.6632
549 170 4701.0307
550 250 7272.0656
551 280 3177.9400
552 272 2330.9422
553 432 39301.1949
554 291 15530.5228
555 79 652.6241
556 63 385.5529
557 142 3542.7137
558 325 4017.5664
559 166 5839.1759
560 200 3233.9210
561 169 698.4102
562 161 2175.4668
563 123 3263.5162
564 31 90.3416
565 45 482.7655
566 153 1201.3248
567 190 8506.5223
568 239 1005.2144
569 83 733.4836
570 302 8906.1159
571 71 1034.8331
572 40 38.8154
573 109 858.9307
574 123 163.2117
575 110 2093.9701
576 120 988.6684
577 197 4965.6240
578 180 7750.5991
579 40 48.0756
580 329 986.0617
581 104 1269.6047
582 66 503.9006
583 140 1542.2081
584 93 325.9703
585 173 3216.3395
586 29 103.8907
587 107 168.7556
588 117 1417.5947
589 71 1194.1023
590 116 3034.6442
591 205 2687.9457
592 310 22035.0434
593 161 4767.8267
594 101 1223.6925
595 72 979.3296
596 212 3091.3794
597 173 7188.4922
598 217 3849.5706
599 112 119.4171
600 72 1133.9340
601 159 604.4674
602 133 3494.1415
603 58 15.8004
604 43 274.8677
605 155 1328.0825
606 23 5.4218
607 230 3974.0127
608 356 25321.7826
609 216 2718.5656
610 180 15.3288
611 77 761.7704
612 20 40.4862
613 112 316.6447
614 66 73.1243
615 295 14428.7126
616 142 402.3114
617 126 1014.7383
618 150 1208.5082
619 79 962.1734
620 190 8452.3597
621 86 456.2577
622 29 158.4787
623 196 7310.5963
624 100 1389.6937
625 180 1830.8666
626 150 5461.4884
627 92 448.0641
628 34 4.5754
629 175 4091.9713
630 172 5945.9526
631 72 1267.4244
632 46 150.5360
633 153 3285.7054
634 104 1612.7750
635 109 2517.7635
636 130 2677.4065
637 41 277.3251
638 273 14412.2711
639 26 81.5446
640 254 7209.9268
641 163 3901.9639
642 45 413.3607
643 123 1873.6204
644 88 302.1131
645 54 476.3306
646 164 136.0836
647 166 612.3569
648 36 198.6293
649 140 459.9050
650 224 12389.5979
651 38 26.4847
652 45 394.3771
653 126 1522.0526
654 38 142.6800
655 114 1690.9747
656 319 9626.8808
657 143 769.5924
658 69 1139.9172
659 85 353.4436
660 148 2494.2937
661 65 1006.9783
662 33 109.7619
663 74 888.1855
664 30 169.7203
665 105 346.0876
666 113 2186.2560
667 167 1727.0165
668 124 407.8441
669 60 539.7609
670 211 7993.5826
671 104 1058.9071
672 167 1379.8587
673 218 794.6753
674 186 5930.8197
675 206 10229.9337
676 69 404.1443
677 152 4979.6427
678 196 3731.1660
679 115 1756.6700
680 62 266.5682
681 41 334.3094
682 182 6643.6366
683 305 22949.3549
684 270 17361.7116
685 53 625.5827
686 90 1032.6588
687 117 3231.0743
688 193 9198.1065
689 69 83.8871
690 53 532.1991
691 108 2643.9469
692 78 638.1312
693 193 504.7501
694 168 2168.5874
695 159 4565.7860
696 71 1048.8691
697 59 226.1957
698 87 1559.3362
699 195 2412.3993
700 158 493.9351
701 332 16953.6815
702 273 3846.0847
703 57 351.5763
704 209 4833.0777
705 39 127.1170
706 66 243.9126
707 156 3376.5006
708 301 21817.4138
709 35 166.0960
710 23 21.5223
711 180 5660.7808
712 35 248.5778
713 171 6540.5560
714 101 1265.0533
715 33 114.9509
716 166 372.6750
717 197 1539.0115
718 94 287.7751
719 66 765.3795
720 176 5418.5066
721 61 107.8942
722 79 780.0252
723 213 7634.2861
724 190 4461.7405
725 212 7906.1911
726 166 5219.9269
727 202 6701.2226
728 240 8080.5245
729 48 27.5309
730 226 3863.4973
731 42 326.2304
732 259 10642.3099
733 130 456.2764
734 188 486.3719
735 121 1062.0093
736 131 205.8402
737 178 3636.4599
738 90 1905.8140
739 49 92.8973
740 54 243.1673
741 125 3465.8475
742 228 9120.8533
743 62 375.5502
744 191 2815.9392
745 102 682.2035
746 157 1704.1400
747 42 357.0707
748 147 4207.9317
749 221 8653.1459
750 60 642.5789
751 91 492.5732
752 55 465.0062
753 188 7691.4034
754 65 1008.8224
755 24 24.5313
756 164 4969.3040
757 220 487.4294
758 522 31554.0863
759 92 1745.5105
760 213 3732.4209
761 98 831.6236
762 29 121.1398
763 230 10712.9019
764 127 3404.0525
765 114 229.6413
766 107 571.4946
767 120 587.5426
768 172 72.1979
769 111 2376.3584
770 161 5122.0784
771 124 616.0693
772 192 7775.0392
773 133 882.4868
774 242 3358.3435
775 31 231.2624
776 80 1066.2731
777 298 18855.7386
778 63 46.3489
779 88 1504.0652
780 172 6365.7400
781 95 414.2833
782 92 803.9589
783 36 187.5222
784 140 963.5246
785 22 31.9017
786 141 2959.9382
787 85 661.9575
788 24 97.9120
789 143 3715.8430
790 123 2887.1365
791 221 821.9150
792 62 201.7910
793 61 14.9309
794 126 3108.7729
795 68 617.8736
796 34 82.3207
797 70 829.0738
798 172 6679.3851
799 76 43.5355
800 222 4942.9409
801 145 3990.1417
802 228 6547.1727
803 127 1733.8183
804 27 2.5090
805 117 3217.1086
806 280 4580.6309
807 108 951.2216
808 184 7607.1823
809 48 405.0132
810 71 851.5060
811 214 1906.1264
812 112 2704.7066
813 195 7951.1014
814 234 11809.4727
815 248 3843.3388
816 115 2357.6345
817 335 23098.1997
818 181 6827.4569
819 151 5037.7245
820 65 123.8783
821 131 343.7161
822 43 43.8990
823 25 87.8076
824 101 823.9446
825 163 5140.6929
826 169 5387.1897
827 290 14116.9673
828 80 612.5848
829 230 8189.4158
830 291 13442.6502
831 138 1612.1243
832 221 2453.6830
833 66 680.4981
834 232 3111.5584
835 119 1192.3591
836 197 3687.4762
837 141 4481.8029
838 318 10415.9370
839 210 2106.1389
840 242 6640.3126
841 71 306.8211
842 154 3646.2085
843 93 809.7058
844 55 470.6364
845 164 1403.4627
846 117 2233.1313
847 81 1280.1829
848 169 4998.5435
849 116 2787.0411
850 163 2343.9857
851 179 129.7371
852 214 10870.5746
853 177 1433.5842
854 188 1118.2366
855 169 7021.1849
856 33 62.3007
857 170 4281.9321
858 130 513.8917
859 127 3930.8633
860 29 89.6498
861 201 4067.8681
862 104 2660.4940
863 116 1224.0507
864 108 2776.7545
865 145 1203.5260
866 55 48.7618
867 204 4892.1428
868 214 167.4301
869 145 117.3389
870 216 2949.1554
871 38 233.7378
872 39 297.4802
873 57 202.8869
874 179 6380.7238
875 90 680.7725
876 143 2513.1734
877 55 32.2419
878 88 738.8915
879 52 545.8007
880 263 1851.7786
881 42 50.2737
882 188 6892.2642
883 179 5066.7162
884 46 272.9672
885 393 2803.8581
886 201 6042.5371
887 79 885.8413
888 148 4989.4626
889 192 8674.8048
890 61 913.6997
891 344 4285.2493
892 278 2354.9067
893 48 547.4759
894 188 6098.5776
895 100 955.2373
896 209 5529.1148
897 74 246.7305
898 213 558.2295
899 222 2643.7421
900 67 380.0307
901 72 1108.4601
902 131 1518.6419
903 78 105.9657
904 44 294.6957
905 104 450.5638
906 203 7213.8804
907 246 11260.6254
908 177 3007.4861
909 330 26582.0476
910 47 272.8840
911 128 2335.8174
912 112 408.6888
913 43 218.2380
914 132 1954.5018
915 102 2188.6960
916 164 2235.0648
917 140 3996.3429
918 137 2086.2985
919 120 1359.2734
920 78 861.6337
921 197 6925.5912
922 49 533.0002
923 82 1573.4995
924 191 455.1469
925 190 5208.2876
926 108 2233.3065
927 224 6236.2542
928 226 6676.8110
929 49 323.1716
930 264 3146.8742
931 234 7464.5762
932 117 653.2356
933 204 6021.2111
934 131 3775.9536
935 147 3229.9311
936 213 8133.7567
937 133 2032.7667
938 146 349.1927
939 251 5597.4756
940 88 1835.1311
941 113 507.9827
942 38 238.5765
943 256 12895.9063
944 65 659.8407
945 104 2341.3570
946 56 390.0020
947 69 1152.8824
948 61 927.1734
949 97 1007.4584
950 41 365.8372
951 75 976.6624
952 245 9441.8918
953 63 602.0478
954 53 587.2731
955 99 1802.8660
956 139 4413.3692
957 75 1316.8780
958 211 10193.6392
959 174 3061.6968
960 85 1563.9427
961 27 136.4430
962 45 130.8885
963 193 4463.7151
964 264 17262.7256
965 309 18057.7443
966 117 636.6626
967 165 6421.8739
968 124 1932.7987
969 94 1600.2663
970 97 2049.4065
971 220 2664.3768
972 319 0.9106
973 102 1947.6115
974 34 205.2074
975 49 310.5422
976 106 1229.0822
977 73 151.9125
978 147 2746.9318
979 187 5994.3097
980 57 84.4260
981 147 604.2059
982 174 6543.6647
983 53 487.0085
984 131 3899.3882
985 44 411.4050
986 76 163.1585
987 99 2284.5112
988 70 910.3694
989 39 201.4149
990 76 761.3468
991 119 614.8211
992 196 2533.2865
993 167 3890.0259
994 43 159.7297
995 118 975.2412
996 119 2887.1973
997 177 166.3827
998 187 937.2197
999 277 1298.2043
1000 91 11.6651
<precedence relations>
1,488
2,884
3,166
4,660
5,91
6,188
7,940
8,92
9,173
10,174
11,126
12,772
13,241
14,553
15,17
15,19
15,22
15,24
15,29
15,30
15,32
16,18
16,20
16,21
16,23
16,25
16,26
16,27
16,28
16,31
16,33
17,695
18,660
19,91
20,91
21,188
22,188
23,92
24,92
25,92
26,413
27,413
28,278
29,174
30,459
31,35
31,36
31,39
31,40
31,41
31,43
31,44
31,46
31,47
31,48
32,37
32,38
32,42
32,45
32,49
32,76
33,34
33,345
34,730
35,591
36,657
37,884
38,903
39,166
40,91
41,188
42,188
43,173
44,173
45,126
46,241
47,760
48,50
48,51
48,53
48,55
48,56
48,57
48,59
48,60
48,64
48,65
48,66
48,67
48,68
49,52
49,54
49,58
49,61
49,62
49,63
49,78
50,488
51,695
52,91
53,91
54,188
55,521
56,92
57,92
58,92
59,957
60,126
61,402
62,459
63,405
64,405
65,241
66,792
67,73
67,74
67,75
67,76
67,78
67,80
67,81
67,85
67,86
68,69
68,70
68,71
68,72
68,77
68,79
68,81
68,82
68,83
68,84
68,154
69,234
70,903
71,614
72,91
73,91
74,188
75,92
76,413
77,349
78,843
79,126
80,405
81,405
82,241
83,734
84,87
84,88
84,93
84,102
84,103
85,89
85,90
85,95
85,96
85,97
85,99
85,161
86,94
86,98
86,100
86,101
87,234
88,234
89,313
90,520
91,105
91,106
91,108
91,110
91,111
91,112
91,113
91,114
91,128
91,145
91,270
92,104
92,107
92,115
92,116
92,117
92,118
92,119
92,120
92,121
92,122
92,123
92,124
92,125
92,127
92,129
93,413
94,173
95,174
96,843
97,843
98,305
99,515
100,126
101,402
102,734
103,109
104,234
105,797
106,488
107,756
108,166
109,549
110,521
111,130
112,130
112,134
112,135
112,189
112,299
112,354
113,130
113,149
114,130
114,131
114,133
114,211
114,226
115,270
116,130
116,354
117,590
118,131
118,135
119,144
120,143
121,234
121,311
122,130
122,131
122,145
122,269
122,352
122,353
122,354
123,232
123,272
123,358
124,132
124,278
125,130
125,135
125,265
125,303
126,130
126,131
126,136
126,137
126,138
126,139
126,140
126,141
126,142
127,149
127,221
127,300
127,310
127,311
128,130
128,131
128,132
128,133
129,343
129,391
130,313
131,313
132,166
133,166
134,520
135,438
136,459
137,146
137,181
138,147
138,580
138,609
139,149
139,370
139,517
140,552
141,353
142,148
142,150
142,172
143,405
144,151
144,152
145,280
145,391
146,234
147,614
148,926
149,349
150,278
151,553
152,153
152,154
152,155
152,156
152,157
152,158
152,159
152,160
152,161
152,162
152,163
152,164
153,730
154,166
155,166
156,173
157,174
158,843
159,459
160,578
161,165
161,166
161,168
161,170
161,175
161,178
162,165
162,166
162,167
162,176
162,309
162,310
163,172
163,179
163,180
164,169
164,171
164,177
164,179
164,261
164,400
165,884
166,181
166,183
166,184
166,185
166,186
166,187
167,549
168,188
169,521
170,940
171,349
172,278
173,190
173,191
173,192
173,193
173,194
173,195
173,196
173,205
173,206
173,207
174,197
174,198
174,199
174,200
174,201
174,202
174,203
174,204
175,843
176,241
177,241
178,189
178,270
179,844
180,182
180,189
180,396
180,431
181,756
182,591
183,521
184,413
185,209
185,236
185,298
185,345
186,208
186,218
186,311
187,208
187,209
187,311
188,212
188,213
188,214
188,215
188,219
189,413
190,278
192,217
192,431
193,312
193,346
193,432
193,558
193,632
194,687
195,218
196,306
196,502
196,723
197,208
197,216
198,210
198,316
198,359
199,208
199,209
199,299
200,354
200,439
201,229
201,235
201,286
201,311
201,354
202,290
202,530
203,265
204,295
205,459
206,389
207,208
207,209
207,210
207,211
207,232
208,234
209,695
210,695
211,313
212,977
213,413
214,221
214,226
214,231
215,223
215,227
215,233
215,277
216,405
217,241
218,220
218,224
218,225
218,229
218,230
218,232
219,220
219,222
219,228
220,234
221,234
222,657
223,313
224,620
225,620
226,549
227,463
228,305
229,241
230,241
231,553
232,237
232,240
232,243
232,403
232,502
233,235
233,236
233,238
233,239
233,242
233,244
233,245
233,246
233,247
233,248
234,249
234,250
234,251
234,252
234,253
234,254
235,313
236,660
237,940
238,977
239,413
240,459
241,256
241,257
241,258
241,259
241,260
242,553
243,255
243,263
243,493
244,255
244,275
244,389
244,477
245,255
245,261
245,262
245,263
245,264
246,255
246,265
248,262
248,317
248,377
249,614
250,413
251,266
251,359
251,488
251,515
251,522
252,341
252,763
252,797
252,806
253,273
253,356
253,380
254,266
254,274
254,316
255,940
256,275
256,283
256,522
257,266
257,267
257,268
257,272
257,312
257,611
257,632
257,666
258,580
258,617
258,694
259,479
259,589
260,266
260,745
261,553
262,271
262,499
262,685
263,558
263,699
264,269
264,518
264,648
264,679
265,270
266,695
267,695
268,657
269,926
270,278
271,843
272,772
273,459
274,277
274,279
274,281
274,283
274,286
275,276
275,280
275,282
275,284
275,285
275,392
276,797
277,413
278,291
278,292
278,293
278,294
278,295
278,297
279,305
280,515
281,515
282,553
283,553
284,760
285,287
285,289
285,701
286,288
286,290
286,296
287,730
288,657
289,957
290,413
291,305
292,772
293,578
294,300
294,301
294,310
294,311
294,317
294,390
295,298
295,299
295,300
295,302
295,304
295,306
295,307
295,308
295,353
296,303
296,343
296,461
297,308
297,309
298,313
299,313
300,520
301,463
302,438
303,438
304,438
305,312
305,313
305,314
305,315
305,317
305,318
305,319
305,320
305,321
305,322
305,323
305,324
305,325
305,326
305,327
305,328
305,329
305,330
305,331
306,772
307,553
308,313
308,350
309,619
309,791
310,316
310,347
311,383
312,730
313,332
313,333
313,334
313,335
313,336
313,337
313,338
313,339
313,340
314,614
315,520
316,413
317,438
318,772
319,343
319,385
319,411
320,341
320,665
320,805
320,832
321,791
321,849
322,345
322,462
322,589
322,679
323,344
323,355
324,341
324,342
324,492
325,901
326,650
327,341
327,404
328,341
328,460
329,344
329,374
329,690
330,553
331,341
331,701
331,788
332,349
333,349
334,405
335,734
336,357
336,745
336,790
337,346
337,347
337,348
337,356
337,358
338,346
338,355
339,346
339,475
339,478
340,348
340,351
340,390
340,464
341,843
342,352
342,354
342,377
342,530
343,353
344,646
344,737
345,350
345,759
346,730
347,940
348,413
349,361
349,362
349,364
349,365
349,366
349,367
349,368
349,369
350,843
351,515
352,792
353,578
354,896
355,360
355,371
356,359
356,370
356,372
358,363
359,695
360,657
361,660
362,549
363,413
364,413
365,459
366,379
367,377
367,382
367,383
368,373
368,380
369,520
369,590
370,578
371,373
371,375
371,376
371,384
372,374
372,378
372,379
372,381
373,730
374,695
375,695
376,521
377,521
378,696
379,413
380,463
381,438
382,459
383,459
384,385
384,386
384,387
384,388
384,389
384,390
384,391
384,392
385,488
386,402
387,402
388,405
389,395
389,396
389,397
390,393
390,399
390,400
391,398
391,403
391,404
391,406
391,408
391,409
392,394
392,401
392,407
392,440
393,657
394,926
395,940
396,696
397,413
398,413
399,438
400,515
401,772
402,412
402,415
402,416
402,417
402,418
402,419
402,420
402,421
403,459
404,459
405,411
405,422
405,423
405,424
405,425
405,426
405,427
405,428
405,429
406,553
407,684
408,410
409,410
409,414
409,430
410,591
411,860
412,521
413,434
413,435
413,436
413,437
414,438
415,459
416,578
417,431
418,432
418,546
419,431
419,633
419,650
419,679
420,431
420,432
421,442
422,431
422,433
423,686
423,688
423,738
424,431
424,441
425,440
426,432
426,554
426,632
427,489
428,652
429,439
430,518
430,555
430,607
430,609
430,632
431,657
432,940
433,696
434,463
435,459
436,443
436,444
436,590
437,444
437,447
437,461
438,448
438,449
438,450
438,451
438,452
438,453
438,454
438,455
438,456
438,457
438,458
439,459
440,459
441,460
442,445
442,446
443,695
444,520
445,549
446,521
447,463
448,843
449,734
450,462
450,522
450,578
451,477
451,498
452,745
453,620
453,679
454,476
454,679
455,462
455,463
456,462
456,475
457,487
458,616
458,683
458,822
459,465
459,466
459,467
459,468
459,469
459,470
459,471
459,472
459,473
459,474
459,515
460,464
460,476
461,462
461,610
462,620
463,478
463,479
463,480
463,481
463,482
463,483
464,515
465,614
466,596
466,753
466,798
467,478
467,479
467,487
468,478
469,485
469,518
469,616
470,589
470,631
470,721
471,871
472,756
473,479
474,478
475,484
475,486
476,613
476,658
477,478
477,546
477,547
478,488
479,549
480,553
481,488
481,489
481,492
482,488
482,497
482,547
483,631
484,896
485,896
486,490
486,491
486,493
486,494
486,495
486,496
486,500
487,498
487,499
487,582
487,615
488,503
488,504
488,505
488,506
488,507
488,508
488,509
488,510
488,511
488,512
488,513
489,657
490,521
491,843
492,515
493,515
494,553
495,553
496,516
497,502
498,616
499,501
499,593
500,501
500,514
500,517
501,797
502,730
503,520
504,521
505,734
506,518
506,578
507,657
508,518
508,579
509,594
509,616
510,835
510,856
511,578
511,595
512,960
513,548
513,595
514,614
515,518
515,523
515,524
515,525
515,526
515,527
515,528
515,529
516,578
517,519
517,522
517,530
518,620
519,620
520,531
520,532
520,533
520,534
520,535
520,536
520,537
520,538
520,553
521,539
521,540
521,541
521,542
521,543
521,544
521,545
522,843
524,593
524,616
525,545
525,546
525,548
526,556
526,590
526,722
527,722
528,545
528,561
528,562
528,579
530,547
531,549
532,792
533,549
533,550
534,549
534,556
535,549
536,551
536,554
536,555
536,558
536,561
536,591
537,552
537,562
537,829
538,665
539,943
540,550
540,791
542,559
544,560
544,657
545,696
546,553
547,553
548,549
548,557
549,563
549,564
549,565
549,566
549,567
549,568
549,569
549,570
549,594
549,665
550,940
551,843
552,843
553,571
553,572
553,573
553,574
553,575
553,576
553,577
553,578
554,578
555,760
556,896
557,578
557,579
557,580
557,588
559,684
560,969
561,657
563,974
564,580
564,591
564,616
565,792
566,886
567,793
568,679
569,924
570,580
570,659
570,791
571,588
571,659
572,791
573,664
574,589
574,597
574,653
575,592
575,722
576,580
576,610
576,688
576,753
576,761
577,580
577,697
577,733
577,791
578,582
578,583
578,584
578,585
578,586
578,587
579,581
579,590
580,730
581,591
582,884
583,696
584,593
585,594
585,597
586,691
586,731
586,736
586,820
588,617
588,618
589,595
589,845
590,592
590,596
590,656
591,598
591,599
591,600
591,601
591,602
591,603
591,604
591,605
591,606
591,608
591,609
592,903
593,607
593,610
594,805
595,787
596,757
596,882
597,611
597,620
598,695
599,760
600,613
601,686
601,842
602,612
602,618
603,740
604,859
605,653
606,615
607,614
608,687
609,798
610,872
611,612
611,616
611,617
612,695
613,620
614,621
614,622
614,623
614,624
614,625
614,626
614,627
614,628
614,629
614,630
614,631
614,633
615,792
616,658
617,619
618,632
619,730
620,634
620,635
620,636
620,637
620,638
620,639
620,640
620,641
621,843
622,646
622,738
624,642
624,645
626,643
626,689
626,739
627,647
627,924
628,832
629,872
631,861
631,925
632,687
633,642
633,644
634,843
635,649
636,651
636,771
637,650
639,684
640,655
640,899
640,969
641,652
641,834
642,657
642,701
643,722
644,648
644,651
645,653
645,654
647,830
648,756
649,657
650,660
651,662
651,739
651,754
652,659
652,685
653,658
653,663
654,656
654,664
654,665
654,757
655,661
655,902
655,967
656,756
657,667
657,668
657,669
657,670
657,671
657,672
657,680
658,860
659,860
660,673
660,674
660,675
660,676
660,677
661,896
663,666
663,678
664,679
665,957
666,695
667,896
668,684
669,771
671,683
671,772
672,686
672,859
673,681
674,682
674,732
674,857
675,754
677,685
678,725
678,737
679,686
679,691
679,725
679,754
680,681
680,729
680,833
681,977
682,855
683,734
684,687
684,688
684,689
684,692
685,690
685,691
685,729
686,693
686,694
687,695
688,696
689,734
690,896
691,697
691,701
692,756
692,757
693,698
693,699
694,700
695,702
695,703
695,704
695,705
695,706
695,707
695,708
695,709
695,710
695,721
696,711
696,712
696,713
696,714
696,715
696,716
696,717
696,718
696,719
697,792
698,720
698,737
699,720
701,833
702,727
702,791
703,787
704,967
705,796
706,760
707,845
708,724
708,726
709,728
710,725
711,941
712,790
712,813
713,805
713,941
714,729
714,760
716,722
716,723
716,728
718,900
719,729
721,736
721,763
722,797
723,730
724,730
725,734
726,735
726,736
726,738
726,825
727,730
727,731
727,732
727,740
728,733
728,739
728,759
729,732
729,737
729,798
730,741
730,742
730,743
730,744
730,752
731,860
732,940
733,855
734,746
734,747
734,748
734,749
734,750
734,753
735,896
736,829
737,745
737,751
738,751
738,779
739,755
740,754
741,760
742,757
742,759
743,970
744,870
745,756
746,761
746,846
747,756
748,758
750,815
750,817
753,762
753,763
753,826
754,760
754,830
755,882
756,764
756,765
756,766
756,767
756,768
756,769
756,770
756,779
756,840
757,940
758,957
759,772
760,773
760,774
760,775
760,776
760,777
760,778
760,839
761,834
761,924
761,925
762,958
763,771
764,782
765,781
767,931
767,1000
769,832
771,884
772,783
772,784
772,785
772,786
773,888
774,895
775,942
776,789
776,836
777,787
779,780
779,788
780,903
781,843
782,843
783,790
784,795
784,837
785,793
785,794
785,796
786,967
787,792
788,791
790,797
791,843
792,800
792,801
792,802
792,803
792,804
793,969
794,798
794,805
796,799
796,806
796,867
797,807
797,808
797,809
797,810
797,811
797,812
798,903
799,940
800,816
801,814
802,817
803,998
804,815
805,813
806,824
806,883
809,818
809,822
809,828
810,821
810,837
811,820
812,818
813,896
814,826
816,819
816,824
817,837
818,825
818,826
818,829
819,823
820,828
820,830
821,824
821,883
822,827
823,843
825,832
825,834
827,831
828,837
828,847
829,833
829,872
829,886
831,940
832,836
832,841
833,835
833,837
833,838
833,839
833,840
834,842
835,940
836,843
837,844
837,846
838,957
839,882
841,845
841,882
841,924
842,870
843,847
843,848
843,850
843,851
843,852
843,853
843,854
843,857
843,858
844,855
845,855
846,849
846,856
846,859
847,860
848,903
849,940
850,973
851,861
851,867
853,970
854,872
855,862
855,863
855,864
855,865
855,866
855,897
857,868
857,869
857,870
858,871
859,887
860,873
860,874
860,875
860,876
860,877
860,878
860,879
860,880
860,881
861,903
864,895
865,883
870,882
873,884
874,885
874,888
874,972
878,887
879,886
882,884
884,889
884,890
884,891
884,892
884,893
884,894
884,895
884,897
884,898
884,899
884,901
885,896
886,896
887,900
887,902
887,957
890,914
892,913
895,903
896,904
896,905
896,906
896,907
896,908
896,909
896,910
896,911
896,912
898,913
899,941
903,915
903,916
903,917
903,918
903,919
903,920
903,921
903,922
903,923
904,924
906,928
908,960
911,960
912,925
915,926
916,928
917,931
918,927
918,929
919,930
921,932
923,930
924,931
924,999
926,933
926,934
926,935
926,936
926,937
926,938
926,939
927,940
928,957
929,944
929,945
930,941
930,943
931,942
931,968
935,959
938,975
939,999
940,946
940,947
940,948
940,949
940,950
940,951
940,952
940,953
940,954
940,955
940,956
941,957
943,960
943,974
945,958
947,971
949,976
953,969
955,970
956,968
956,998
957,961
957,962
957,963
957,964
957,965
957,966
958,967
963,973
963,975
967,975
970,972
970,974
970,976
972,977
973,978
976,979
977,980
977,981
977,982
977,983
977,984
977,985
977,986
977,987
977,988
977,989
977,990
977,991
977,992
977,993
977,994
977,995
977,996
977,997
977,1000
978,998
979,999
<end>