<number of tasks>
100
<cycle time>
1000
<order strength>
0.595
<z_alpha>
1.960
<task times>
1 194 1000.6128
2 148 179.7174
3 111 206.3641
4 119 145.4999
5 223 2590.1467
6 221 1146.6422
7 133 431.8491
8 155 808.6223
9 317 3477.6060
10 33 54.2880
11 279 3900.9781
12 84 250.8848
13 215 2755.6446
14 62 167.9491
15 139 890.1470
16 247 765.9965
17 88 5.1928
18 31 22.5536
19 217 1219.9524
20 289 1107.8785
21 39 41.0883
22 143 190.5388
23 65 128.0711
24 210 739.6399
25 194 86.5472
26 206 2528.5970
27 47 50.5513
28 198 550.0760
29 120 108.4927
30 187 1950.5727
31 48 107.9823
32 182 1894.9191
33 67 268.2720
34 131 648.6134
35 116 775.6096
36 133 663.1768
37 81 238.8483
38 36 3.0198
39 126 357.2271
40 104 590.8274
41 22 4.7540
42 173 225.9520
43 155 85.6551
44 106 67.0084
45 166 722.1554
46 200 2024.4638
47 185 620.3023
48 189 1858.3170
49 172 1047.6729
50 184 947.3780
51 339 6524.1572
52 55 30.7772
53 253 3185.3307
54 151 349.6453
55 31 10.0577
56 106 17.6460
57 118 411.7776
58 177 1840.7581
59 228 1764.6843
60 251 3529.8595
61 400 9499.3649
62 140 845.7920
63 97 348.3722
64 104 251.1867
65 173 401.2958
66 139 827.9476
67 148 150.6828
68 134 462.6648
69 193 222.7900
70 287 768.2175
71 127 556.7254
72 117 447.3319
73 71 270.9062
74 29 31.5136
75 160 383.9405
76 52 32.9614
77 259 977.6596
78 125 217.4779
79 56 10.3332
80 105 264.5692
81 60 33.6728
82 207 48.8194
83 158 737.7722
84 28 46.5657
85 50 12.5379
86 249 3133.1576
87 65 8.8825
88 127 635.0855
89 129 621.7006
90 65 96.0954
91 352 1082.7820
92 92 455.1591
93 302 3452.4292
94 34 34.8664
95 286 451.6470
96 64 2.1152
97 41 15.8120
98 181 1522.8316
99 75 171.9890
100 167 400.6305
<precedence relations>
1,5
1,7
2,8
2,15
3,6
4,5
4,6
4,7
5,9
5,10
6,9
6,10
6,11
6,13
7,14
7,15
7,29
8,9
8,12
8,16
8,23
9,17
9,18
9,19
9,20
10,17
10,18
10,34
11,21
11,22
11,23
12,18
13,19
13,23
13,37
14,50
14,69
14,71
14,73
15,20
15,22
15,23
16,63
16,80
17,66
18,28
18,29
18,35
18,36
19,31
20,25
21,24
21,27
22,24
23,26
23,27
24,30
24,32
24,54
25,35
25,36
25,40
25,53
26,30
26,31
27,30
27,33
27,34
27,47
28,30
28,31
29,41
29,45
30,40
31,38
31,39
31,41
32,53
33,60
33,61
33,69
33,83
34,42
34,46
34,50
34,62
35,37
35,51
37,47
38,47
38,52
38,53
39,42
39,46
39,60
39,93
40,42
40,45
40,50
40,52
41,43
41,44
41,51
41,73
42,48
44,52
44,53
44,71
45,51
45,63
45,67
46,53
46,92
47,48
47,49
47,50
47,54
49,58
49,89
50,60
50,61
50,74
51,61
51,74
52,56
52,58
52,72
54,55
54,57
54,59
55,65
55,69
56,66
57,63
57,65
57,67
58,62
58,68
58,85
59,75
59,77
61,64
61,70
62,74
63,68
63,71
64,72
65,68
65,70
65,84
66,69
66,74
66,88
67,73
68,79
69,76
69,79
69,89
71,92
72,75
72,77
72,78
73,74
74,81
74,82
74,83
75,84
75,86
76,93
77,97
78,80
78,81
78,85
78,89
79,81
80,90
83,87
85,88
86,89
86,93
87,90
87,93
88,92
88,94
88,96
89,91
89,95
92,99
92,100
93,97
93,98
96,97
<end>