<number of tasks>
20
<cycle time>
1000
<order strength>
0.184
<z_alpha>
1.280
<task times>
1 676 20269.0625
2 312 23020.7179
3 515 38363.3969
4 398 11243.2407
5 628 34107.9280
6 386 642.4422
7 564 8059.7950
8 263 6307.4897
9 488 21394.7701
10 229 3753.7187
11 510 82.4454
12 488 43705.0940
13 534 16789.8985
14 395 38303.4043
15 701 21156.4462
16 425 45104.8082
17 571 29019.0066
18 609 12254.0629
19 489 35810.7795
20 387 18585.6981
<precedence relations>
1,10
2,7
3,6
5,8
5,9
7,11
7,12
9,13
11,15
12,14
13,16
13,17
15,18
15,19
17,20
<end>