<number of tasks>
100
<cycle time>
1000
<order strength>
0.599
<z_alpha>
1.960
<task times>
1 348 19877.1176
2 622 21395.7140
3 570 37329.6767
4 335 11567.1677
5 460 48856.4621
6 717 6891.3091
7 605 4085.9626
8 499 20247.6092
9 539 2140.9311
10 521 9439.1695
11 468 41392.2020
12 413 25537.0135
13 631 30474.8847
14 479 39177.0836
15 402 31093.4896
16 343 20048.7274
17 481 22492.6566
18 375 14735.7734
19 444 18645.8170
20 371 26942.5681
21 227 8077.8584
22 594 29122.4143
23 727 10085.8786
24 486 42335.3753
25 392 32397.4271
26 635 5651.8154
27 550 36149.7416
28 707 19795.2949
29 358 25725.9261
30 483 30791.9788
31 483 41671.2397
32 605 19332.7527
33 239 5686.4048
34 586 5388.3543
35 432 1818.9221
36 401 30372.6900
37 676 23418.5874
38 362 9987.9865
39 688 1573.6935
40 510 9825.1187
41 489 34176.8714
42 495 14018.6600
43 434 12590.9830
44 528 29710.4090
45 616 27278.2289
46 355 3259.7251
47 435 36403.8446
48 495 19574.6256
49 532 19493.3721
50 353 27869.2004
51 404 14766.7754
52 503 49548.0499
53 521 42641.9585
54 425 17079.0407
55 414 19473.6714
56 569 24840.3920
57 735 14943.9399
58 440 46430.2497
59 586 23132.0293
60 465 23567.5378
61 568 24278.8230
62 586 44338.0769
63 336 15505.3266
64 480 16375.1197
65 500 40983.7043
66 498 34171.1452
67 382 23865.9537
68 370 17814.8974
69 572 12828.5184
70 492 31162.3971
71 399 31937.5458
72 679 7838.9725
73 551 33471.8461
74 401 24481.8966
75 362 20010.9289
76 289 6487.2243
77 497 59676.6054
78 614 17050.3127
79 672 15695.7828
80 499 17235.1477
81 337 27807.1729
82 648 16466.2017
83 490 12091.3834
84 576 27504.9192
85 348 20951.5471
86 773 13246.7064
87 451 39529.9425
88 426 5617.7175
89 644 784.5302
90 526 36140.6639
91 437 7219.9376
92 267 17027.3135
93 495 11230.5038
94 344 3266.8879
95 349 29759.0927
96 551 45335.8653
97 478 8177.1806
98 599 16993.3036
99 474 53806.0833
100 588 25876.1319
<precedence relations>
1,32
2,69
3,15
4,15
5,15
6,8
6,10
6,12
7,9
7,11
7,13
8,72
9,32
10,15
11,15
12,13
12,14
12,16
12,34
13,72
14,69
15,17
15,18
15,19
15,20
15,21
15,22
15,23
15,24
16,89
17,88
18,32
19,32
20,26
20,30
21,27
22,31
22,35
23,25
23,28
24,29
25,72
26,88
27,32
28,32
29,32
29,45
30,32
30,34
30,35
31,32
31,33
31,34
31,45
32,36
32,37
32,38
32,39
32,40
32,41
32,42
32,43
32,44
33,70
34,50
34,58
34,69
35,45
36,46
36,47
37,61
37,70
38,46
38,65
39,57
40,48
40,49
40,68
40,70
41,54
41,69
42,47
43,61
44,46
44,53
44,55
44,66
45,47
46,69
47,50
47,51
47,52
47,53
48,53
50,55
51,55
51,56
52,54
52,55
52,56
53,54
54,72
55,57
55,63
55,86
56,57
56,58
56,59
56,60
56,61
57,65
57,67
58,64
58,87
59,63
59,79
60,68
60,70
60,72
61,62
61,67
61,71
62,69
63,88
64,66
64,67
64,68
65,70
65,71
66,72
67,72
68,88
69,73
69,74
69,75
69,76
69,77
71,78
71,79
72,80
72,81
72,82
72,83
72,84
73,86
73,91
77,85
78,87
78,90
79,87
80,89
80,90
80,91
83,91
84,88
85,88
86,89
87,91
88,92
88,93
88,94
88,95
88,96
88,97
88,98
88,99
88,100
<end>