<number of tasks>
20
<cycle time>
1000
<order strength>
0.500
<z_alpha>
1.280
<task times>
1 172 6672.8323
2 219 6587.9050
3 79 281.3876
4 213 809.9007
5 295 12741.9272
6 41 84.1363
7 154 3657.7383
8 43 407.0676
9 299 5160.6264
10 263 8342.5366
11 157 4777.2667
12 93 1577.6135
13 107 1034.8264
14 216 1409.1987
15 175 2082.2223
16 297 18474.4572
17 176 1624.6516
18 82 1517.8155
19 318 18593.3121
20 69 481.0316
<precedence relations>
1,5
2,10
3,6
3,7
4,7
4,8
4,11
5,11
5,14
6,9
6,11
7,14
8,9
8,10
9,12
9,13
9,14
9,16
10,17
11,13
11,15
12,17
12,19
13,17
13,19
14,17
16,18
16,19
17,20
<end>