<number of tasks>
100
<cycle time>
1000
<order strength>
0.897
<z_alpha>
1.960
<task times>
1 541 4924.9975
2 411 5843.3769
3 666 13308.5315
4 597 18624.9715
5 497 2847.4279
6 570 9837.3814
7 592 3778.2820
8 642 19580.1414
9 441 10947.5146
10 448 12205.2880
11 508 7958.9962
12 566 14116.0160
13 495 3102.0271
14 665 15173.9576
15 433 8852.5466
16 574 448.4939
17 640 18234.8452
18 329 320.9174
19 507 3895.5506
20 386 610.1395
21 627 3089.3761
22 706 12812.2815
23 409 9734.3190
24 471 1118.2886
25 296 890.7388
26 390 7340.2726
27 548 14340.1412
28 742 16694.9838
29 413 5217.0154
30 328 1162.1884
31 486 6520.8599
32 374 5915.2748
33 659 7183.2067
34 480 11044.7257
35 516 2318.9271
36 448 12376.8399
37 399 6877.9661
38 295 1206.4305
39 497 11382.2595
40 532 11214.4573
41 499 6062.0659
42 420 2400.8415
43 629 14880.3342
44 520 14291.6209
45 535 5921.2484
46 647 22370.2377
47 446 10528.7850
48 327 3331.5109
49 618 19725.5255
50 541 1976.1666
51 424 9611.2304
52 444 9651.2000
53 432 2612.2920
54 770 2774.0139
55 474 3601.8851
56 508 5729.0276
57 711 13913.6236
58 540 8856.8184
59 179 29.2670
60 480 13091.0818
61 367 4215.4537
62 586 16391.2567
63 551 5989.5049
64 569 7141.3774
65 593 3694.8534
66 408 6293.9890
67 532 17003.7279
68 284 1961.5096
69 378 5250.5665
70 553 3997.4080
71 484 14607.8777
72 505 998.4139
73 613 4189.3641
74 676 1455.6743
75 260 57.9019
76 395 461.8152
77 437 5757.4002
78 317 298.4792
79 428 6104.7394
80 790 1596.0743
81 541 17751.4700
82 436 296.0739
83 335 4711.3728
84 443 2342.8742
85 453 7924.3107
86 359 5643.4426
87 496 6220.7570
88 538 9905.9720
89 438 10832.7535
90 603 19376.2664
91 694 14536.1743
92 756 11224.0617
93 464 9044.8092
94 412 9818.8547
95 477 11406.6375
96 614 311.5602
97 205 2043.0030
98 396 478.0144
99 333 1390.4771
100 363 4192.9244
<precedence relations>
1,5
1,6
2,5
2,6
3,5
3,6
4,5
4,6
5,7
5,8
5,9
6,7
6,8
6,9
7,10
7,11
7,12
7,13
8,10
8,11
8,12
8,13
9,10
9,11
9,12
9,13
10,14
10,15
11,14
11,15
12,14
12,15
13,14
13,15
14,16
14,17
14,18
14,19
15,16
15,17
15,18
15,19
16,20
16,21
16,22
16,23
17,20
17,21
17,22
17,23
18,20
18,21
18,22
18,23
19,20
19,21
19,22
19,23
20,24
20,25
20,26
20,27
20,28
21,24
21,25
21,26
21,27
21,28
22,24
22,25
22,26
22,27
22,28
23,24
23,25
23,26
23,27
23,28
24,29
24,30
25,29
25,30
26,29
26,30
27,29
27,30
28,29
29,31
29,32
29,33
30,31
30,32
31,35
31,36
32,46
32,48
32,49
33,34
33,35
33,36
34,37
34,38
34,39
34,40
35,37
35,38
35,39
35,40
36,40
36,48
37,41
37,42
37,48
38,41
38,42
38,44
39,43
39,45
40,41
41,45
41,49
42,45
42,46
42,47
43,46
43,52
44,45
44,48
45,50
45,51
46,50
46,51
47,50
47,51
47,52
48,52
48,58
49,50
49,51
49,52
50,53
50,54
50,55
50,56
51,53
51,54
51,55
51,56
52,53
52,54
52,55
53,57
53,59
54,57
55,60
55,62
56,58
56,80
57,60
57,61
58,59
59,62
59,78
60,63
60,64
61,62
61,63
61,64
62,79
62,83
62,92
63,65
63,66
63,67
64,90
65,68
65,69
65,70
66,68
67,68
68,71
68,72
68,73
69,71
69,72
69,73
69,74
70,71
70,73
70,74
71,75
71,77
71,79
71,80
72,75
72,76
72,78
72,79
72,80
73,75
73,76
73,77
73,84
74,75
74,76
74,77
74,78
75,82
75,83
76,81
77,99
78,84
78,90
79,95
80,84
81,87
81,94
82,85
82,86
83,87
83,98
84,91
85,88
85,91
86,89
86,90
87,88
88,93
90,91
90,92
90,94
91,95
92,96
92,97
95,98
95,99
95,100
97,99
<end>