<number of tasks>
20
<cycle time>
1000
<order strength>
0.521
<z_alpha>
1.645
<task times>
1 555 49979.9349
2 802 6395.8373
3 478 33630.7577
4 551 6924.8509
5 548 23614.0512
6 587 13497.2674
7 391 31399.4739
8 327 12714.7258
9 529 26514.4269
10 476 8716.8885
11 510 52985.0265
12 225 1121.0040
13 510 38951.4611
14 456 48189.4883
15 384 9183.8388
16 191 4666.7217
17 397 6525.7275
18 470 15054.5103
19 602 15832.5942
20 538 19614.6380
<precedence relations>
1,13
2,5
2,6
3,4
3,5
3,7
4,13
5,9
6,8
6,15
7,20
8,13
9,10
9,11
9,12
10,13
11,13
11,15
12,14
13,16
13,17
13,18
13,19
13,20
<end>