<number of tasks>
100
<cycle time>
1000
<order strength>
0.199
<z_alpha>
1.280
<task times>
1 91 414.7587
2 464 10857.1959
3 418 1284.5634
4 191 2898.2989
5 304 20680.8067
6 187 2951.5280
7 276 6218.6179
8 89 1150.0334
9 208 2950.8975
10 49 402.4942
11 32 164.5739
12 444 32365.9648
13 187 548.6290
14 339 16208.7735
15 243 5876.9763
16 98 1155.6564
17 199 4749.6800
18 39 332.8060
19 238 863.7730
20 95 469.5908
21 77 39.5082
22 28 22.0610
23 109 1289.1268
24 350 13226.8948
25 276 14419.7513
26 346 26383.2293
27 185 5925.7387
28 228 10709.3442
29 100 416.4983
30 107 2262.3918
31 273 9169.9732
32 516 42765.1685
33 381 27624.3285
34 256 11867.7879
35 193 1559.7479
36 317 9154.7647
37 142 839.0353
38 374 30742.9793
39 416 41713.4606
40 134 1071.5548
41 571 32406.1650
42 311 14693.9561
43 102 2572.8233
44 263 14478.5694
45 46 60.3188
46 78 512.0360
47 25 6.3492
48 232 8911.1769
49 234 12951.3543
50 437 26490.4258
51 317 11750.6216
52 44 250.9414
53 312 11777.5436
54 440 46808.3878
55 237 2384.8083
56 56 577.4149
57 43 449.6351
58 31 123.8741
59 106 277.6640
60 136 989.2753
61 233 10963.3159
62 171 6628.6116
63 38 74.4654
64 90 328.2009
65 139 4755.5003
66 131 4277.5746
67 77 102.0912
68 359 21299.9403
69 232 8544.2151
70 31 113.7733
71 492 44687.3523
72 24 129.6116
73 135 2409.6637
74 171 978.6880
75 177 3571.2739
76 526 54231.2258
77 51 370.8627
78 316 11750.3575
79 285 9129.6525
80 61 765.4865
81 244 7467.6920
82 405 8080.3909
83 111 767.5019
84 112 1976.1525
85 177 6526.3825
86 71 1003.8188
87 36 57.4639
88 326 2466.9364
89 574 26669.8505
90 251 4521.0192
91 120 801.5771
92 176 3573.9912
93 446 24631.7375
94 448 43744.6007
95 38 148.6975
96 192 44.4552
97 213 7262.3483
98 136 4355.4154
99 88 1399.1918
100 71 549.4939
<precedence relations>
1,15
1,18
2,13
2,17
2,19
2,44
3,16
4,37
4,46
5,14
5,35
6,74
6,76
7,34
7,51
7,96
8,55
8,92
9,12
9,13
9,37
10,11
11,21
12,36
13,24
13,41
14,64
15,20
15,23
16,22
17,45
17,52
19,27
19,46
20,25
20,26
20,28
20,30
21,24
21,29
23,27
23,31
25,36
25,38
25,41
26,32
27,37
27,59
27,79
29,33
29,35
29,40
30,34
30,76
31,33
31,39
32,44
32,45
33,49
33,89
34,50
34,81
35,45
35,46
36,74
38,42
38,47
38,74
40,43
40,48
41,75
41,78
42,52
42,53
42,55
43,93
44,51
44,59
45,54
45,60
45,72
46,56
48,58
48,61
49,51
49,57
52,77
54,63
56,65
56,66
61,62
61,64
61,67
62,68
62,70
65,73
66,69
66,72
66,74
67,71
70,76
70,79
71,78
71,80
72,77
72,81
73,75
75,82
76,83
76,84
76,85
76,87
76,90
77,88
77,89
79,83
81,84
81,86
83,93
83,94
84,91
84,100
85,97
85,98
86,95
88,92
88,96
89,99
<end>