<number of tasks>
100
<cycle time>
1000
<order strength>
0.596
<z_alpha>
1.645
<task times>
1 134 950.0572
2 155 1432.8652
3 302 543.9896
4 205 380.6615
5 172 1419.8470
6 131 765.9833
7 98 437.2693
8 229 1998.0696
9 98 298.5346
10 256 2687.6097
11 282 2890.1517
12 64 0.3692
13 204 2503.3214
14 282 75.8218
15 68 119.1699
16 279 2508.2143
17 157 380.2731
18 74 199.9758
19 91 10.8780
20 78 366.8139
21 70 25.1969
22 184 2036.9647
23 224 2884.5137
24 289 3074.6801
25 75 4.1393
26 86 426.6498
27 51 51.9201
28 135 270.4570
29 128 724.3869
30 31 30.7001
31 289 646.8171
32 101 512.1124
33 111 486.5919
34 235 2643.3099
35 149 957.1599
36 195 2158.7229
37 180 1304.8712
38 81 270.0283
39 197 1654.3722
40 129 754.0532
41 101 196.2711
42 55 170.3864
43 175 749.6361
44 121 818.7845
45 175 159.2948
46 211 1464.3497
47 62 125.3440
48 38 18.8359
49 45 56.9207
50 122 545.1705
51 203 638.0110
52 57 74.2108
53 166 425.2940
54 206 631.1908
55 231 805.9895
56 111 625.7710
57 237 1502.2112
58 219 1791.4945
59 101 179.4812
60 114 343.7267
61 100 197.5538
62 224 325.4122
63 206 1752.1325
64 41 29.3043
65 32 26.3401
66 167 774.0487
67 57 98.1474
68 32 31.6942
69 104 319.9546
70 31 47.6894
71 77 189.0712
72 109 355.8896
73 140 128.1537
74 116 352.5530
75 183 1880.9115
76 156 411.8416
77 117 101.2331
78 42 3.7815
79 226 1814.8963
80 141 175.3165
81 297 1040.7993
82 96 51.1798
83 91 156.5089
84 248 3646.5706
85 37 42.1853
86 139 1041.2867
87 50 81.9590
88 100 28.3223
89 54 179.5970
90 108 456.5886
91 120 639.3517
92 125 264.1325
93 176 494.2339
94 63 97.8563
95 171 352.4019
96 289 2738.7896
97 179 602.6932
98 71 136.2789
99 168 870.5712
100 49 51.6997
<precedence relations>
1,3
1,4
1,5
1,7
2,6
2,35
3,8
4,10
4,19
4,21
4,40
5,8
5,9
5,12
6,11
6,46
7,9
7,11
8,13
8,14
8,16
8,17
9,19
9,23
9,50
10,31
10,36
11,15
11,27
12,13
12,14
12,15
12,18
13,23
13,45
14,63
15,32
15,34
15,48
16,20
17,20
17,22
17,35
17,45
18,20
18,21
18,22
19,29
19,38
19,42
19,46
20,23
20,39
20,40
21,23
21,25
21,26
21,27
21,28
21,29
22,23
22,24
22,25
22,32
22,36
23,30
23,31
24,33
24,48
25,47
26,32
26,34
26,36
27,41
27,52
28,30
28,35
28,52
29,30
29,51
29,53
29,57
30,37
30,41
30,59
31,37
31,38
31,44
32,39
32,80
32,100
33,40
33,42
33,43
34,38
34,43
34,45
35,46
35,51
36,37
36,38
36,39
36,42
36,49
36,56
37,47
37,61
37,84
38,51
38,52
39,81
40,49
40,72
40,81
41,48
41,60
42,53
43,50
43,52
43,66
45,56
45,57
45,78
45,84
45,86
46,65
47,72
48,54
48,55
48,83
49,74
49,93
50,55
50,56
51,54
51,58
51,59
51,60
51,62
52,54
52,57
52,81
53,55
53,58
53,59
54,64
54,75
54,88
55,63
55,72
57,62
58,63
58,65
58,71
59,88
59,89
60,61
60,65
60,92
61,66
61,71
61,80
62,67
63,68
63,73
65,66
65,69
65,70
65,72
66,75
67,75
67,79
67,82
67,91
68,74
68,76
68,77
68,89
69,81
70,76
70,83
70,86
70,87
71,81
71,83
71,90
72,74
72,80
72,82
73,74
73,75
73,78
76,84
77,84
77,93
78,85
79,89
80,86
82,88
82,93
84,91
84,96
85,87
85,88
85,89
85,90
85,92
86,90
87,93
88,94
88,95
91,95
92,99
93,100
94,96
94,97
94,98
95,99
<end>