<number of tasks>
1000
<cycle time>
1000
<order strength>
0.895
<z_alpha>
1.645
<task times>
1 187 264.7026
2 210 2032.5286
3 152 262.7510
4 257 2390.9769
5 92 72.5742
6 220 1616.3401
7 188 1354.9024
8 187 362.0620
9 188 1571.2729
10 181 17.2673
11 126 11.8883
12 119 261.5985
13 399 7987.4497
14 113 410.6043
15 132 766.7171
16 58 68.8417
17 85 336.3824
18 255 1037.8136
19 292 1753.3733
20 67 271.1896
21 224 1689.8566
22 72 282.6950
23 141 213.7954
24 120 286.4566
25 190 53.2737
26 90 373.1119
27 492 8103.6971
28 557 15390.0215
29 317 6233.4293
30 322 3906.6279
31 70 102.7746
32 107 168.3099
33 127 138.8518
34 239 1833.4101
35 124 809.3917
36 424 353.4911
37 189 657.0573
38 373 7948.6026
39 390 2006.6317
40 346 1563.7400
41 36 57.5051
42 96 58.2939
43 86 458.4769
44 138 606.6901
45 226 375.4800
46 95 459.9781
47 160 198.9658
48 68 146.6377
49 62 138.9148
50 92 136.4616
51 235 370.0062
52 244 3031.1948
53 468 370.5862
54 66 118.2750
55 112 628.6493
56 543 8896.6786
57 228 2321.2137
58 235 2653.8224
59 526 15989.5556
60 271 4167.7836
61 77 332.4517
62 168 702.8071
63 21 0.9367
64 452 4334.5052
65 45 30.3820
66 52 154.7059
67 374 7832.2023
68 51 51.5129
69 61 89.9471
70 154 330.4853
71 263 2529.2101
72 551 3977.5691
73 261 3090.7217
74 178 937.4712
75 47 32.9630
76 73 5.9637
77 153 280.5861
78 198 2251.0838
79 204 1847.2076
80 104 32.2250
81 78 220.1217
82 453 11513.8703
83 40 93.8515
84 79 242.2659
85 225 311.1834
86 168 53.7839
87 87 348.6907
88 271 1834.9173
89 40 91.7033
90 41 69.4570
91 227 2962.5596
92 109 640.1903
93 260 1119.7062
94 342 6053.8896
95 65 118.3660
96 134 675.4451
97 249 1885.9976
98 142 225.7500
99 335 1271.1383
100 340 2356.6377
101 25 21.7335
102 31 34.6953
103 327 655.0527
104 21 9.0858
105 126 648.6306
106 82 370.6833
107 292 3194.3106
108 235 3372.2449
109 469 5650.6205
110 94 20.0608
111 117 748.0551
112 155 847.6072
113 507 9422.2922
114 282 1606.2580
115 134 896.2231
116 493 1545.1146
117 522 6156.7047
118 322 604.3225
119 380 3818.6525
120 460 5869.5078
121 215 606.5059
122 531 7259.1597
123 68 210.2544
124 38 83.2301
125 58 124.6028
126 145 1127.5348
127 210 1454.1517
128 244 1691.7962
129 54 39.3909
130 42 0.5249
131 83 390.3152
132 194 493.6847
133 62 161.4774
134 147 253.2252
135 554 4785.8927
136 131 524.2786
137 175 823.4628
138 166 741.6051
139 99 608.5350
140 185 1972.8692
141 35 59.2093
142 416 10767.3815
143 317 3837.5024
144 485 436.2236
145 85 35.6491
146 285 768.9877
147 265 3888.5139
148 49 147.7911
149 72 318.0730
150 106 208.5131
151 517 15516.0026
152 182 1387.7621
153 23 2.8006
154 149 738.2921
155 140 1033.4702
156 371 1604.0755
157 263 4002.3548
158 229 2474.7102
159 392 3110.9487
160 242 2515.5378
161 108 150.0203
162 536 17104.4276
163 77 207.5212
164 393 8726.8875
165 373 2479.2166
166 45 60.5792
167 37 70.8508
168 296 2275.2007
169 140 983.6663
170 324 1282.2084
171 175 338.3301
172 128 807.3104
173 331 3138.7534
174 377 5087.0196
175 419 1428.5754
176 239 277.2265
177 233 40.0672
178 201 1136.6375
179 106 591.4889
180 176 1295.6104
181 53 128.0001
182 36 52.5058
183 506 155.2962
184 149 190.6867
185 28 14.5369
186 158 1172.1489
187 207 1491.8502
188 517 2140.5852
189 156 1430.9050
190 153 160.7532
191 190 612.2789
192 280 2509.0907
193 266 1172.3962
194 161 1587.3814
195 106 394.8992
196 258 63.5248
197 48 129.9441
198 483 3539.6341
199 169 1434.0307
200 182 1738.3474
201 489 257.9992
202 145 613.4519
203 523 13783.8607
204 254 2015.1138
205 497 2856.4931
206 82 362.4444
207 127 107.7478
208 103 473.3047
209 194 1754.3800
210 128 785.3473
211 95 188.4393
212 214 1308.0215
213 28 35.9657
214 41 9.4795
215 159 508.5480
216 292 2350.1780
217 163 1535.7633
218 91 270.4067
219 324 6390.5210
220 187 122.7036
221 520 10585.3847
222 493 9977.5899
223 85 227.6772
224 532 13994.2889
225 169 210.2955
226 26 23.1476
227 103 305.3278
228 229 1514.7273
229 321 2987.6591
230 45 35.9211
231 207 1407.9456
232 458 1689.7333
233 497 3644.8562
234 161 729.1219
235 101 133.6442
236 77 353.7764
237 466 8810.1852
238 36 63.6824
239 270 4540.3462
240 195 646.0529
241 21 17.2627
242 377 337.8406
243 71 288.3716
244 197 1930.6478
245 284 4488.4461
246 54 61.4016
247 147 533.1331
248 154 49.8708
249 509 9857.0740
250 44 114.6992
251 20 10.5158
252 242 3210.2179
253 480 4441.6420
254 382 5406.0663
255 227 2781.0974
256 237 1180.9583
257 91 203.6262
258 38 17.0414
259 579 15382.0625
260 475 2854.8628
261 259 3527.2742
262 350 2003.5659
263 240 1922.6519
264 314 4757.7712
265 33 32.5172
266 145 530.5597
267 313 2500.0429
268 275 1370.2679
269 521 10935.6608
270 444 8950.7068
271 301 350.0668
272 182 1503.0357
273 165 1385.9795
274 391 2717.6685
275 295 5057.5531
276 219 2373.3583
277 423 3449.1168
278 195 2080.9446
279 248 2785.0779
280 208 1643.1187
281 264 4175.3652
282 203 997.4582
283 225 803.5139
284 45 84.4699
285 55 70.7644
286 92 237.8996
287 37 23.3237
288 59 10.7812
289 280 4671.0081
290 236 2292.0952
291 54 8.6673
292 38 78.5259
293 53 78.1645
294 548 394.5543
295 274 168.7232
296 141 1214.2101
297 378 3144.9528
298 315 3796.0110
299 112 201.6948
300 68 268.5202
301 189 717.5598
302 215 2619.4875
303 170 1654.4997
304 182 1948.2872
305 78 163.3592
306 432 6979.9566
307 219 511.2484
308 200 302.9116
309 235 1590.7443
310 139 1111.3153
311 549 7726.2782
312 202 1135.2575
313 116 107.9081
314 130 386.4834
315 130 141.0815
316 429 140.0906
317 538 4139.9343
318 30 54.5925
319 559 1412.9841
320 257 2886.1389
321 126 706.2807
322 58 36.9619
323 81 175.3460
324 48 143.3873
325 142 280.6131
326 45 32.0871
327 53 106.5716
328 185 874.7901
329 129 206.8920
330 262 288.9306
331 122 351.6620
332 327 3337.8884
333 23 26.1056
334 121 666.1258
335 530 14744.3913
336 60 209.3656
337 67 175.3064
338 187 341.4547
339 114 262.8660
340 41 73.7570
341 56 121.8667
342 91 26.4825
343 261 3758.9917
344 292 2473.2500
345 208 489.2922
346 53 60.4624
347 204 2235.0752
348 110 590.8456
349 302 3140.6142
350 159 428.7912
351 281 3316.9437
352 232 1751.4165
353 95 36.8963
354 287 2386.5854
355 160 1456.9113
356 27 28.9962
357 146 483.0236
358 143 955.3869
359 372 3498.0157
360 425 4194.4743
361 69 40.0243
362 362 4646.8001
363 37 44.0260
364 118 357.8009
365 199 224.7856
366 81 352.6693
367 491 11925.3726
368 67 276.4559
369 168 1214.7001
370 213 383.8503
371 451 758.5565
372 489 12096.5220
373 185 448.9576
374 108 212.8361
375 94 147.3048
376 126 138.7300
377 248 694.0569
378 82 341.2766
379 247 2780.3904
380 151 914.6019
381 195 2006.9947
382 532 5011.7315
383 234 613.3585
384 527 1763.1053
385 250 2106.2732
386 58 21.5385
387 301 739.0701
388 194 1646.1856
389 217 500.1949
390 222 3045.8437
391 224 442.8616
392 133 496.4224
393 36 1.2590
394 482 7378.2505
395 122 749.9084
396 338 4191.5610
397 38 53.8038
398 240 3446.0195
399 133 750.5449
400 26 21.5496
401 599 2735.8340
402 222 856.0192
403 198 2446.8072
404 103 485.0524
405 36 64.5195
406 460 2923.2528
407 514 2861.3415
408 148 739.0704
409 284 1185.9902
410 129 583.1112
411 178 286.2720
412 285 2906.3776
413 491 11773.4418
414 21 9.2970
415 86 274.8064
416 199 1427.5859
417 362 2548.3920
418 158 617.4061
419 27 12.5632
420 254 1918.0672
421 323 1779.2424
422 188 542.2791
423 120 398.2223
424 522 402.8530
425 46 23.2563
426 249 1323.6201
427 438 10977.7143
428 190 1230.1326
429 81 396.4305
430 429 6934.7244
431 167 794.4827
432 212 901.2824
433 23 31.3490
434 255 3986.8288
435 93 21.4270
436 52 108.9041
437 527 8727.1181
438 69 264.4904
439 383 8361.0789
440 199 1470.0396
441 141 872.9006
442 100 33.9338
443 157 1330.3401
444 484 4079.0994
445 529 9238.4840
446 156 424.4630
447 143 1251.9866
448 50 121.2561
449 28 12.6245
450 145 803.3736
451 166 1169.2134
452 279 2257.0946
453 285 4818.2834
454 73 133.9950
455 338 1950.1929
456 129 299.3534
457 134 304.2335
458 39 94.4623
459 139 357.5515
460 103 23.2749
461 282 456.3551
462 584 10970.0711
463 162 596.9692
464 205 2018.5000
465 43 77.5194
466 108 483.0665
467 132 884.3986
468 109 663.2847
469 505 15600.0356
470 133 1060.1216
471 470 6808.0168
472 104 126.5817
473 146 619.4391
474 158 32.6355
475 202 2279.1382
476 145 1107.5858
477 22 0.2446
478 133 885.8838
479 60 30.8257
480 316 3177.1324
481 214 842.6375
482 223 1022.3180
483 538 14073.8747
484 456 10480.4314
485 166 1431.4248
486 186 716.1738
487 209 1873.1091
488 237 1125.0633
489 539 10813.9324
490 28 13.5390
491 212 483.8003
492 48 106.5557
493 245 1765.8973
494 490 10910.7192
495 402 3066.1107
496 345 756.4714
497 252 1199.1768
498 197 392.6847
499 165 852.7315
500 185 309.0467
501 243 1569.8032
502 20 15.4346
503 91 347.0977
504 198 656.9513
505 46 43.7201
506 69 121.9783
507 77 76.1530
508 170 348.0785
509 173 50.1101
510 331 4218.6937
511 87 144.4208
512 352 5317.4862
513 83 372.3787
514 210 1894.1111
515 218 982.6651
516 163 852.1742
517 207 918.0162
518 213 913.2991
519 37 26.7855
520 187 408.7120
521 184 1187.3433
522 332 3138.7882
523 42 71.3338
524 62 84.3017
525 235 1025.2128
526 260 3438.8978
527 27 37.0716
528 158 1423.2164
529 558 5343.6827
530 32 22.3073
531 104 645.6238
532 462 1915.4146
533 140 1039.7783
534 245 2813.2339
535 509 8836.0996
536 198 1656.1167
537 263 1379.3091
538 203 1265.4992
539 522 14867.6986
540 47 129.4586
541 120 509.5886
542 448 9210.4173
543 497 11784.8811
544 151 211.0374
545 254 1004.5438
546 490 5083.9376
547 210 1244.2905
548 23 26.8128
549 547 13226.4262
550 159 550.7348
551 126 902.4271
552 128 605.9710
553 101 600.2012
554 237 989.8235
555 348 6025.2194
556 302 4867.5602
557 182 1535.1022
558 32 54.9832
559 296 1942.5087
560 215 2626.5654
561 449 6564.9060
562 476 10105.0391
563 86 369.0049
564 461 9652.7922
565 491 85.2964
566 453 8376.1637
567 250 780.0890
568 281 4044.9328
569 224 2709.3141
570 243 2748.1932
571 221 466.0110
572 310 3822.2103
573 84 217.4384
574 481 2767.6358
575 582 10235.4263
576 173 644.7277
577 190 2141.1238
578 461 12719.9437
579 138 466.6562
580 174 230.4160
581 182 865.3984
582 185 109.9152
583 76 253.1542
584 491 1584.1065
585 175 700.6509
586 200 408.3318
587 226 1358.8115
588 65 46.5677
589 82 321.3264
590 123 794.8754
591 186 723.6206
592 132 962.5591
593 169 419.6096
594 306 3766.5662
595 141 951.6613
596 253 2229.7684
597 89 67.9382
598 270 967.4081
599 84 191.4021
600 58 71.8266
601 520 11730.6749
602 571 13003.6440
603 278 1350.2319
604 143 542.0756
605 51 23.8194
606 94 413.3347
607 591 7768.9304
608 89 426.0769
609 274 4289.4353
610 114 397.1356
611 177 1314.0855
612 314 150.5423
613 84 206.9216
614 494 12011.5142
615 241 3255.4930
616 122 316.7215
617 194 1632.7270
618 263 2534.2014
619 445 6534.9549
620 219 1122.3309
621 84 46.7767
622 468 13405.8254
623 133 705.5372
624 155 265.0098
625 310 2921.6930
626 52 51.9514
627 526 10.3117
628 163 1203.1583
629 235 2819.5693
630 195 907.5049
631 159 443.1779
632 102 250.9998
633 228 2087.1126
634 300 2118.1977
635 74 76.1446
636 120 663.8975
637 90 1.2609
638 134 408.1738
639 294 128.7542
640 572 15227.5791
641 221 2962.9013
642 184 1089.6521
643 240 215.9567
644 45 38.9949
645 66 256.9547
646 351 1166.1131
647 183 318.0036
648 79 45.9775
649 205 1766.0754
650 173 391.9668
651 128 534.4855
652 299 1569.5420
653 50 104.7386
654 124 905.2258
655 102 590.5971
656 86 219.9758
657 161 17.0833
658 87 329.0406
659 101 389.1650
660 317 3294.2437
661 69 209.5370
662 165 22.0138
663 563 4273.2448
664 527 12525.4282
665 569 14030.6527
666 314 504.5105
667 162 1371.9045
668 136 571.9276
669 566 10099.4957
670 84 359.3850
671 53 117.1026
672 219 1449.4274
673 122 451.1106
674 79 230.3378
675 211 2551.6154
676 179 1532.6709
677 39 91.2584
678 571 19731.2205
679 101 9.1008
680 527 8179.0448
681 97 518.5474
682 475 7255.5330
683 154 187.3735
684 235 2359.7927
685 34 62.3055
686 43 9.6480
687 422 10804.9565
688 509 5418.6381
689 137 1153.2044
690 177 421.4428
691 188 1731.0330
692 43 113.4616
693 255 2139.8018
694 104 323.6623
695 59 209.9370
696 151 347.7061
697 198 2334.0393
698 502 9190.6875
699 52 86.6567
700 146 200.2336
701 290 2567.4719
702 104 326.5077
703 39 61.8797
704 180 1807.0955
705 205 591.5324
706 55 62.0870
707 228 1604.3289
708 235 2512.6519
709 38 53.6669
710 54 54.1766
711 27 3.0123
712 240 3527.1866
713 52 100.5595
714 330 3319.9140
715 93 369.5828
716 39 8.6201
717 499 15407.2941
718 319 2895.3117
719 475 6881.9690
720 149 1108.0279
721 23 29.2320
722 123 631.3379
723 232 598.3875
724 510 15814.0447
725 434 294.1542
726 90 236.2146
727 421 10784.4434
728 87 405.7910
729 68 43.5045
730 118 517.8763
731 612 14581.4503
732 177 1180.9674
733 93 183.3349
734 89 92.7587
735 21 15.9556
736 338 4437.5727
737 492 9530.9457
738 53 93.6040
739 143 633.3945
740 321 2364.2991
741 94 324.3799
742 306 5602.9045
743 515 2719.5471
744 507 4514.6309
745 57 66.7120
746 527 17193.3705
747 137 462.0804
748 261 1562.5809
749 33 26.8853
750 248 3588.1080
751 220 747.8052
752 434 1851.1499
753 398 5905.1248
754 61 207.0254
755 259 790.4948
756 105 443.8632
757 20 13.9185
758 213 381.9956
759 91 404.3023
760 263 2260.8984
761 77 152.6058
762 55 70.5248
763 237 1313.9288
764 400 4727.3165
765 102 609.0917
766 250 2364.8326
767 186 386.1275
768 121 863.1085
769 186 866.3111
770 112 23.0055
771 161 809.7832
772 57 163.5758
773 248 2224.4845
774 46 2.7621
775 65 262.1439
776 548 17310.2146
777 66 39.5873
778 503 1586.6847
779 101 420.9129
780 121 720.3289
781 176 1022.6823
782 540 5290.4106
783 110 17.5488
784 59 163.8604
785 531 15456.6270
786 23 22.2172
787 279 3228.2976
788 75 87.3699
789 530 10473.4702
790 423 10623.0779
791 144 1214.4832
792 301 2868.7321
793 43 105.5215
794 180 251.1291
795 99 48.8803
796 219 2719.2000
797 176 923.0440
798 103 469.2274
799 465 2377.1894
800 104 450.9658
801 475 6199.6043
802 269 3485.3975
803 578 8415.3380
804 24 6.7402
805 29 28.1828
806 66 192.5882
807 342 4540.4545
808 430 9401.0582
809 50 73.3486
810 320 763.7677
811 59 43.1707
812 66 12.8338
813 482 13366.7458
814 74 215.5714
815 45 74.6816
816 203 476.8989
817 295 4026.7366
818 117 94.8063
819 40 2.9224
820 588 18139.3768
821 215 1259.2837
822 449 3422.4894
823 306 5658.5606
824 465 4839.7417
825 168 306.5594
826 131 391.1875
827 117 838.3464
828 159 1569.4237
829 90 396.6992
830 436 10760.0799
831 186 1650.5336
832 196 1150.4249
833 44 54.4445
834 44 106.9464
835 66 241.4279
836 159 1485.6169
837 93 362.7177
838 546 12068.6796
839 230 2248.6027
840 449 7051.7234
841 139 1068.9240
842 296 1539.1191
843 66 108.6828
844 107 236.1488
845 235 1410.4966
846 114 629.6680
847 234 2515.0699
848 36 34.3526
849 471 11483.1644
850 279 1309.0675
851 182 1196.8025
852 249 3163.9166
853 95 218.6514
854 57 180.7135
855 159 1507.0049
856 312 1357.7524
857 99 49.4260
858 184 1096.8307
859 492 8743.8624
860 519 10458.6699
861 203 2188.3692
862 435 6005.2845
863 444 4465.9519
864 182 1644.2034
865 250 3196.4093
866 196 717.3645
867 33 41.2387
868 143 846.1077
869 499 3118.4110
870 145 1157.4934
871 445 9307.9745
872 543 14510.4631
873 111 174.9102
874 37 5.2740
875 120 30.6031
876 125 440.2289
877 102 181.6267
878 171 384.8599
879 161 1175.5385
880 48 99.2968
881 212 415.4797
882 143 1098.5397
883 52 44.9649
884 503 6453.1398
885 208 1201.7436
886 344 6472.5222
887 509 12801.6390
888 61 41.2637
889 502 12414.9073
890 40 77.9017
891 98 6.4633
892 160 442.8684
893 87 216.6554
894 511 13096.6633
895 487 13849.3984
896 70 144.7833
897 353 2395.8635
898 36 73.8941
899 301 764.2217
900 109 36.9106
901 194 643.1144
902 128 261.1060
903 453 5643.5895
904 289 13.1834
905 172 1391.5605
906 197 2239.0962
907 153 1104.9734
908 277 4120.0928
909 130 485.9932
910 441 5750.3769
911 122 432.3293
912 561 7744.5487
913 150 1022.1908
914 490 1204.8111
915 528 15530.5519
916 346 4574.3208
917 354 972.0658
918 107 35.1198
919 45 107.9030
920 105 572.4579
921 291 1953.7414
922 324 5389.0805
923 469 9741.7695
924 75 9.2544
925 180 438.3168
926 192 2235.8520
927 38 19.0284
928 77 338.4132
929 70 100.1071
930 401 2367.9899
931 24 32.9820
932 193 811.6594
933 71 73.2316
934 176 929.2363
935 463 8816.0386
936 218 174.1962
937 179 288.5988
938 251 3626.2492
939 224 1636.8451
940 454 1522.8462
941 209 1718.1271
942 325 4869.0963
943 184 64.7675
944 276 3952.0732
945 276 3888.0465
946 464 5013.5587
947 554 3314.1068
948 388 2921.5087
949 141 841.5456
950 234 2695.6392
951 292 2687.7896
952 299 548.9221
953 468 4669.1222
954 231 1578.3988
955 210 2432.7581
956 88 240.4451
957 37 35.8485
958 179 1088.5497
959 119 155.6578
960 48 68.0704
961 130 1045.0200
962 73 26.9200
963 166 934.1894
964 34 15.9243
965 410 4401.9775
966 214 1062.9412
967 460 13122.3861
968 497 5772.1319
969 395 1412.7614
970 187 89.0468
971 102 357.9908
972 387 3219.4161
973 245 1437.6778
974 509 1488.8046
975 178 1520.9859
976 45 57.8213
977 117 315.4406
978 173 248.7937
979 136 122.5349
980 289 5048.8238
981 271 1507.3707
982 186 1820.3769
983 491 14257.5908
984 194 176.5139
985 30 9.0201
986 157 129.2969
987 117 738.3840
988 277 2786.0953
989 373 5152.0625
990 182 1027.4963
991 156 303.3927
992 541 14011.6969
993 445 2142.4272
994 73 89.3871
995 224 2360.6418
996 139 818.6634
997 153 501.9336
998 543 8861.9596
999 193 1867.6822
1000 319 3176.5359
<precedence relations>
1,15
2,9
2,10
2,11
2,12
2,13
2,14
2,15
2,16
3,9
3,13
3,15
3,16
4,9
4,10
4,11
4,12
5,9
5,12
5,23
6,9
6,14
7,9
7,10
8,9
8,10
8,11
8,12
8,13
8,14
8,15
8,16
9,17
9,22
10,17
10,18
10,19
10,20
10,21
10,22
10,23
11,17
11,18
11,19
11,20
11,21
11,22
11,23
12,17
12,18
12,19
12,21
13,17
13,18
13,19
13,20
13,23
14,17
14,18
14,19
14,20
14,21
14,22
14,23
15,17
15,18
15,21
15,22
15,23
16,17
16,18
16,19
16,20
16,21
16,22
16,23
17,24
17,25
17,26
18,24
18,25
18,26
19,24
19,25
19,26
20,24
20,25
20,26
21,24
21,25
21,26
22,24
22,25
22,26
23,24
23,25
23,26
24,27
24,28
24,29
24,30
25,27
26,27
26,28
26,29
27,31
27,32
27,35
27,38
28,31
28,33
28,43
28,44
29,31
29,32
29,33
29,34
29,35
29,36
29,37
29,38
30,35
30,38
31,39
31,71
32,39
32,41
32,62
32,63
33,39
33,40
33,41
33,45
34,39
34,40
34,41
34,42
34,50
35,39
35,40
35,41
35,42
35,43
35,44
35,45
36,39
36,42
36,69
36,71
37,39
37,40
37,43
37,45
38,39
38,40
38,41
38,42
38,43
39,51
40,46
40,47
40,48
40,49
40,52
40,53
41,74
41,88
42,75
42,80
43,50
43,80
44,46
44,47
44,48
44,49
45,46
45,47
45,48
45,49
45,50
45,51
45,52
46,54
46,55
46,56
46,57
46,61
47,54
47,56
48,54
48,55
48,56
48,62
48,63
49,54
49,57
50,54
50,83
51,54
51,55
51,56
51,58
52,54
52,55
53,54
53,55
53,59
53,60
54,70
54,85
55,67
55,72
56,64
56,65
56,66
57,64
57,65
57,79
58,64
58,65
58,66
58,67
58,68
59,64
59,65
59,66
59,67
59,68
59,69
59,70
59,71
59,72
60,64
60,65
60,66
60,67
60,71
61,160
62,64
62,65
63,315
63,317
64,222
65,73
65,74
65,80
66,73
66,74
66,75
66,79
66,85
67,73
67,74
67,75
67,76
67,77
67,78
68,73
68,74
68,75
68,76
68,85
69,73
69,74
69,77
70,73
70,74
70,75
70,76
71,73
71,74
71,75
71,78
72,74
73,82
73,88
74,81
74,82
75,81
75,84
75,86
75,87
75,88
76,122
77,81
77,82
77,83
77,84
77,88
78,81
78,83
78,85
78,88
79,81
79,88
80,81
80,82
80,83
80,84
80,85
80,86
80,87
80,88
81,89
81,90
81,91
81,92
82,89
82,90
82,91
82,92
83,89
83,90
83,91
84,99
84,112
85,89
85,90
85,91
85,92
86,89
86,90
86,91
86,92
87,89
87,90
87,91
87,92
88,89
89,93
89,94
89,96
89,98
90,97
91,93
91,94
91,99
92,93
92,94
92,95
93,100
93,101
93,102
93,103
93,104
93,105
93,106
94,100
94,105
95,100
95,101
96,100
96,101
96,102
97,100
97,102
97,104
97,112
98,100
98,101
98,102
98,103
98,104
98,112
99,100
99,101
99,102
100,107
100,108
100,109
100,110
100,113
101,107
101,108
101,109
101,110
102,107
102,108
102,109
102,120
103,107
103,108
103,111
103,113
104,110
105,107
105,108
105,120
106,107
106,108
106,109
106,110
106,111
106,112
106,113
107,114
107,115
107,116
107,117
107,118
107,119
108,115
109,114
109,115
109,116
110,114
110,115
110,116
110,117
110,118
110,125
111,114
112,114
112,115
112,116
112,144
113,114
113,115
113,116
113,117
113,120
114,121
114,122
114,123
115,121
115,122
115,123
116,121
116,122
117,121
118,121
118,122
118,124
119,121
119,122
119,123
119,124
119,125
120,121
120,122
121,127
121,129
121,131
122,126
122,132
123,126
123,127
124,126
124,127
124,128
124,129
124,130
124,131
124,132
125,128
126,137
127,133
127,134
127,135
127,136
127,137
127,149
127,150
128,133
128,134
128,135
128,138
129,307
130,133
130,134
131,133
131,134
131,135
131,136
131,137
131,149
132,133
133,139
133,140
134,139
135,139
135,140
135,141
135,151
136,139
136,140
137,139
137,157
137,176
138,139
138,140
138,141
138,142
138,143
138,144
139,145
139,146
139,152
140,145
140,146
140,147
140,148
141,244
142,151
142,182
143,145
143,150
143,176
144,145
144,146
144,147
144,148
144,149
144,150
144,151
144,152
145,153
145,154
145,158
146,153
146,155
146,174
147,153
147,156
147,183
148,153
148,154
148,155
148,156
148,157
148,159
149,153
149,154
150,153
150,154
151,153
151,193
152,179
153,228
154,160
154,161
154,162
154,168
155,160
155,161
155,162
155,166
156,164
156,165
157,160
158,160
158,161
158,162
158,163
158,167
159,160
159,161
160,169
160,170
160,171
160,175
160,177
161,169
161,172
161,177
162,169
163,169
164,176
164,190
165,169
165,170
165,171
165,173
165,185
166,169
166,170
166,171
166,192
167,169
168,169
168,171
168,174
168,192
169,178
169,179
169,189
170,178
170,200
171,178
171,180
172,178
173,184
174,178
174,179
174,180
174,183
175,178
175,179
175,180
175,181
175,182
175,183
175,184
175,185
176,178
176,181
176,185
177,178
177,179
177,180
177,181
177,182
177,183
178,187
178,191
179,290
180,304
181,186
181,189
181,192
182,186
182,188
182,199
182,200
183,186
183,187
183,190
183,199
183,200
184,186
184,187
184,188
184,189
184,190
184,191
184,192
185,216
185,234
186,198
187,193
188,193
188,194
188,195
188,196
188,197
189,193
189,194
189,195
189,196
189,197
189,198
189,199
189,200
190,213
190,229
191,193
191,194
191,195
191,196
191,197
191,198
192,193
192,200
193,201
193,202
193,203
193,204
193,205
193,206
194,201
194,202
194,203
194,204
194,206
195,206
196,201
196,202
197,201
198,201
198,202
198,204
198,206
199,201
199,202
199,203
199,204
199,205
199,206
200,201
201,207
201,208
202,207
202,208
202,209
202,210
203,207
203,208
203,209
204,207
204,208
204,209
205,207
205,208
205,209
205,210
206,207
206,208
206,215
207,217
207,218
207,227
208,211
208,212
208,213
208,214
208,219
209,211
209,212
209,216
210,211
210,212
210,214
210,215
210,218
210,219
211,220
211,221
211,222
211,223
211,224
211,226
211,228
211,229
212,220
212,221
212,234
213,220
213,221
213,222
213,223
213,224
213,225
213,228
214,283
214,307
215,220
215,221
215,222
215,223
215,225
215,227
215,234
216,220
216,221
216,222
217,220
217,228
217,229
218,229
219,220
219,221
219,222
219,223
219,224
219,228
219,229
220,230
220,231
220,232
220,233
220,235
221,230
221,231
221,232
221,235
222,327
223,230
223,231
223,232
224,444
225,230
226,230
226,231
227,230
227,231
227,232
227,235
228,230
228,231
229,230
229,231
229,232
229,234
230,236
231,236
231,237
231,238
231,243
232,236
232,238
232,241
232,242
232,243
233,236
233,237
233,238
233,239
233,240
233,241
233,242
233,243
234,236
234,237
234,238
234,239
235,236
235,237
235,238
235,239
235,240
235,241
235,242
236,247
236,255
236,256
237,244
237,245
237,246
237,247
237,248
237,249
238,244
238,245
238,246
238,247
238,248
239,244
239,245
239,246
239,248
240,244
241,244
241,245
241,246
241,247
241,248
241,249
242,244
242,245
242,248
242,249
243,245
243,249
243,254
243,256
244,250
244,251
244,252
244,253
244,254
244,255
244,256
245,250
245,251
245,252
245,262
246,250
246,252
247,250
247,251
247,254
247,262
248,250
248,251
248,252
248,253
249,251
249,255
250,257
250,258
250,259
250,260
250,261
251,291
252,257
253,257
253,258
253,259
253,260
253,261
253,262
254,257
254,258
254,259
254,260
255,257
255,258
255,259
255,261
255,262
256,260
256,262
256,267
257,263
257,264
257,265
257,266
257,267
258,263
258,264
258,265
258,266
258,267
259,263
259,264
259,291
260,263
260,264
260,265
260,266
261,263
261,264
261,265
261,266
262,642
262,674
263,268
263,270
263,273
264,304
264,318
264,346
265,271
265,276
266,268
266,269
266,270
266,291
267,268
267,269
267,270
267,271
267,272
267,273
267,274
267,275
267,276
268,277
268,278
268,279
268,280
269,279
270,277
270,278
270,279
270,281
271,978
272,357
273,346
274,277
274,278
274,279
274,282
274,289
275,277
276,278
276,280
276,294
277,283
277,284
277,285
277,286
277,287
277,288
277,294
278,283
278,284
278,285
279,283
279,284
279,290
279,294
279,296
280,283
280,284
280,285
280,286
280,287
281,283
281,284
281,285
281,286
281,289
282,287
282,288
282,291
282,299
283,292
283,293
284,292
284,297
284,298
284,299
285,292
285,293
285,295
286,299
286,305
287,296
288,297
288,307
289,292
289,293
289,294
290,295
290,306
291,292
291,293
291,294
292,300
292,301
292,302
292,305
292,306
292,308
293,300
293,301
293,302
293,303
294,300
294,301
294,320
295,300
295,301
295,302
295,303
295,307
295,308
296,300
296,301
296,302
296,308
297,300
297,301
297,304
297,308
298,300
298,301
298,302
298,303
299,300
299,301
299,302
299,303
299,307
300,309
300,311
301,312
301,313
301,321
302,309
302,310
302,311
302,317
303,309
304,310
304,347
305,309
305,310
306,309
306,310
307,309
308,309
308,310
309,314
309,423
309,473
310,316
310,319
310,320
310,321
311,314
311,315
311,316
311,318
312,316
312,317
313,314
313,315
313,316
313,317
313,318
313,319
314,523
314,555
315,322
315,323
315,327
315,334
316,343
317,322
317,323
317,324
317,325
317,326
317,327
318,322
318,323
318,324
318,325
319,322
319,323
320,326
320,340
320,355
321,322
321,323
321,324
321,325
322,328
322,329
322,330
322,331
323,328
323,329
323,330
323,349
324,328
324,333
324,334
325,328
325,329
326,446
326,450
327,328
327,329
327,330
327,332
328,336
329,335
329,336
330,335
330,340
331,335
331,336
331,339
332,335
332,336
332,337
333,338
334,335
334,362
335,341
335,344
335,348
335,367
336,341
336,342
336,343
336,344
336,345
336,355
337,341
337,342
337,343
337,346
337,347
338,345
339,341
339,343
339,349
340,341
340,342
340,343
340,350
341,351
342,351
342,352
342,353
342,354
343,351
343,352
343,353
344,363
345,351
345,352
346,351
346,355
347,351
347,352
347,354
348,641
349,351
349,352
349,353
350,351
350,352
350,353
351,356
351,357
351,358
351,359
352,356
352,357
352,362
353,361
353,413
354,359
354,360
355,357
356,363
356,364
356,365
357,363
357,364
357,371
358,424
359,423
360,363
360,365
360,366
361,401
362,363
362,364
362,365
362,366
362,367
363,368
363,370
363,372
363,373
364,369
364,381
365,368
365,373
366,371
366,384
366,385
367,368
367,369
367,370
367,371
367,372
367,373
368,374
368,378
369,374
369,375
369,377
369,388
370,374
371,374
371,375
371,388
372,374
372,375
372,376
372,377
373,374
373,375
373,376
373,377
374,382
374,389
374,390
375,379
375,380
376,379
377,384
378,380
378,381
378,383
378,385
379,386
379,387
379,390
380,386
381,386
381,387
381,388
382,386
382,387
382,391
383,386
383,390
383,391
384,386
385,386
385,387
385,388
385,389
385,390
385,391
386,392
386,393
386,394
386,395
386,396
386,397
387,392
387,393
387,394
388,392
389,392
390,395
390,610
391,392
391,393
391,396
392,398
392,399
392,400
392,402
393,398
394,398
394,399
394,400
395,559
396,401
396,402
396,409
396,413
397,398
398,405
399,403
399,404
399,405
399,406
400,714
401,403
401,404
402,403
402,404
403,407
403,410
403,411
404,412
405,407
405,408
405,444
406,409
406,412
406,413
407,414
407,417
407,432
408,414
408,459
409,414
410,414
410,415
410,417
411,414
411,415
411,416
411,417
412,414
412,415
412,416
413,414
413,415
413,416
413,417
414,418
414,421
414,423
415,418
415,419
415,420
415,421
415,422
415,423
416,418
416,419
416,420
416,422
417,441
418,424
418,425
418,426
418,427
418,430
418,465
419,424
419,425
419,426
419,432
420,428
420,445
421,424
421,426
421,429
421,431
421,433
422,424
422,425
423,424
424,434
424,435
424,436
425,434
425,435
426,434
427,434
427,435
428,438
429,434
429,437
429,441
430,434
430,443
431,434
431,612
432,436
433,593
434,614
435,440
435,442
436,439
436,440
436,441
436,445
437,499
438,439
438,440
438,441
438,442
438,443
438,444
438,450
439,446
440,446
440,447
441,572
442,446
442,447
442,452
443,446
443,447
443,448
443,449
443,453
444,446
444,447
444,448
444,449
444,451
444,463
445,449
445,450
446,577
446,605
447,454
447,456
447,480
448,454
449,458
449,591
450,454
451,457
451,459
452,454
452,455
452,460
452,488
453,461
454,467
455,463
456,462
457,465
458,482
459,462
460,462
460,466
460,505
461,462
461,463
461,464
462,468
462,491
462,508
463,469
463,472
464,471
464,473
465,473
465,474
466,468
466,469
466,470
467,468
467,469
467,474
468,594
468,610
469,475
470,598
471,478
471,479
471,482
472,475
472,481
473,475
473,480
474,475
474,476
474,477
474,478
474,483
475,486
475,494
476,484
476,485
476,486
476,487
476,491
477,486
478,484
478,489
478,490
479,484
479,488
479,489
480,484
481,484
481,485
482,485
482,487
482,574
483,540
484,492
484,493
484,494
484,495
485,578
485,608
486,498
486,521
487,572
488,493
489,494
489,496
490,492
490,493
491,492
491,493
491,497
492,559
492,610
493,499
493,500
493,501
493,502
493,503
493,504
494,499
495,499
495,500
495,505
496,588
496,649
497,499
497,500
497,501
497,502
497,503
497,504
498,574
499,506
499,507
499,511
500,510
500,520
501,506
502,507
503,506
503,509
504,506
504,512
504,513
505,506
505,507
505,508
505,509
505,510
505,527
506,514
506,515
506,519
507,517
507,520
507,523
508,514
508,515
509,514
509,515
510,514
510,515
510,522
511,514
511,515
511,516
511,521
512,535
512,553
513,518
514,524
514,525
514,526
514,529
515,524
515,525
516,524
516,527
517,528
518,526
519,524
519,537
520,524
520,525
520,530
520,543
521,524
521,525
522,812
522,900
522,920
523,531
524,532
524,533
524,534
525,549
526,537
526,553
527,532
527,533
527,534
527,543
528,532
529,541
529,547
530,535
530,536
530,541
531,532
532,539
532,540
532,542
533,768
533,907
534,538
534,541
535,538
536,538
536,539
536,553
537,538
537,539
537,543
538,544
538,545
538,546
538,549
539,544
539,545
540,545
540,547
540,553
541,544
541,548
541,549
542,544
542,545
542,546
543,657
543,741
545,663
545,776
546,551
546,552
546,556
546,557
547,918
548,553
549,550
549,551
549,554
549,555
550,558
551,609
552,558
552,559
552,560
552,561
552,562
552,563
553,558
553,561
554,608
555,560
555,749
555,802
555,859
556,558
557,563
558,567
559,564
559,565
560,764
561,566
562,564
562,565
562,566
563,842
563,869
563,926
564,568
565,569
566,570
566,571
566,572
566,574
566,595
567,568
567,569
567,573
567,603
567,610
568,576
568,648
569,575
569,579
570,953
571,578
572,578
572,586
573,769
574,577
574,580
575,582
576,630
576,660
576,722
577,581
577,583
578,792
578,873
579,740
580,584
580,585
581,586
581,588
582,586
582,587
582,589
582,591
583,586
583,593
584,590
585,586
585,592
586,594
587,594
588,596
588,597
589,594
589,595
590,598
590,603
591,594
591,595
592,594
593,594
594,600
594,601
594,604
595,703
595,710
596,599
596,602
597,603
598,605
598,644
598,664
599,608
599,610
600,606
600,607
600,609
601,930
602,773
603,606
604,606
604,611
605,643
605,743
605,774
606,612
607,614
607,615
607,616
607,625
608,612
609,613
609,618
610,632
611,612
611,617
612,619
612,620
612,655
613,619
613,620
614,620
614,621
615,667
616,622
616,803
617,620
618,623
619,625
619,765
620,627
620,629
620,632
621,626
621,628
621,698
622,849
623,624
623,630
623,631
624,672
625,633
625,635
625,639
625,705
625,757
626,773
627,633
627,861
628,739
629,637
630,646
630,901
631,636
632,634
632,638
633,645
634,643
634,995
635,646
635,732
636,640
636,641
636,642
637,641
638,640
639,644
639,793
640,647
640,650
641,647
641,648
641,664
642,647
642,648
642,649
644,745
645,888
645,898
646,998
647,721
647,765
648,651
648,652
648,653
648,657
649,655
649,729
649,754
650,651
650,653
650,654
650,656
651,658
651,659
652,658
652,662
652,665
653,658
653,663
653,670
653,710
654,660
654,661
654,664
655,785
655,791
656,658
656,659
656,666
656,700
657,658
658,669
659,667
659,688
660,668
660,674
660,744
661,667
662,671
662,672
663,815
664,667
664,673
665,671
665,675
666,667
666,670
667,676
667,677
668,805
668,977
668,991
669,719
670,716
670,731
670,765
671,678
671,681
672,676
672,679
673,896
673,996
674,677
674,853
675,680
676,682
677,758
677,825
677,829
678,683
679,682
679,685
679,688
679,719
680,684
680,686
681,687
682,690
683,693
683,698
683,735
684,689
685,694
686,692
686,697
687,691
687,696
687,706
688,695
688,793
689,699
690,721
691,699
691,704
692,705
692,757
693,702
694,700
694,703
695,706
695,735
695,755
696,699
697,705
697,735
697,890
698,699
698,701
699,707
700,714
701,710
702,708
702,709
702,713
702,715
703,707
704,712
704,716
705,711
706,794
706,845
707,720
707,726
707,738
708,759
708,761
709,717
709,750
710,717
710,718
710,719
711,797
712,805
713,849
714,717
714,718
714,721
715,738
715,752
715,753
716,798
716,827
717,724
717,726
717,754
718,758
719,722
719,723
719,803
719,819
719,826
720,722
720,725
720,772
720,833
721,727
722,894
723,730
723,732
724,728
724,797
724,887
725,728
725,837
726,729
727,731
729,733
729,734
729,736
730,733
730,789
731,735
731,738
732,737
732,830
732,906
733,740
733,810
734,739
734,741
734,743
734,747
734,759
735,852
735,899
736,908
737,743
737,811
737,812
737,883
738,739
738,742
739,789
739,801
740,747
741,775
741,805
742,744
742,746
743,745
744,748
744,749
745,838
746,750
746,754
747,751
747,752
747,753
748,755
748,756
749,758
750,759
751,762
751,764
751,859
752,760
753,755
753,805
754,757
755,761
755,764
755,822
755,833
756,766
757,761
757,762
757,767
757,780
758,761
758,776
758,811
758,879
759,763
759,768
760,765
760,786
761,978
762,821
762,888
763,769
763,771
764,797
764,858
765,799
766,770
766,773
767,769
767,772
768,890
769,782
769,783
770,774
771,777
772,776
772,863
773,774
773,775
773,776
773,777
774,778
774,779
774,780
774,781
775,798
776,781
776,784
776,884
777,778
777,782
777,783
778,861
778,906
778,973
779,878
779,963
780,828
781,785
781,786
782,786
782,787
782,789
782,810
783,785
783,788
784,806
784,822
784,872
785,790
785,795
785,797
785,893
786,796
786,937
788,794
788,798
789,791
789,792
789,793
789,873
790,899
791,821
792,804
792,825
792,897
793,799
793,800
794,802
794,803
795,998
796,864
797,845
797,873
798,801
798,870
799,849
801,806
801,808
801,812
801,814
802,805
802,810
802,811
803,807
803,813
804,809
804,840
805,854
805,929
806,942
807,816
808,818
809,817
809,895
810,832
810,858
810,909
811,815
811,885
812,868
812,934
813,900
814,817
814,819
814,873
815,827
815,972
816,820
816,822
816,825
816,828
817,821
817,823
817,824
817,902
818,820
818,826
819,824
819,895
819,903
820,834
821,831
822,832
824,835
824,898
824,953
825,830
825,851
826,936
827,836
828,829
828,833
828,864
828,905
829,873
830,837
831,839
831,903
831,982
832,881
832,946
833,838
833,840
834,841
837,859
838,842
838,843
838,846
839,845
840,954
840,973
841,844
842,847
842,896
842,897
843,850
844,848
844,849
845,874
845,1000
846,914
846,917
847,854
849,851
849,855
850,852
850,853
851,857
851,858
851,860
852,859
853,856
853,863
853,865
854,908
855,861
855,862
855,864
856,882
857,867
857,869
857,877
858,866
859,870
860,889
861,872
862,868
862,955
863,866
863,870
863,872
864,871
864,938
865,873
865,943
865,946
867,876
868,878
868,927
869,874
869,875
870,875
870,913
871,877
872,931
873,917
875,879
875,885
876,900
877,880
877,881
877,882
877,883
877,886
878,884
880,890
880,986
882,888
882,891
882,909
883,985
883,991
884,892
884,917
885,893
886,887
886,889
886,983
887,896
887,975
889,898
890,963
891,935
892,894
892,897
893,895
893,922
893,925
894,902
894,907
895,900
895,901
896,903
897,919
898,899
898,900
898,939
899,906
899,907
899,908
900,909
901,904
901,910
901,911
902,905
902,981
904,915
905,918
905,994
906,913
906,957
909,916
910,912
910,914
910,917
910,943
911,912
912,920
913,921
916,919
917,947
918,922
919,923
919,924
920,927
920,928
920,929
921,925
921,926
923,933
923,974
924,935
925,930
927,932
927,991
929,931
929,934
931,937
931,940
931,944
931,972
932,938
932,939
932,994
933,942
933,1000
934,936
934,941
935,943
935,948
936,948
936,975
937,949
937,952
938,946
938,950
938,986
939,944
940,945
940,951
941,990
941,992
943,947
945,958
946,953
947,954
947,956
947,957
951,955
953,964
955,962
955,963
956,959
956,961
957,960
957,964
960,968
961,966
961,967
962,969
964,965
965,971
966,970
966,973
966,974
966,977
966,978
967,972
967,975
968,989
969,974
969,976
973,979
974,980
974,984
974,985
975,980
975,982
976,983
977,981
977,982
979,991
980,988
980,992
981,986
981,993
982,989
984,987
984,994
985,990
987,997
987,998
988,996
991,995
991,999
994,1000
<end>