<number of tasks>
100
<cycle time>
1000
<order strength>
0.596
<z_alpha>
1.645
<task times>
1 96 518.8911
2 216 975.4745
3 92 106.1910
4 91 78.1496
5 125 173.1021
6 133 462.9743
7 166 525.4414
8 143 127.2667
9 125 218.9176
10 102 153.1395
11 115 722.9401
12 21 1.0264
13 156 582.6207
14 164 265.2798
15 225 2103.6058
16 169 80.9335
17 24 13.0055
18 51 107.4528
19 224 3042.8802
20 181 1048.5463
21 118 523.5955
22 100 374.1873
23 123 102.9870
24 119 241.0972
25 179 1850.0783
26 136 492.8779
27 179 611.5398
28 113 578.3733
29 182 2014.8951
30 124 518.6954
31 27 8.2327
32 121 608.6644
33 160 1307.3714
34 155 1060.6893
35 83 426.5418
36 105 655.8253
37 88 150.8401
38 37 38.3551
39 57 148.6137
40 158 1027.1582
41 143 235.8652
42 156 190.2738
43 77 320.4069
44 69 6.2929
45 216 1914.7872
46 153 126.5143
47 97 162.8402
48 152 958.8639
49 122 521.1227
50 132 970.1666
51 87 223.3882
52 165 851.3312
53 274 2931.4706
54 23 11.0255
55 122 482.0138
56 161 1542.4835
57 24 31.7915
58 129 97.9915
59 129 403.8063
60 100 95.6712
61 28 7.1635
62 184 211.1414
63 102 311.8258
64 228 2636.0108
65 79 321.2251
66 102 259.0520
67 179 280.7075
68 246 879.1289
69 156 368.0834
70 153 1127.1918
71 79 235.8645
72 147 106.2640
73 236 867.5169
74 203 2475.5251
75 273 1807.2711
76 67 14.3838
77 185 1420.0488
78 118 851.1564
79 114 716.9682
80 201 1185.5264
81 126 669.1667
82 92 490.8215
83 202 886.0325
84 109 597.3289
85 24 30.4201
86 276 2033.3896
87 153 1119.3689
88 76 34.2684
89 252 1730.1595
90 220 1517.0009
91 163 1542.0579
92 64 90.6287
93 185 1548.6706
94 146 282.8970
95 222 2726.0391
96 130 462.1994
97 244 3443.5288
98 61 147.0546
99 330 787.9047
100 164 1067.4550
<precedence relations>
1,7
1,10
1,13
1,15
2,7
2,8
2,9
2,10
3,11
3,42
4,8
4,11
5,9
5,10
5,20
6,7
6,8
6,9
6,12
7,22
7,29
7,50
7,58
7,66
8,13
8,14
8,15
9,13
9,36
10,12
10,14
11,41
11,83
12,25
12,37
12,47
13,16
13,18
14,17
14,18
14,19
14,28
15,16
15,17
15,20
16,21
17,23
17,34
17,40
18,21
18,23
19,21
19,24
19,29
19,37
20,22
20,25
20,35
21,27
21,30
21,32
22,76
23,26
23,31
24,26
24,32
25,27
25,28
25,29
26,33
26,38
26,39
27,33
28,60
29,34
29,36
30,35
30,42
30,53
31,37
31,52
32,40
32,45
32,55
33,41
33,43
33,45
33,53
34,42
34,48
35,43
35,61
37,65
37,75
38,55
38,76
39,43
39,46
39,49
39,57
40,44
40,47
40,52
40,57
41,66
42,51
42,54
43,50
43,51
44,51
45,65
45,67
45,91
46,52
46,53
47,51
47,58
48,51
49,89
50,63
51,56
52,58
52,85
53,55
53,69
54,57
54,69
55,61
56,60
56,62
56,63
57,59
57,64
59,65
59,88
60,64
61,66
61,85
61,87
61,88
61,93
62,67
62,68
62,69
62,70
62,71
62,93
63,72
64,73
64,76
64,78
65,73
67,97
68,77
68,80
68,99
69,74
69,82
69,85
70,74
71,75
72,93
72,95
73,81
73,85
73,93
73,100
78,79
78,80
78,82
79,83
79,84
79,85
80,86
80,87
80,95
83,88
84,90
84,93
84,100
85,90
85,92
85,94
87,89
87,91
89,96
90,98
91,98
91,100
92,95
92,97
93,99
94,96
<end>