<number of tasks>
20
<cycle time>
1000
<order strength>
0.526
<z_alpha>
1.645
<task times>
1 141 4930.3521
2 118 1949.4408
3 136 1568.7206
4 117 3350.7137
5 140 1961.8249
6 194 2369.3350
7 110 592.8911
8 69 586.2632
9 80 962.2971
10 219 396.3146
11 155 654.0348
12 168 1980.1643
13 60 197.2438
14 185 6061.2661
15 218 10406.1815
16 192 452.5853
17 148 1282.4283
18 102 2493.0996
19 214 1846.8361
20 140 2403.4817
<precedence relations>
1,5
2,7
3,6
3,10
4,8
4,9
4,10
5,13
6,11
7,12
8,18
9,15
10,13
11,15
12,15
13,14
13,15
14,16
15,17
15,18
15,19
16,20
17,20
18,20
19,20
<end>