<number of tasks>
100
<cycle time>
1000
<order strength>
0.196
<z_alpha>
1.280
<task times>
1 236 2052.1718
2 111 713.2362
3 131 1056.6976
4 101 108.0164
5 99 437.3033
6 261 893.2691
7 95 442.2720
8 100 452.7070
9 36 28.3767
10 236 932.2890
11 23 4.2280
12 155 1127.6607
13 181 1875.8471
14 204 363.2341
15 254 3911.3013
16 41 69.4201
17 54 123.9942
18 63 126.5127
19 309 2150.2070
20 28 8.7596
21 100 20.0088
22 288 4891.5785
23 113 329.5569
24 123 323.1586
25 119 100.4271
26 170 720.5316
27 117 760.1572
28 89 429.6041
29 37 60.1256
30 179 1069.5816
31 378 4973.0542
32 189 1818.5932
33 185 1943.0494
34 58 122.8869
35 90 222.8580
36 54 4.4131
37 210 1191.5227
38 79 385.9637
39 27 29.7011
40 64 12.3800
41 134 490.3575
42 147 588.7078
43 61 24.1570
44 175 1657.1486
45 202 1534.3279
46 166 1336.1837
47 163 1226.4150
48 203 20.0889
49 240 1840.6550
50 180 857.4953
51 134 774.2267
52 222 200.5543
53 34 69.5022
54 147 611.2511
55 85 328.1724
56 91 481.7134
57 139 729.8673
58 170 59.5860
59 37 13.0762
60 64 141.1033
61 228 3102.7652
62 249 2672.0585
63 70 31.9890
64 94 35.9033
65 202 702.9484
66 70 169.1067
67 75 113.0662
68 199 1252.8930
69 66 226.3717
70 62 17.0300
71 56 139.7382
72 152 72.8548
73 162 1346.3915
74 239 174.9388
75 117 772.8690
76 199 1104.5716
77 70 45.2685
78 128 141.0075
79 153 1087.7856
80 36 36.9167
81 173 1161.8166
82 158 667.6224
83 223 1872.5436
84 70 209.7313
85 165 296.5834
86 46 5.1249
87 241 265.5656
88 151 1330.5065
89 71 6.2250
90 104 500.2713
91 178 734.0962
92 242 92.5258
93 206 1312.7837
94 230 2954.8490
95 26 38.1825
96 128 150.1670
97 62 215.4042
98 190 1521.1601
99 86 451.7552
100 242 3247.3645
<precedence relations>
1,12
2,10
2,77
3,20
3,29
4,14
4,15
4,19
5,8
5,45
6,11
6,16
6,17
7,9
7,13
7,17
7,18
8,28
11,24
12,23
12,25
13,21
14,52
15,87
17,22
17,27
18,97
20,26
21,32
23,29
24,36
25,30
25,34
28,31
28,33
28,35
28,42
29,62
30,37
30,45
30,50
30,65
31,43
32,38
33,40
33,46
35,40
36,39
36,41
36,42
36,44
36,66
37,48
38,52
38,90
39,52
39,53
40,74
41,47
41,51
42,71
44,49
45,47
46,49
46,50
47,59
48,60
48,61
49,56
50,54
51,58
51,74
51,83
52,57
53,55
54,62
54,66
55,64
57,63
57,65
59,67
59,68
63,70
63,74
63,76
64,69
67,71
67,72
67,74
67,75
68,73
68,77
69,87
71,81
71,82
73,84
74,79
75,78
76,83
76,92
77,79
77,80
78,88
81,87
81,89
82,86
82,90
82,91
82,92
84,85
84,90
85,98
87,94
87,100
90,95
90,96
90,99
91,93
91,97
<end>