<number of tasks>
100
<cycle time>
1000
<order strength>
0.195
<z_alpha>
1.645
<task times>
1 128 500.9916
2 282 3622.6576
3 113 463.6360
4 28 24.8503
5 97 386.2467
6 144 626.4227
7 310 1897.2203
8 31 17.4758
9 159 1140.9622
10 104 42.7989
11 181 125.6885
12 29 39.7393
13 59 162.6020
14 107 25.2369
15 105 449.5883
16 132 662.4245
17 85 0.8445
18 231 535.8656
19 83 427.6040
20 177 1435.4443
21 340 3533.0212
22 144 315.5453
23 79 283.6516
24 164 315.8702
25 65 204.0920
26 317 956.8406
27 92 31.9367
28 185 1884.4340
29 215 2100.3430
30 85 189.7807
31 159 812.1849
32 282 4591.1096
33 75 349.5766
34 136 83.6921
35 222 1736.5370
36 186 1651.6816
37 235 3188.0052
38 74 116.4836
39 104 462.5784
40 218 2128.3088
41 262 309.3609
42 89 69.9875
43 51 132.8362
44 52 16.7281
45 276 1991.0012
46 99 239.6668
47 278 510.1779
48 97 426.4204
49 123 302.4241
50 300 2176.0241
51 46 66.6036
52 63 13.9785
53 258 333.8252
54 41 96.5525
55 223 198.3665
56 58 132.0402
57 122 1.9405
58 173 229.6452
59 131 877.4598
60 143 344.0846
61 104 508.7325
62 164 297.3962
63 106 689.2440
64 194 174.0230
65 129 1000.7879
66 142 679.4709
67 97 260.8733
68 167 567.7474
69 40 70.9434
70 159 171.8398
71 27 20.7948
72 177 1605.2505
73 73 70.3835
74 141 601.9078
75 113 593.4778
76 48 35.4029
77 88 205.5115
78 121 882.5439
79 281 3023.8894
80 60 169.7677
81 241 760.7411
82 135 1087.8823
83 31 10.3076
84 289 951.4618
85 27 41.5278
86 230 1103.2564
87 115 434.4209
88 187 1107.4446
89 21 20.7354
90 111 239.5662
91 23 29.3039
92 209 2525.2365
93 107 141.5915
94 220 334.2705
95 241 1912.5943
96 275 2855.2667
97 143 391.3654
98 198 1929.9059
99 189 932.8754
100 218 2739.8617
<precedence relations>
1,45
2,45
3,45
4,13
5,15
6,14
7,16
8,17
8,47
9,18
10,12
11,19
12,60
13,20
14,21
15,20
16,22
17,23
17,24
17,25
17,26
17,90
19,27
20,60
21,32
22,28
23,31
24,29
24,32
24,33
25,37
26,35
27,30
27,34
27,36
28,45
29,60
30,60
31,38
32,42
33,39
34,43
35,40
35,41
35,77
36,44
38,45
39,45
40,45
41,45
42,49
42,51
42,52
42,53
43,46
43,47
44,48
44,50
44,54
45,55
45,56
45,57
45,58
45,59
46,60
47,61
48,62
53,64
53,65
54,63
55,73
59,72
59,74
60,66
60,67
60,68
60,69
61,70
62,71
66,78
66,80
67,77
69,81
70,75
71,76
73,79
75,82
76,84
77,83
79,86
81,85
82,88
83,89
84,90
85,87
85,92
86,91
86,93
86,94
87,95
88,96
89,97
90,100
92,99
93,98
<end>