<number of tasks>
50
<cycle time>
1000
<order strength>
0.198
<z_alpha>
1.960
<task times>
1 21 21.4112
2 257 4090.1581
3 183 185.7323
4 59 32.6537
5 84 153.8436
6 114 453.7239
7 241 2534.0725
8 49 43.1813
9 113 43.7619
10 107 134.7043
11 51 92.4738
12 143 145.7351
13 204 1647.2901
14 21 5.1142
15 126 711.5030
16 131 505.9685
17 31 20.3383
18 85 423.7599
19 140 709.2619
20 90 358.6931
21 133 467.4483
22 116 675.8505
23 58 2.1044
24 188 2141.5348
25 208 2419.5596
26 46 111.6290
27 63 109.3611
28 83 131.3581
29 105 449.4058
30 68 43.4387
31 214 1634.6295
32 180 1296.6523
33 144 1207.0455
34 167 211.5870
35 117 795.9243
36 125 333.4627
37 38 12.7755
38 68 249.0366
39 99 384.5373
40 181 755.1577
41 77 369.3048
42 199 2334.4485
43 23 6.5564
44 132 478.9452
45 212 19.8536
46 265 2008.4404
47 79 303.5607
48 73 27.0943
49 32 42.3725
50 216 432.4156
<precedence relations>
1,29
2,29
3,29
4,9
5,10
5,15
6,20
6,47
7,12
7,14
7,15
8,11
8,13
8,25
8,42
9,18
10,16
11,17
13,22
15,19
15,20
15,21
16,23
17,24
18,27
19,48
20,25
21,26
21,28
23,29
24,31
25,30
27,32
29,33
29,34
29,35
29,36
29,37
30,38
33,39
33,41
37,42
37,43
38,40
39,44
40,45
41,46
42,48
42,49
42,50
43,47
<end>