<number of tasks>
100
<cycle time>
1000
<order strength>
0.197
<z_alpha>
1.280
<task times>
1 168 879.7641
2 115 12.3247
3 346 382.4594
4 191 1480.8372
5 292 3362.4918
6 159 1094.3728
7 28 32.5378
8 58 39.2777
9 302 4384.4161
10 192 1654.8090
11 211 2307.3110
12 175 1719.8594
13 49 94.8485
14 208 535.3163
15 264 3949.7068
16 87 380.1845
17 79 222.2163
18 290 5135.0252
19 79 147.9743
20 149 1213.8277
21 75 150.9117
22 94 517.2561
23 86 424.6394
24 94 242.7763
25 44 47.9905
26 156 51.9556
27 93 465.7443
28 106 351.0644
29 120 281.7902
30 210 936.0141
31 26 26.0388
32 180 977.4444
33 213 2773.5348
34 202 2128.3954
35 195 2006.1349
36 174 855.3421
37 79 163.9979
38 55 16.0328
39 208 1625.4386
40 94 72.9777
41 69 263.3047
42 172 1048.6251
43 144 242.8217
44 87 41.1591
45 82 419.7507
46 117 466.0911
47 58 6.4459
48 178 1935.1720
49 44 62.4594
50 61 193.9185
51 161 1358.4051
52 250 1033.0836
53 146 198.8877
54 282 1463.5450
55 105 572.6597
56 219 914.7505
57 131 121.9023
58 35 11.1838
59 166 737.7440
60 135 1030.0881
61 105 434.0773
62 103 270.6122
63 262 705.6599
64 188 1935.1983
65 36 55.3425
66 159 505.0371
67 40 30.1075
68 155 870.4663
69 168 799.9313
70 162 67.7228
71 130 695.6938
72 104 63.8700
73 45 115.7824
74 154 922.7504
75 221 2480.9895
76 41 67.2549
77 219 451.4127
78 86 239.8422
79 173 1802.0889
80 96 328.0781
81 259 3525.8833
82 179 924.2739
83 167 24.1732
84 43 99.0482
85 346 3029.9314
86 263 2721.3960
87 202 527.2848
88 130 951.5350
89 139 705.6130
90 117 208.9692
91 41 4.9886
92 194 2126.4855
93 78 332.5181
94 266 3712.6103
95 162 928.1170
96 405 6113.8208
97 122 591.9543
98 43 3.3673
99 264 3866.9264
100 77 5.1740
<precedence relations>
3,11
4,13
4,14
5,11
6,11
6,15
7,12
7,17
9,16
10,21
11,21
11,25
11,46
13,26
14,19
14,23
15,24
17,18
17,20
17,22
18,27
19,32
19,34
19,37
19,73
20,31
21,43
22,29
23,36
23,46
24,33
25,28
25,30
25,38
26,35
27,39
27,90
32,79
33,40
34,41
36,42
40,44
40,46
40,48
40,49
42,43
42,45
42,47
43,54
43,66
45,70
46,51
46,52
46,53
46,55
47,50
50,56
50,59
51,58
51,62
51,63
52,57
52,61
53,60
58,66
59,67
60,64
60,70
61,68
61,69
62,65
63,67
63,88
64,74
65,71
65,77
65,78
65,79
66,75
66,76
68,73
69,72
72,81
72,83
72,85
73,92
74,84
74,96
74,97
75,86
75,89
75,91
76,80
77,87
77,92
78,88
79,82
79,90
80,93
84,100
85,94
85,98
86,98
86,99
90,95
91,96
91,97
<end>