<number of tasks>
100
<cycle time>
1000
<order strength>
0.597
<z_alpha>
1.280
<task times>
1 414 1161.5279
2 439 11842.7928
3 583 8710.2069
4 324 5512.0790
5 433 8100.5907
6 531 9.4529
7 468 10776.6570
8 425 3563.1030
9 451 10251.7455
10 562 2924.1492
11 381 7475.1706
12 422 3442.4357
13 560 13342.4125
14 563 12690.5476
15 267 2475.9869
16 541 5173.7495
17 465 7220.4596
18 615 10273.3325
19 375 1380.0517
20 543 12099.1480
21 568 9440.1680
22 333 3725.7419
23 329 2076.7287
24 417 5204.9074
25 566 6115.8452
26 337 2878.5234
27 418 6512.8833
28 449 1418.1840
29 586 21303.5932
30 390 8056.1185
31 381 2439.1121
32 330 5725.0964
33 515 5719.1440
34 508 61.8390
35 355 5946.4202
36 376 320.1620
37 434 9004.1393
38 789 8057.9701
39 429 5271.0773
40 499 1497.9009
41 515 8353.1342
42 510 5837.1108
43 579 8046.5506
44 561 8640.5581
45 403 9874.6276
46 582 19433.4612
47 553 14122.4131
48 706 14214.5527
49 349 5673.5288
50 661 7117.2148
51 279 1525.2453
52 625 14946.1261
53 547 18424.4343
54 365 2892.4827
55 584 14339.6237
56 462 10107.9217
57 649 11941.5876
58 786 2717.1230
59 404 706.7311
60 498 41.4242
61 544 374.6398
62 576 14948.1268
63 527 3995.1059
64 244 2464.5070
65 509 14827.1343
66 658 5453.5435
67 713 5774.9701
68 509 13574.6102
69 470 1760.5697
70 385 9109.7254
71 435 206.0382
72 391 2135.1931
73 656 8411.6480
74 471 9439.6969
75 677 15591.5310
76 482 11505.7863
77 460 7070.3701
78 645 1348.4131
79 402 7146.0077
80 262 2429.0716
81 367 6713.3172
82 355 3847.4884
83 626 2083.0697
84 346 6485.1930
85 571 17078.5549
86 613 17385.6544
87 510 10480.7267
88 339 6656.5427
89 625 10373.0918
90 529 837.1341
91 488 13388.3326
92 720 17418.0707
93 389 4922.6380
94 502 4889.0651
95 541 5267.0641
96 326 1295.8326
97 656 15498.7461
98 460 1241.7028
99 440 2923.5505
100 449 7069.2052
<precedence relations>
1,6
2,7
2,8
2,9
3,9
4,7
4,8
5,7
6,10
7,11
7,12
8,39
8,40
8,41
8,42
9,11
9,12
10,13
11,14
11,15
11,16
11,40
12,15
12,16
12,35
12,40
13,18
14,20
15,17
15,19
15,21
15,22
16,61
16,70
17,23
18,24
19,26
20,27
21,25
21,39
22,28
22,34
23,29
24,30
25,31
26,34
27,35
28,32
28,33
29,37
30,40
31,41
32,38
33,36
33,39
33,42
35,39
35,41
35,42
36,43
37,44
38,46
39,45
39,47
39,48
40,47
40,55
41,47
41,48
42,48
43,49
44,52
45,50
46,51
47,52
47,53
47,54
47,58
48,52
48,53
48,54
48,55
49,56
50,57
51,58
52,57
52,59
52,60
52,61
52,62
52,66
53,57
53,68
53,69
54,63
55,90
56,64
57,85
58,66
59,65
61,64
62,68
63,64
63,65
63,66
64,68
64,71
64,72
65,67
65,68
65,70
66,69
66,72
67,73
68,74
68,78
69,75
69,77
70,76
70,77
70,78
70,79
71,84
72,77
72,79
73,80
74,81
75,82
76,83
77,84
77,85
78,84
78,85
79,100
80,88
81,86
82,89
83,90
84,87
84,90
84,91
84,92
85,93
86,94
87,95
88,96
89,97
90,97
92,99
92,100
93,98
<end>