<number of tasks>
20
<cycle time>
1000
<order strength>
0.505
<z_alpha>
1.280
<task times>
1 136 908.9299
2 106 269.5872
3 251 3778.1213
4 272 3380.4425
5 38 73.0947
6 132 375.9944
7 207 1529.6511
8 105 253.2410
9 175 1101.1786
10 207 1365.1942
11 89 410.0118
12 133 1076.5293
13 168 1359.0571
14 43 36.8710
15 221 2912.0163
16 121 46.6988
17 61 148.5816
18 30 49.2586
19 262 3614.7564
20 153 850.7402
<precedence relations>
1,7
2,6
2,15
3,11
4,8
5,8
6,10
7,9
8,11
9,12
10,13
11,14
11,15
12,17
13,17
14,16
15,17
16,18
17,18
17,19
17,20
<end>