<number of tasks>
50
<cycle time>
1000
<order strength>
0.196
<z_alpha>
1.280
<task times>
1 65 807.7402
2 209 6203.0777
3 390 18802.3450
4 167 3929.7499
5 235 1370.3850
6 448 41888.5314
7 111 1106.6827
8 178 6558.9287
9 228 626.2539
10 387 21223.7981
11 256 9069.7006
12 187 1209.6489
13 678 12395.7485
14 230 61.4370
15 67 977.7476
16 549 12351.8690
17 111 1859.6086
18 340 13735.1237
19 82 672.4145
20 26 121.6838
21 70 1122.4731
22 347 10105.1941
23 104 663.6392
24 62 21.6951
25 120 1023.3417
26 52 661.9475
27 92 1232.2451
28 101 1245.1384
29 230 11043.7935
30 47 436.6155
31 128 224.2937
32 188 977.3866
33 193 8798.2186
34 210 10593.7639
35 178 730.2896
36 484 35076.4467
37 147 2142.9395
38 158 4772.9875
39 566 27245.9258
40 513 40766.2927
41 159 1071.7632
42 87 152.5656
43 199 1080.7790
44 102 1282.5683
45 516 35309.7578
46 53 308.3741
47 36 203.4155
48 259 5322.2473
49 234 12854.2484
50 144 1415.5705
<precedence relations>
1,7
2,8
2,10
2,13
3,9
3,10
4,26
5,11
5,12
6,37
7,14
8,16
9,17
10,15
10,19
11,18
11,42
11,45
14,21
15,20
16,23
17,24
18,22
19,25
19,26
19,27
20,28
21,30
22,29
23,31
26,49
27,41
27,50
28,32
29,33
30,34
31,35
31,36
31,37
32,41
33,38
34,40
35,39
35,42
36,41
36,42
38,44
39,43
40,45
41,46
41,47
41,48
41,49
42,50
<end>