<number of tasks>
100
<cycle time>
1000
<order strength>
0.896
<z_alpha>
1.645
<task times>
1 716 3965.7508
2 497 3232.4545
3 361 2120.1195
4 470 11329.2654
5 642 13462.6180
6 570 15891.3742
7 519 14759.8349
8 667 21753.5812
9 554 440.7343
10 415 3372.6154
11 450 1670.8982
12 537 2654.9724
13 468 812.1258
14 521 1307.5046
15 705 3654.0985
16 268 233.9162
17 486 4914.8631
18 296 3698.7329
19 677 18108.0543
20 737 16509.1322
21 648 7155.6204
22 527 13697.4640
23 680 4208.3008
24 331 5458.8738
25 405 1067.2092
26 351 3922.3615
27 367 395.4865
28 535 16851.3899
29 451 11394.3951
30 507 5646.0560
31 213 1015.6906
32 298 5071.3242
33 507 4476.3267
34 749 13756.1632
35 496 14605.1195
36 397 2760.2549
37 394 9541.5139
38 499 9094.7065
39 492 2005.9703
40 485 2678.6801
41 553 11192.4418
42 477 4294.1844
43 567 10304.1724
44 468 7727.6236
45 380 1269.3958
46 523 169.9359
47 410 1679.6943
48 637 15733.1055
49 448 8957.7467
50 384 7058.0478
51 642 7658.0818
52 356 5544.6853
53 511 12051.8828
54 509 12359.3800
55 618 9660.1433
56 398 2793.1684
57 646 6152.8771
58 418 6350.5357
59 621 1567.3495
60 537 8690.8222
61 690 5403.5501
62 770 8750.2573
63 339 2425.3307
64 503 15480.4833
65 388 6981.4160
66 661 4596.1190
67 530 9329.9197
68 708 16238.7340
69 307 4907.5918
70 458 7815.4096
71 375 5614.1138
72 395 8551.6850
73 654 632.8891
74 430 7563.0240
75 393 313.6005
76 541 13128.2988
77 406 7260.0404
78 406 821.9169
79 651 21745.2287
80 503 12807.4848
81 480 10859.8237
82 479 7995.7297
83 542 2957.8001
84 533 16445.3459
85 279 1181.5933
86 593 16946.5807
87 632 18143.9359
88 369 3820.9809
89 540 13149.3266
90 657 1345.2060
91 666 18630.1794
92 588 1464.8488
93 662 8372.7371
94 618 23469.3480
95 281 3129.6238
96 533 7760.0791
97 617 12877.5399
98 682 5329.1762
99 504 14878.8296
100 371 741.1219
<precedence relations>
1,5
1,6
2,5
2,6
3,5
3,6
4,5
4,6
5,7
5,8
5,9
5,10
6,7
6,8
6,9
6,10
7,11
7,12
7,13
7,14
8,11
8,12
8,13
8,14
9,11
9,12
9,13
9,14
10,11
10,12
10,13
10,14
11,15
11,16
12,15
12,16
13,15
13,16
14,15
14,16
15,17
15,18
15,19
15,20
15,21
16,17
16,18
16,19
16,20
16,21
17,22
17,23
17,24
18,22
18,23
18,24
19,22
19,23
19,24
20,22
20,23
20,24
21,22
21,23
21,24
22,25
22,26
22,27
22,28
23,25
23,26
23,27
23,28
24,25
24,26
24,27
24,28
25,29
25,30
25,31
25,32
26,29
26,30
26,31
26,32
27,29
27,30
27,31
27,32
28,29
28,30
28,31
28,32
29,33
29,34
30,33
30,34
31,33
31,34
32,33
32,34
33,35
33,37
33,39
34,35
34,36
34,37
34,38
34,39
35,40
36,40
36,41
37,41
37,42
38,40
38,41
38,42
39,40
39,41
39,42
40,43
40,44
40,45
41,43
41,44
41,45
42,43
42,44
42,45
43,46
43,47
43,48
43,49
44,46
44,47
44,48
44,49
45,46
45,47
45,48
46,53
46,56
46,60
47,50
47,52
48,51
49,57
49,66
49,70
50,56
51,54
51,55
51,58
52,70
52,74
53,54
53,57
54,61
54,63
55,59
56,58
56,77
57,65
57,92
57,93
58,61
58,76
59,60
59,62
59,63
60,64
60,66
61,66
62,64
62,65
63,70
63,79
64,67
64,68
64,69
65,96
65,97
66,72
66,86
67,72
67,73
68,70
68,71
69,70
69,72
69,79
69,80
70,78
71,74
72,83
72,85
72,87
73,74
73,75
74,76
74,77
75,76
75,77
76,78
76,79
76,80
77,78
77,79
77,80
78,81
78,83
79,82
80,81
80,82
81,85
81,86
82,84
82,89
83,84
83,97
84,88
84,92
85,88
85,89
85,90
86,87
86,89
87,92
87,93
88,94
89,93
89,97
90,91
90,92
91,97
91,98
92,95
92,96
92,99
92,100
93,99
94,98
<end>