<number of tasks>
20
<cycle time>
1000
<order strength>
0.500
<z_alpha>
1.280
<task times>
1 210 8671.0563
2 169 186.4250
3 191 1813.5282
4 141 3598.3327
5 66 111.5445
6 117 2376.4316
7 232 7769.9781
8 39 222.5434
9 164 1409.3816
10 167 3157.4354
11 120 371.4294
12 33 4.9238
13 35 214.0964
14 255 9358.1939
15 134 1804.4216
16 275 15404.8398
17 22 26.0237
18 110 79.1915
19 218 7091.9321
20 94 6.6905
<precedence relations>
1,9
2,3
2,4
2,5
3,9
4,7
4,8
5,6
6,9
7,9
8,10
8,11
8,12
9,13
9,14
9,15
9,16
9,17
13,20
14,18
15,19
16,18
16,19
17,19
<end>