<number of tasks>
50
<cycle time>
1000
<order strength>
0.196
<z_alpha>
1.645
<task times>
1 558 23684.8389
2 640 2957.4463
3 445 46224.5728
4 345 7109.4027
5 526 25761.0342
6 566 1317.0495
7 408 28261.9653
8 302 8632.4038
9 489 7800.9915
10 587 40592.0384
11 689 1155.2406
12 457 33152.5505
13 333 11228.8155
14 335 14350.4412
15 348 6442.2224
16 658 21899.8153
17 328 19900.6096
18 491 17918.4781
19 497 13880.4395
20 283 18772.6858
21 608 13172.9854
22 444 31963.6253
23 496 28629.2185
24 476 33278.0519
25 336 18256.5627
26 522 10207.3704
27 367 27832.0248
28 467 10566.5332
29 689 17524.3101
30 565 6293.0105
31 589 17391.1390
32 771 4396.9129
33 567 45209.5210
34 620 13419.7022
35 730 14546.4177
36 437 8081.9463
37 531 23724.6226
38 369 24815.3696
39 548 48179.1173
40 515 51589.1032
41 557 7870.8684
42 323 2923.7122
43 499 14780.4100
44 542 6122.5338
45 453 10084.2925
46 520 39610.1021
47 609 30964.5216
48 383 19044.9975
49 310 831.3242
50 547 24976.4266
<precedence relations>
1,5
1,6
2,7
5,9
5,12
5,15
6,8
6,9
6,10
6,13
6,14
7,10
7,11
9,16
9,17
11,22
12,18
12,21
14,19
14,23
15,20
17,29
18,24
18,27
19,30
20,25
20,28
21,26
24,33
24,35
24,38
25,34
26,32
26,33
27,46
28,31
28,35
28,36
29,44
30,37
33,39
33,40
34,41
34,43
34,48
35,44
36,42
39,48
39,50
40,45
41,46
41,49
44,45
44,47
<end>