<number of tasks>
100
<cycle time>
1000
<order strength>
0.595
<z_alpha>
1.280
<task times>
1 442 1346.1836
2 678 20414.6150
3 499 55732.3720
4 464 33414.0300
5 355 14297.9328
6 425 27051.3186
7 442 14597.3437
8 597 25765.6091
9 433 3851.3658
10 571 4807.4137
11 365 9364.3804
12 652 22910.5437
13 675 24883.3058
14 629 27602.3884
15 622 9786.3620
16 364 21792.7641
17 431 10751.2535
18 342 27170.0877
19 549 33952.9894
20 600 16600.7583
21 501 45439.5070
22 474 41398.6963
23 544 25894.4973
24 212 6852.6243
25 760 6199.0174
26 519 47481.1451
27 485 40297.8244
28 675 10809.8824
29 525 29860.1638
30 617 12668.9915
31 538 31705.7118
32 664 1436.9234
33 525 12224.3780
34 518 55444.7831
35 638 4086.4468
36 416 11582.6781
37 419 10770.5801
38 393 6931.7578
39 703 4689.3802
40 298 7601.1365
41 587 41201.1458
42 573 31263.6885
43 369 24256.9731
44 546 50433.3556
45 708 9795.7799
46 582 28010.9295
47 204 1905.9092
48 511 38435.7335
49 199 2953.1903
50 539 53517.1016
51 473 42074.1398
52 487 43020.2880
53 460 17792.4924
54 348 21707.8085
55 591 17503.8281
56 430 25676.4414
57 565 23506.2688
58 568 32303.0821
59 235 7115.3572
60 300 13277.4553
61 639 9474.7475
62 527 51628.5881
63 544 23958.6580
64 410 32898.6896
65 549 22828.6406
66 656 1263.7456
67 352 9926.2311
68 401 9298.2113
69 461 36589.2734
70 649 3717.5868
71 645 20695.2163
72 390 23329.4009
73 378 31755.7357
74 444 23463.6574
75 455 33048.3332
76 380 16564.0204
77 474 15928.7350
78 571 6525.3272
79 631 28276.8798
80 521 44239.9078
81 499 42355.2814
82 449 28866.7198
83 482 55009.6303
84 652 21297.7184
85 723 2977.6452
86 315 12384.5273
87 636 22541.7250
88 227 6316.5666
89 560 44492.4623
90 447 18234.1165
91 395 6336.9888
92 630 26847.3691
93 376 20879.2058
94 623 21766.6705
95 657 27851.2877
96 308 2551.0627
97 371 18535.6657
98 370 24627.6517
99 560 13579.0648
100 768 9758.3571
<precedence relations>
2,15
2,47
3,7
3,9
4,8
5,7
6,7
6,8
7,10
7,11
7,13
7,14
8,10
8,12
8,21
9,12
9,14
10,16
10,23
12,16
12,18
13,15
13,24
13,35
13,54
14,15
14,16
14,17
15,34
15,36
16,19
16,20
17,20
17,21
17,29
18,22
18,23
18,26
18,40
19,24
19,28
19,29
20,24
20,25
20,26
20,27
21,27
21,45
22,29
23,38
23,53
23,65
23,75
24,97
25,32
25,56
27,30
27,41
27,55
28,30
28,33
28,51
28,52
29,31
29,47
30,37
30,39
30,40
31,34
31,35
31,80
32,36
32,37
32,38
33,34
33,38
34,48
35,45
35,66
35,67
36,41
36,43
37,47
37,77
38,73
38,77
38,90
38,92
39,42
39,46
40,44
40,54
41,49
41,51
41,52
41,62
42,49
42,66
42,70
43,58
43,62
44,50
44,81
45,49
45,53
45,77
46,54
46,56
47,58
48,55
49,59
50,77
50,90
51,57
51,60
52,57
52,61
52,66
52,92
53,58
53,89
54,63
54,68
54,74
55,57
55,66
55,77
56,60
56,62
57,63
57,90
58,87
59,69
59,94
60,80
60,94
61,65
61,76
62,63
62,64
62,66
62,72
63,67
63,70
64,67
64,68
64,74
65,69
65,100
67,75
67,78
68,71
68,77
69,72
69,74
69,90
69,96
70,73
70,76
70,99
71,80
72,78
72,95
73,79
74,78
74,98
77,78
77,79
78,85
78,87
78,91
79,82
79,83
79,84
79,86
79,88
79,89
80,81
80,85
80,90
81,92
81,93
82,95
82,100
83,96
83,98
85,97
86,95
87,99
89,94
90,98
91,93
<end>