<number of tasks>
20
<cycle time>
1000
<order strength>
0.174
<z_alpha>
1.645
<task times>
1 129 2122.9687
2 243 11145.6503
3 30 28.5610
4 23 96.8171
5 121 137.1339
6 102 1058.9634
7 182 1294.7774
8 234 2562.1227
9 173 2615.0184
10 267 11032.8894
11 229 749.2618
12 38 13.2951
13 278 7922.9122
14 166 1901.1079
15 77 378.9343
16 128 2399.7826
17 112 2567.0872
18 170 6428.4962
19 168 2553.0301
20 70 879.7082
<precedence relations>
1,5
3,6
3,7
3,8
3,9
4,10
5,13
5,14
6,11
7,15
9,12
11,16
11,17
13,18
16,19
17,20
<end>