<number of tasks>
1000
<cycle time>
1000
<order strength>
0.895
<z_alpha>
1.960
<task times>
1 254 158.5830
2 125 619.8766
3 222 2127.2065
4 84 228.8566
5 155 12.4411
6 203 2354.3024
7 184 318.7284
8 234 654.1560
9 46 72.9274
10 136 1144.8876
11 330 2560.5787
12 199 262.2278
13 101 518.6219
14 368 5474.1275
15 40 27.8040
16 43 11.8314
17 139 588.6974
18 265 3490.1589
19 233 3293.0198
20 111 389.8209
21 136 176.4423
22 117 770.1015
23 115 768.6543
24 27 4.4287
25 87 472.8969
26 29 43.7994
27 228 3224.3847
28 142 1180.7879
29 75 51.7658
30 64 229.2226
31 39 52.1355
32 174 1093.5676
33 63 50.9729
34 191 430.7560
35 164 1236.4183
36 98 462.1134
37 136 107.2319
38 185 1661.4017
39 153 338.8796
40 36 26.5510
41 23 31.5586
42 102 14.1709
43 182 1093.5615
44 40 90.9590
45 27 26.8687
46 178 1547.7488
47 134 864.9117
48 203 985.8315
49 110 610.5586
50 143 195.8564
51 308 5132.0056
52 150 944.8022
53 90 444.8772
54 150 1364.9494
55 48 58.8558
56 87 112.4257
57 233 1037.2258
58 165 1304.8280
59 206 138.2413
60 126 972.4672
61 63 142.9234
62 92 12.9347
63 187 2071.2944
64 41 23.4834
65 58 81.6159
66 99 38.9005
67 254 831.5495
68 106 442.1165
69 136 946.0270
70 159 873.7018
71 100 535.9171
72 87 288.4016
73 36 16.6401
74 72 241.7828
75 173 813.7820
76 126 579.3072
77 38 69.0466
78 94 442.9444
79 185 996.0216
80 87 117.8864
81 201 384.4867
82 154 1268.4601
83 100 237.6173
84 221 2124.7125
85 151 800.0403
86 200 1413.2944
87 59 123.1337
88 64 110.9928
89 40 8.7295
90 152 976.5219
91 80 58.0013
92 72 293.2157
93 53 146.5509
94 210 554.9337
95 177 224.1766
96 223 886.4497
97 120 144.1136
98 100 182.5935
99 273 203.4572
100 209 2107.2488
101 178 1304.8829
102 241 2754.4370
103 46 58.0351
104 37 73.5900
105 103 641.3949
106 154 391.7559
107 241 489.0032
108 185 1854.6922
109 78 264.5173
110 109 65.3738
111 112 511.4532
112 103 523.5136
113 220 954.1860
114 146 662.8867
115 330 3484.4264
116 68 223.0465
117 278 481.7501
118 72 154.5573
119 228 2050.3098
120 81 403.4824
121 88 392.9879
122 175 549.0877
123 199 1543.5176
124 57 19.9746
125 138 1162.5365
126 112 428.1496
127 107 185.9913
128 67 248.9042
129 119 583.2995
130 59 209.2516
131 130 241.8961
132 250 3841.2829
133 212 1270.6223
134 185 1813.5806
135 226 777.0917
136 63 148.1612
137 105 76.7077
138 260 448.9256
139 164 890.2838
140 113 267.4684
141 169 911.3894
142 327 4521.6804
143 42 23.2485
144 240 1880.9984
145 296 720.4017
146 241 3318.0123
147 199 1785.9441
148 122 182.2093
149 163 1300.3955
150 150 666.1940
151 99 598.0882
152 119 567.8287
153 243 131.1801
154 24 21.0001
155 92 357.7577
156 72 44.2420
157 122 772.3343
158 154 466.8744
159 207 701.0982
160 148 351.1052
161 30 3.6413
162 202 1962.9089
163 248 2386.7511
164 36 38.0500
165 270 322.1717
166 160 1514.0487
167 138 763.0582
168 129 158.7291
169 245 298.8324
170 209 439.8530
171 117 297.1184
172 70 305.4122
173 307 3815.1273
174 179 1037.3277
175 121 364.2111
176 193 2092.0746
177 133 483.6416
178 74 216.2502
179 63 0.1187
180 29 46.4090
181 212 1414.8363
182 56 100.9745
183 81 323.6504
184 140 1020.4001
185 226 2130.2173
186 57 151.0365
187 50 134.1329
188 134 186.4060
189 74 113.7060
190 182 2047.5897
191 257 1937.1937
192 63 46.5812
193 102 287.8011
194 108 708.2022
195 127 168.6010
196 245 2462.5770
197 54 155.4275
198 118 829.4958
199 184 1278.9102
200 105 524.5422
201 60 96.0632
202 49 20.9533
203 195 155.5278
204 56 185.6052
205 167 379.0929
206 94 16.0194
207 80 286.2709
208 163 1406.9382
209 51 107.6733
210 80 334.4406
211 283 1144.1702
212 252 3596.1865
213 56 62.1017
214 181 1471.8288
215 116 84.6533
216 151 549.0274
217 77 285.9140
218 183 921.5058
219 72 152.9613
220 205 1563.6839
221 184 1232.5589
222 112 545.6848
223 193 560.5103
224 102 620.1916
225 48 50.5611
226 51 78.6297
227 95 37.7782
228 37 0.4977
229 130 694.0818
230 217 1485.6336
231 32 17.1131
232 66 150.6306
233 201 1127.4728
234 132 21.3997
235 79 236.5743
236 64 181.3954
237 27 22.0970
238 278 3598.0085
239 213 2379.3019
240 70 95.2525
241 70 18.8960
242 274 2795.9531
243 26 4.9801
244 96 125.7334
245 241 3607.3889
246 177 885.9291
247 125 965.6555
248 104 106.3463
249 173 37.6301
250 23 24.2032
251 179 157.5886
252 80 307.8233
253 54 35.5141
254 287 477.5829
255 131 707.1118
256 30 47.7698
257 197 664.7065
258 302 5087.2957
259 76 131.8713
260 214 827.7507
261 26 42.2303
262 148 1197.1348
263 199 1558.9985
264 41 75.1643
265 83 236.8206
266 55 141.1019
267 264 2839.0460
268 49 31.8822
269 57 65.3504
270 79 87.9217
271 105 587.7652
272 204 1832.5557
273 32 28.9868
274 187 249.9671
275 300 2165.1139
276 103 51.6014
277 247 2037.6711
278 105 75.5979
279 179 1982.9398
280 141 924.6818
281 194 908.3712
282 220 1205.4186
283 130 341.5210
284 183 1916.2766
285 113 48.5298
286 218 649.5531
287 274 4243.1391
288 35 70.5685
289 70 104.1455
290 88 251.7629
291 78 275.7661
292 219 2415.5937
293 233 1222.0208
294 30 14.2464
295 212 2497.5553
296 90 205.6827
297 32 10.5340
298 249 2457.9762
299 43 92.4814
300 64 135.9890
301 25 30.2463
302 178 1214.9148
303 224 2059.3622
304 90 165.0288
305 72 266.1412
306 105 110.2878
307 186 923.4027
308 333 3425.5168
309 108 79.5205
310 169 565.1729
311 235 2371.3772
312 140 687.2937
313 57 86.2889
314 50 45.4329
315 86 122.5086
316 244 52.4071
317 101 445.4954
318 216 1648.0307
319 163 629.0149
320 178 1714.6793
321 54 26.2783
322 83 246.5030
323 154 1066.0968
324 30 33.9490
325 70 64.1191
326 150 716.4853
327 169 475.1487
328 201 1919.6049
329 256 2416.0969
330 155 1302.7189
331 227 2256.0986
332 34 3.5573
333 71 203.1565
334 109 329.1354
335 107 633.8711
336 20 0.4189
337 233 1989.9184
338 100 357.2219
339 135 1125.0550
340 151 934.3891
341 116 589.4598
342 162 651.9192
343 143 400.7426
344 167 1132.1403
345 136 1063.9305
346 103 620.3305
347 42 108.0510
348 182 263.8147
349 154 1461.5682
350 85 66.6900
351 57 125.0532
352 68 160.0151
353 83 348.1517
354 94 479.7558
355 184 945.1451
356 243 626.5675
357 49 20.7060
358 86 433.9554
359 81 77.7516
360 235 811.4883
361 329 1916.0780
362 20 7.3678
363 37 30.9129
364 289 3074.7895
365 63 29.0799
366 225 993.6403
367 61 104.2919
368 130 561.0037
369 64 66.4240
370 145 492.4651
371 125 449.1240
372 191 1562.4072
373 40 65.2322
374 234 2345.4135
375 178 1517.1508
376 92 210.0204
377 180 61.6795
378 133 333.6548
379 200 263.0968
380 114 225.3746
381 155 914.8430
382 154 106.5746
383 22 6.8307
384 91 249.3918
385 73 297.4501
386 218 1861.4811
387 91 195.2516
388 73 46.1043
389 122 792.7218
390 214 1992.1720
391 151 612.7198
392 96 456.5248
393 138 534.3159
394 182 664.1541
395 194 718.1856
396 227 2504.3428
397 145 632.9700
398 38 75.1958
399 112 241.4683
400 94 283.7996
401 110 630.0944
402 131 75.2134
403 68 279.4786
404 230 786.4946
405 113 680.6561
406 244 2918.8643
407 167 1694.5198
408 124 799.2160
409 115 487.8464
410 83 427.0436
411 270 2288.0982
412 73 177.4990
413 169 104.8496
414 47 133.3696
415 48 105.3151
416 139 1145.8803
417 132 1033.4976
418 63 167.3923
419 168 1325.4099
420 21 26.2804
421 141 591.0741
422 138 373.1332
423 63 68.3217
424 86 438.5641
425 25 30.2522
426 111 263.3510
427 103 518.8741
428 60 198.9591
429 183 253.4518
430 107 209.1268
431 77 180.2842
432 120 809.4628
433 176 597.7216
434 312 4007.2844
435 21 15.3311
436 122 596.7103
437 275 1879.7749
438 67 65.0682
439 39 58.9834
440 37 54.1448
441 108 158.1542
442 83 38.6945
443 187 1646.4757
444 197 1285.8678
445 167 1259.0065
446 199 1127.0200
447 250 3526.6346
448 33 64.6045
449 101 583.8714
450 71 13.7055
451 87 155.3014
452 25 5.5331
453 117 106.9794
454 43 80.0469
455 63 32.4765
456 157 910.4102
457 221 1739.8370
458 123 29.4684
459 95 562.1360
460 220 1087.6281
461 101 473.6277
462 132 558.3606
463 215 904.7451
464 102 209.6079
465 179 758.5662
466 98 401.6763
467 277 2155.7111
468 91 425.0875
469 188 1226.6786
470 407 7342.3541
471 102 518.8078
472 139 900.4231
473 75 249.0024
474 122 143.7452
475 28 32.4227
476 115 490.5130
477 171 1214.7867
478 126 653.9997
479 152 999.4295
480 186 656.7054
481 135 156.4648
482 43 48.7355
483 65 209.4281
484 81 338.0170
485 100 201.8071
486 41 88.4691
487 182 1444.7404
488 190 337.1634
489 189 1893.2680
490 100 408.7840
491 131 187.4877
492 69 110.9496
493 100 404.9372
494 165 871.6942
495 114 340.8199
496 105 265.1527
497 32 19.4404
498 211 1221.6928
499 129 62.1156
500 33 29.8740
501 126 256.8679
502 33 45.2249
503 80 167.4535
504 169 520.9560
505 100 7.0052
506 103 119.2420
507 27 40.2824
508 121 688.6400
509 127 118.9198
510 164 595.1537
511 203 1969.2316
512 98 530.6040
513 24 20.9947
514 44 4.0411
515 72 236.7797
516 112 436.0473
517 131 689.4926
518 171 296.0013
519 32 24.9475
520 138 278.1997
521 31 58.8044
522 105 216.3039
523 97 252.2272
524 97 405.1724
525 79 311.9173
526 137 787.6889
527 75 309.2999
528 88 437.2995
529 125 420.4321
530 244 955.0641
531 208 2439.1074
532 179 1556.9447
533 239 716.8045
534 132 620.9519
535 49 48.5675
536 239 1531.4612
537 270 2525.9292
538 133 102.9305
539 172 7.7387
540 220 2056.0195
541 137 707.2098
542 197 1150.0390
543 21 18.0299
544 120 778.8329
545 49 139.5262
546 141 826.3611
547 248 2086.1697
548 101 169.9889
549 296 2578.4318
550 85 432.0723
551 86 142.7116
552 143 302.6869
553 131 823.4475
554 185 315.4792
555 136 611.1025
556 188 1216.8368
557 156 497.1869
558 108 172.7663
559 169 419.0758
560 103 619.4058
561 42 10.9526
562 117 313.8290
563 54 21.9139
564 122 295.4057
565 131 348.9732
566 82 360.0284
567 89 74.7745
568 181 106.5155
569 131 157.9363
570 44 50.4758
571 141 783.5621
572 41 97.0653
573 72 34.1760
574 70 174.7590
575 36 56.3213
576 138 342.2865
577 191 1127.3707
578 99 311.6847
579 256 3625.7877
580 128 753.7561
581 96 535.0063
582 223 2791.3360
583 129 47.2288
584 329 2726.3184
585 248 505.5221
586 38 59.9374
587 151 340.3546
588 188 1793.1956
589 46 115.3700
590 160 978.2713
591 248 1661.9651
592 134 661.3128
593 40 92.7870
594 242 925.8429
595 216 19.2778
596 210 2051.3435
597 344 2112.6363
598 35 73.9958
599 208 2235.3809
600 240 1388.6917
601 79 179.7536
602 219 342.0699
603 121 651.5558
604 80 357.7952
605 133 964.1676
606 119 101.0443
607 174 1699.7854
608 193 23.2379
609 112 111.7592
610 427 619.7269
611 97 338.9037
612 133 824.4862
613 28 9.9614
614 64 31.9280
615 98 59.8652
616 74 334.6777
617 270 3368.4976
618 43 36.7705
619 232 2324.4772
620 55 173.5383
621 170 199.4015
622 249 3689.9425
623 123 158.8034
624 79 210.5885
625 80 305.2727
626 212 578.2915
627 271 4207.1166
628 66 77.7031
629 69 80.3578
630 150 1037.2869
631 44 49.9378
632 75 39.7059
633 46 126.5963
634 190 1838.6637
635 120 889.9787
636 76 95.6728
637 224 1032.9635
638 212 1040.5509
639 74 283.7906
640 127 925.2832
641 66 232.6827
642 116 304.5325
643 171 1032.8764
644 25 24.4677
645 256 1478.3971
646 149 1215.5962
647 141 1154.3695
648 172 1563.0959
649 102 405.0011
650 176 1543.9820
651 242 2601.3143
652 171 1544.8367
653 309 4435.2451
654 212 19.5625
655 142 159.4057
656 87 24.9498
657 148 564.1969
658 122 819.7024
659 32 44.2523
660 135 741.8386
661 117 146.5521
662 107 402.9629
663 219 738.6202
664 65 95.4201
665 80 250.8836
666 160 1315.5629
667 149 1098.1106
668 31 48.1656
669 265 4169.5399
670 126 678.7015
671 362 7657.3064
672 107 507.8101
673 269 3187.3783
674 245 1372.6285
675 134 672.1904
676 43 30.2178
677 190 384.2445
678 157 1368.7378
679 27 2.4560
680 116 65.4476
681 24 28.1111
682 147 74.3338
683 249 2390.1587
684 150 158.4658
685 188 1109.6716
686 85 405.0144
687 57 71.2610
688 173 949.0840
689 91 410.2089
690 278 3056.4313
691 53 46.9769
692 98 329.7701
693 156 62.9151
694 295 4005.0878
695 162 303.6417
696 221 2555.9026
697 90 91.9661
698 295 206.7483
699 96 206.6310
700 65 52.1243
701 150 806.2079
702 76 348.7975
703 29 52.2422
704 115 513.2245
705 121 775.1512
706 274 1490.0112
707 298 2775.0821
708 33 36.3109
709 337 5005.4425
710 27 16.5519
711 125 564.2886
712 276 504.3765
713 67 235.9249
714 132 2.5333
715 48 23.7706
716 109 510.0870
717 163 1086.2944
718 59 21.8200
719 146 65.8073
720 227 1635.6316
721 123 29.4750
722 146 1094.8963
723 248 997.3868
724 103 50.2085
725 165 335.3985
726 131 382.2700
727 50 5.0500
728 91 458.7546
729 118 271.5401
730 197 2167.5135
731 121 522.9754
732 119 300.2402
733 206 759.5390
734 71 205.1071
735 176 130.6057
736 169 898.9923
737 139 393.6233
738 124 781.9195
739 259 297.8536
740 40 67.6287
741 48 41.4589
742 40 67.1393
743 139 112.5933
744 146 962.3441
745 217 2795.1354
746 313 2439.3745
747 248 1692.9352
748 170 952.8916
749 96 285.6239
750 193 1037.8826
751 95 2.6392
752 189 1162.7752
753 128 70.1428
754 137 423.3903
755 86 366.6267
756 196 1415.8228
757 42 104.0623
758 30 9.7384
759 93 485.8688
760 88 367.2703
761 205 458.2022
762 170 632.9979
763 104 381.2433
764 113 153.8964
765 273 4315.8595
766 90 418.2307
767 130 67.4397
768 42 101.5739
769 129 390.2229
770 94 65.1820
771 129 337.7448
772 92 54.6269
773 102 145.6182
774 216 262.3267
775 101 614.3445
776 165 515.6368
777 118 451.9022
778 106 125.3826
779 137 536.0628
780 180 298.0679
781 285 5004.1482
782 30 37.9747
783 70 81.1395
784 122 781.9787
785 84 418.5909
786 76 291.9983
787 80 318.0959
788 259 7.6659
789 127 21.7001
790 157 143.4243
791 54 68.2008
792 137 1140.9275
793 104 133.9061
794 247 399.4695
795 166 247.4700
796 136 140.1082
797 95 176.9050
798 305 5543.5375
799 220 1116.3876
800 117 190.0319
801 308 405.7485
802 223 2705.5201
803 74 317.8891
804 42 60.2707
805 49 147.1300
806 110 266.3616
807 123 3.3133
808 159 1366.0189
809 303 2074.1872
810 289 1625.9180
811 122 438.6664
812 60 163.5913
813 84 326.5275
814 218 2746.7545
815 298 5472.2558
816 76 34.2805
817 196 998.5810
818 97 355.8689
819 371 957.0556
820 101 151.5558
821 60 222.7889
822 214 457.4590
823 114 46.4505
824 182 1556.0792
825 178 552.9321
826 100 7.6630
827 208 638.5923
828 51 158.2505
829 58 95.5759
830 199 801.0948
831 69 129.5647
832 117 635.4664
833 53 63.5608
834 130 891.1361
835 325 5329.7531
836 221 1861.5758
837 120 29.0263
838 186 993.1145
839 22 14.8499
840 87 362.8155
841 190 1060.8278
842 197 299.0786
843 51 114.8039
844 199 422.9908
845 79 223.9659
846 21 24.0047
847 69 64.8503
848 117 838.1527
849 145 59.0730
850 190 586.0392
851 239 179.7362
852 130 1006.7367
853 94 359.1033
854 199 279.3430
855 73 89.0145
856 46 37.5169
857 100 468.4293
858 203 1453.9130
859 148 718.4630
860 42 42.1585
861 169 1425.7734
862 269 2476.5861
863 274 2625.2902
864 145 103.9790
865 126 802.7718
866 222 1164.4684
867 52 84.4475
868 230 616.5881
869 45 72.1678
870 67 13.4505
871 212 2101.8487
872 252 988.4343
873 92 419.1286
874 49 97.2196
875 150 430.6613
876 195 781.6644
877 128 132.2136
878 43 30.4448
879 263 1595.4174
880 114 213.1722
881 251 2136.7112
882 93 118.5559
883 381 4857.6870
884 73 166.6806
885 265 3389.2321
886 240 3157.0124
887 62 18.2931
888 100 293.6370
889 81 171.6079
890 81 121.3975
891 150 998.5499
892 31 32.8299
893 224 2619.7995
894 82 117.8256
895 73 216.8455
896 219 1582.5905
897 161 927.5431
898 278 2842.4545
899 193 1281.8409
900 202 169.2590
901 120 134.4915
902 91 243.3961
903 23 27.2827
904 137 956.1083
905 78 3.4801
906 167 776.8519
907 140 258.0291
908 195 34.9095
909 324 4243.5507
910 120 852.2610
911 127 957.5022
912 67 198.0294
913 130 768.4355
914 140 742.1883
915 118 560.9917
916 211 1679.1060
917 123 271.2764
918 161 428.3409
919 26 14.1943
920 103 544.1795
921 357 5046.8691
922 138 838.0656
923 157 811.4397
924 200 2153.7601
925 259 1658.1487
926 71 242.2189
927 78 55.7142
928 178 1757.0084
929 195 454.7755
930 26 37.2954
931 276 4607.4381
932 178 1342.3304
933 57 198.7291
934 134 1046.7959
935 123 461.4086
936 177 1537.6275
937 128 564.6940
938 27 8.2490
939 55 105.7445
940 129 873.9093
941 185 886.6616
942 142 960.1862
943 68 183.7152
944 244 2266.2196
945 188 631.1954
946 310 2421.6836
947 35 25.4749
948 124 815.2220
949 276 726.7659
950 106 647.3721
951 74 106.5796
952 137 1035.1639
953 148 875.0883
954 126 691.3954
955 121 37.1948
956 161 1354.2361
957 210 2197.9220
958 51 30.4362
959 188 808.0588
960 39 46.6877
961 263 2043.2725
962 106 397.5566
963 125 462.7650
964 78 254.3923
965 47 74.8065
966 126 855.8299
967 226 2552.5219
968 155 868.7942
969 69 286.9899
970 37 38.3718
971 52 41.1062
972 112 622.9753
973 69 276.8966
974 307 4515.7948
975 175 716.6911
976 112 379.1710
977 106 668.1704
978 143 366.2369
979 59 95.7880
980 121 801.7126
981 359 2529.3083
982 44 33.4983
983 196 1334.0923
984 69 123.9759
985 181 521.2699
986 53 127.9021
987 232 1165.5470
988 116 242.7072
989 217 1808.9463
990 186 405.0221
991 82 96.1259
992 127 671.0692
993 94 302.9158
994 143 668.1125
995 76 8.2861
996 118 476.7501
997 96 111.6776
998 127 518.8547
999 39 42.6008
1000 103 425.6568
<precedence relations>
1,9
1,13
1,14
2,9
2,10
2,11
2,12
2,13
2,14
3,9
3,10
3,11
4,9
4,11
4,12
5,343
6,159
6,180
7,9
7,10
7,11
7,12
7,13
7,14
8,9
8,10
8,11
8,12
9,15
9,16
9,17
9,19
10,15
10,16
10,20
10,21
11,15
11,18
11,20
12,21
13,15
13,16
13,17
13,19
13,20
13,21
14,15
14,16
14,17
14,18
14,20
14,21
15,22
15,23
15,24
15,25
15,26
15,27
16,22
16,27
17,22
17,27
18,22
18,23
18,24
18,25
18,26
19,22
19,23
19,24
19,25
19,26
19,27
20,22
20,23
20,24
20,25
20,26
20,27
21,22
21,23
21,24
21,25
21,26
21,27
22,28
22,29
22,30
22,31
22,32
22,33
23,28
23,29
23,30
23,31
24,214
24,216
24,218
25,28
25,29
26,28
26,29
26,30
26,31
26,32
26,33
27,28
27,29
27,30
27,31
27,32
27,33
28,34
28,35
28,36
28,37
29,34
29,35
29,36
29,37
30,34
31,41
31,49
32,34
32,35
32,36
32,37
33,34
33,35
33,36
33,37
34,38
34,39
34,41
34,49
35,38
35,39
35,40
35,41
35,42
35,44
36,38
36,39
36,40
36,41
36,42
36,43
37,383
37,390
38,45
38,46
39,82
39,96
40,416
41,45
41,46
41,47
41,50
42,47
43,45
43,46
43,47
43,48
43,49
43,50
44,45
44,46
44,47
44,48
44,49
44,50
45,51
45,52
45,53
45,54
45,55
46,51
46,52
46,53
46,54
46,55
46,56
46,57
47,52
47,53
48,51
48,52
48,53
48,54
48,55
48,56
48,57
49,51
49,52
49,53
49,54
49,55
49,56
49,57
50,51
50,52
50,57
51,58
51,59
51,60
51,61
51,62
51,63
51,64
51,65
52,123
53,58
53,60
53,63
53,64
53,65
54,58
54,59
54,62
55,58
55,59
56,58
56,59
56,60
56,61
56,62
56,63
56,65
57,313
58,66
58,67
58,68
58,69
59,66
59,67
59,68
59,69
60,66
60,67
60,68
60,69
61,66
61,67
61,68
61,69
62,66
62,67
63,66
63,67
63,68
63,69
64,66
64,67
64,68
64,69
65,78
66,70
66,71
66,72
66,73
66,74
66,75
66,76
66,77
67,70
67,71
67,72
67,73
67,74
67,75
67,76
67,77
68,70
68,71
68,75
68,76
69,224
70,78
70,79
71,78
72,80
72,81
72,90
72,98
73,78
73,79
73,80
73,81
73,82
74,78
74,79
74,80
74,81
74,82
75,78
75,79
75,80
75,81
75,82
76,78
76,79
76,80
76,81
76,82
77,78
77,79
77,80
77,81
77,98
78,83
79,84
79,86
79,87
79,90
80,83
80,84
81,83
81,84
81,85
81,86
82,83
82,84
82,85
82,86
82,88
82,89
83,91
83,94
83,95
83,97
83,107
84,91
84,92
84,100
85,91
85,92
85,93
85,99
86,91
86,92
87,91
87,92
87,93
87,94
87,95
88,91
88,92
88,93
88,98
89,197
90,91
90,92
90,96
91,101
91,102
91,114
92,101
92,102
92,103
93,101
93,102
93,103
93,104
93,115
94,101
94,102
94,103
94,106
95,101
95,102
95,103
96,101
96,102
96,103
96,104
97,101
97,102
97,103
97,104
97,105
98,101
98,102
98,103
98,104
98,105
98,107
99,101
99,114
99,115
100,101
100,102
100,103
100,104
101,108
101,109
101,110
101,111
101,112
101,113
101,116
101,117
101,118
102,108
102,109
102,110
102,111
102,113
102,118
103,108
103,109
103,110
103,111
103,118
104,108
105,108
105,112
105,114
105,115
106,110
106,117
107,108
107,134
108,119
108,120
108,124
109,119
109,120
109,121
109,122
109,125
110,119
110,120
110,121
110,131
110,132
110,133
111,119
111,120
111,121
111,122
111,123
111,126
112,119
112,120
112,121
112,122
112,125
112,126
113,119
113,120
113,121
113,122
113,123
113,124
114,119
114,120
114,140
115,119
115,120
115,121
115,122
116,147
117,119
117,120
117,121
117,122
118,119
118,120
118,121
118,140
119,127
119,128
120,128
120,160
121,127
121,130
121,134
122,127
122,131
122,132
122,133
122,134
123,127
123,128
123,129
123,130
123,133
124,127
124,128
124,140
125,127
125,128
125,129
126,127
126,129
127,135
127,136
127,137
127,138
127,139
128,168
129,135
129,136
129,137
129,138
130,137
130,152
130,153
131,140
132,135
132,136
132,138
133,135
133,136
133,143
133,154
134,248
135,144
136,141
137,141
137,142
138,141
138,142
138,152
138,153
139,141
139,142
139,143
139,144
140,141
140,142
140,143
140,144
141,145
141,171
142,145
142,146
142,154
142,155
143,145
143,146
143,148
143,150
143,151
143,155
144,145
144,146
144,147
144,148
144,149
144,150
144,151
144,152
144,153
145,187
145,191
146,156
146,157
146,158
147,156
147,157
147,158
148,156
148,157
149,156
149,157
149,158
150,156
150,157
150,158
151,156
151,157
151,158
152,156
152,157
152,158
153,156
153,172
154,222
155,156
155,172
156,159
156,160
156,161
156,162
156,163
157,160
157,164
157,173
158,159
158,160
158,161
158,162
158,163
158,164
158,165
158,166
158,167
159,168
159,171
160,168
160,169
160,170
160,171
161,168
161,169
161,170
161,173
162,259
163,168
163,169
164,168
164,180
165,168
166,168
166,169
166,170
166,171
166,172
166,173
167,168
167,169
168,174
168,175
168,178
168,179
169,174
170,177
171,174
171,175
171,176
171,177
171,178
171,179
172,174
173,174
173,180
174,219
174,233
175,181
175,186
176,181
176,182
176,183
176,184
176,185
176,186
177,181
177,182
177,183
177,184
177,185
178,181
178,182
178,183
178,184
178,185
178,186
179,181
179,182
179,183
179,184
179,186
180,181
180,182
180,183
181,191
181,200
182,187
182,188
182,189
182,190
183,187
183,188
183,190
184,189
185,187
185,188
185,189
186,187
186,188
186,189
186,190
186,191
187,192
187,193
187,194
187,196
187,197
187,198
187,199
187,200
188,192
188,193
188,194
188,195
189,192
189,193
189,194
189,195
189,197
189,198
189,199
189,200
190,192
190,193
190,194
190,195
190,196
190,197
191,194
191,195
191,196
191,199
192,201
192,203
192,210
192,211
193,201
193,202
193,203
193,204
194,205
195,201
195,202
195,203
195,204
196,201
196,202
196,203
197,201
197,202
197,204
197,205
198,201
198,202
198,203
198,204
198,205
199,201
199,202
199,203
199,204
200,201
200,211
201,206
201,207
201,212
202,206
202,208
202,209
202,210
202,211
202,212
203,206
203,207
203,208
203,212
204,206
204,207
204,208
204,209
204,212
205,206
205,208
205,209
205,210
205,211
205,212
206,213
206,214
206,215
206,216
206,217
206,218
207,213
207,214
207,215
207,218
208,213
208,214
209,213
209,214
209,217
210,218
210,221
210,223
211,213
211,214
211,215
211,216
211,217
211,218
212,213
212,214
212,217
212,218
213,219
213,220
213,221
213,222
213,223
213,224
214,219
214,220
214,221
214,223
214,224
215,219
215,223
216,219
216,221
216,224
217,219
217,220
217,221
218,222
218,224
219,225
219,226
219,227
220,228
221,225
221,246
222,225
222,226
222,227
222,228
223,225
223,226
223,227
223,228
224,225
224,226
224,233
225,229
225,235
225,247
226,229
226,230
226,231
226,234
227,231
227,232
227,235
228,229
228,230
228,233
229,236
229,248
230,236
230,239
230,240
230,241
230,242
230,246
231,236
231,237
231,238
232,236
232,237
232,241
233,236
234,236
234,237
234,238
234,239
234,242
235,315
236,243
236,244
236,245
236,249
237,243
237,244
237,246
238,552
238,560
239,247
240,243
240,244
240,248
240,249
241,243
241,244
241,245
242,244
243,250
243,251
243,254
244,253
245,250
245,251
245,252
245,254
246,250
246,251
246,252
246,253
246,254
247,274
248,250
248,251
249,250
249,251
249,252
249,254
250,255
250,256
250,261
251,259
251,260
251,261
252,255
252,256
252,257
252,258
252,259
252,265
253,255
253,256
253,257
253,258
253,259
253,265
254,255
254,256
254,257
254,258
254,259
254,260
254,261
255,262
255,263
255,264
256,554
256,565
257,262
257,268
258,262
258,263
258,266
258,267
258,268
259,262
259,263
259,264
259,268
260,262
260,263
260,264
260,265
260,266
260,267
260,268
261,268
261,278
262,269
262,270
262,271
262,272
262,273
263,269
263,273
263,279
264,269
264,272
264,273
265,456
266,269
267,269
267,270
268,269
268,270
268,271
269,337
270,274
270,275
270,279
271,274
271,275
271,276
271,279
272,274
272,275
272,276
272,277
272,279
273,277
273,278
274,280
274,281
274,282
274,283
274,284
274,285
275,280
275,281
275,282
275,285
276,280
276,281
276,282
276,291
276,293
277,280
277,281
277,282
277,283
277,284
277,285
278,304
279,282
279,284
280,292
281,286
281,287
281,288
281,289
281,294
282,286
282,287
282,288
282,289
282,290
283,446
284,286
284,287
284,288
284,289
285,286
285,291
285,293
286,295
286,296
286,300
287,295
287,296
287,297
287,298
288,295
288,296
289,295
289,299
289,300
289,301
290,295
290,296
291,295
292,295
293,295
294,295
294,297
295,302
295,311
296,302
296,303
296,304
296,305
297,302
298,302
298,305
298,306
299,302
299,303
299,304
299,305
299,306
300,302
300,303
300,304
300,306
301,302
301,303
301,304
301,305
301,306
302,307
302,308
302,309
302,310
302,312
302,313
303,309
303,313
304,307
304,308
304,309
304,310
304,312
305,909
305,939
306,307
306,310
306,311
306,313
307,314
307,315
307,316
308,314
308,317
309,314
309,315
309,316
309,317
309,318
309,319
309,320
310,314
310,315
310,316
310,317
310,327
311,314
311,315
312,314
312,315
312,316
312,317
312,319
313,316
313,318
314,321
314,322
314,323
314,328
315,321
315,322
315,323
315,329
316,321
316,322
316,323
316,324
316,325
317,321
317,322
317,323
317,324
317,325
317,330
318,321
318,322
319,321
319,322
319,325
319,326
320,323
320,327
321,331
321,332
321,339
322,331
322,332
322,334
322,340
322,349
323,331
323,333
323,335
324,331
324,332
324,333
324,334
324,335
324,338
325,331
325,332
325,337
326,429
326,475
327,331
327,332
327,333
327,334
327,335
328,331
328,332
328,333
328,339
329,331
329,332
329,333
329,336
330,331
330,332
330,333
330,355
331,341
331,342
331,343
331,344
331,356
331,357
332,341
332,342
333,341
333,342
333,343
333,350
333,357
334,341
334,342
335,407
336,341
336,366
337,341
337,342
337,343
337,344
337,346
338,398
339,345
340,344
341,347
341,353
342,347
342,348
342,351
342,352
343,347
344,347
344,350
345,347
345,348
346,347
346,349
347,354
348,354
348,358
348,359
349,355
349,356
349,357
350,501
351,556
352,354
352,359
352,360
353,361
353,373
354,362
354,363
354,364
354,373
355,362
355,363
356,376
356,384
356,385
357,362
357,363
357,366
357,372
358,362
358,363
358,364
358,365
358,366
359,362
359,363
359,365
360,362
361,362
361,364
362,367
362,368
362,369
362,370
362,371
363,367
363,368
364,372
365,367
365,369
366,367
366,368
366,373
367,374
367,375
367,378
368,374
368,375
368,376
368,377
369,489
370,467
370,479
371,376
371,385
372,374
372,375
372,377
372,381
373,378
373,388
374,379
374,380
374,383
375,379
375,382
375,383
375,384
375,385
376,379
376,380
376,381
376,382
377,384
377,403
378,379
378,381
379,409
380,386
380,387
380,390
380,401
381,386
381,387
382,386
382,387
382,388
382,389
382,390
383,386
383,387
383,388
383,389
384,457
384,497
385,386
385,387
385,388
385,389
386,391
386,392
386,393
386,409
387,520
388,391
389,391
389,392
389,393
389,394
389,395
390,391
390,392
390,393
391,396
391,397
391,398
391,410
392,396
392,397
392,398
393,461
394,398
394,413
395,396
395,399
395,400
395,401
396,404
396,407
396,408
397,403
397,416
398,402
399,402
399,403
399,404
399,407
399,408
399,409
399,410
400,402
400,405
400,413
401,402
401,403
401,404
401,405
401,406
401,409
402,411
402,412
402,417
403,411
403,413
403,419
404,411
404,412
404,413
405,411
405,412
406,411
407,411
408,412
409,411
410,421
410,477
411,415
411,418
411,420
412,414
412,416
412,419
412,436
413,417
414,421
415,425
415,428
415,494
416,421
416,422
416,423
417,421
417,422
418,421
419,421
419,424
419,426
420,421
420,423
420,427
421,433
421,517
422,430
422,434
422,452
422,454
422,455
423,435
424,476
425,429
425,436
426,429
426,431
426,432
427,455
428,429
428,436
429,440
429,442
430,437
430,443
431,437
432,438
432,626
433,796
433,866
434,439
435,437
435,438
435,439
435,441
436,438
437,444
438,597
438,642
439,527
439,569
439,594
439,597
440,446
440,495
441,444
441,445
441,447
442,600
443,444
444,448
444,449
444,450
445,451
445,472
445,475
446,453
446,454
447,448
447,452
447,455
448,456
448,460
449,459
449,461
449,494
450,456
450,457
450,466
450,494
451,456
451,457
451,458
451,459
452,456
452,457
452,458
452,459
453,456
454,457
455,456
455,457
456,462
456,469
457,468
457,500
458,462
458,467
459,462
459,463
460,462
460,464
460,465
460,466
461,462
461,463
462,470
462,493
463,470
463,505
464,471
464,472
465,729
466,470
466,471
466,472
466,475
466,486
466,495
467,470
467,473
467,474
467,481
467,484
468,625
469,470
469,471
470,477
470,480
470,483
470,492
471,476
471,479
471,484
472,479
473,482
473,485
473,486
474,476
474,478
475,476
475,481
476,487
476,488
476,493
476,508
476,509
477,487
478,487
478,494
478,495
478,512
479,487
479,492
480,488
480,490
480,638
481,487
482,602
483,489
483,491
484,487
484,488
484,489
484,490
484,509
485,487
485,488
486,487
486,512
487,496
487,524
488,813
489,498
489,499
489,500
489,512
490,708
490,719
490,722
491,496
491,497
491,498
492,496
492,497
493,501
494,496
495,496
495,497
495,507
496,502
496,503
496,531
497,502
497,503
497,504
497,506
497,509
497,519
498,502
498,507
499,506
499,531
500,502
500,508
500,519
500,526
501,504
501,505
502,510
503,510
503,511
504,510
505,512
505,521
505,543
506,510
506,511
507,567
508,510
509,510
510,513
510,514
510,516
510,520
511,513
511,514
511,515
511,517
511,518
511,521
512,519
512,616
513,906
513,984
514,522
514,523
515,525
516,522
517,522
518,526
518,622
518,667
518,705
519,524
519,651
520,522
520,527
521,522
522,528
522,530
523,529
523,532
524,528
524,531
524,603
525,528
525,759
525,780
526,528
526,875
526,903
527,678
528,743
528,884
529,533
530,534
530,536
530,537
530,538
531,539
531,743
531,973
532,535
532,549
533,540
533,541
533,543
533,549
534,540
534,541
535,541
535,550
536,540
536,559
537,540
537,545
538,540
538,542
538,544
539,989
540,550
540,578
541,546
541,547
541,548
542,546
542,548
543,660
544,629
544,691
545,546
545,547
545,549
546,551
546,552
547,554
548,551
548,552
548,553
548,554
548,555
548,556
549,557
549,567
550,637
550,681
552,558
552,561
553,625
554,557
554,560
555,557
555,622
555,636
556,559
557,563
557,564
558,563
558,565
559,562
560,562
560,563
560,566
560,568
560,586
561,562
561,563
561,564
561,565
561,567
562,573
563,569
563,574
564,702
564,842
564,902
564,971
565,569
565,570
565,571
565,572
566,616
566,619
567,569
568,621
568,644
569,575
569,577
569,579
569,635
569,681
570,575
570,576
570,680
570,681
571,575
571,581
571,583
572,578
572,624
573,575
573,582
573,597
574,575
574,580
575,588
577,584
577,591
578,584
578,585
578,622
578,655
579,652
580,589
580,593
581,585
581,586
582,584
582,587
582,590
583,584
583,593
583,646
584,592
585,976
586,592
586,597
587,720
587,732
588,599
588,637
589,595
589,596
590,594
591,593
592,599
592,602
593,659
593,674
594,598
594,599
594,600
594,601
594,603
595,600
595,601
596,702
596,720
596,741
597,598
597,599
598,604
598,609
599,605
600,604
600,605
601,607
601,608
601,610
601,612
602,620
603,606
604,611
604,612
605,616
605,709
606,613
606,617
606,618
606,619
607,614
607,621
608,611
609,612
609,620
609,622
609,688
610,615
611,627
612,682
612,690
613,625
613,640
614,623
614,624
615,623
616,731
617,713
618,623
618,626
619,624
620,623
620,658
621,623
621,624
623,650
623,686
624,628
625,629
625,630
626,628
626,629
626,675
626,679
626,680
627,631
628,634
628,637
629,632
629,636
629,695
630,634
631,632
631,633
631,635
632,638
633,638
633,640
633,641
633,643
634,639
634,681
635,638
635,644
635,695
636,638
637,638
637,639
637,642
638,645
638,646
639,648
640,645
640,647
640,648
640,649
641,645
642,650
643,707
644,645
644,651
645,652
645,657
646,652
647,652
647,653
647,655
647,656
648,654
648,658
648,684
649,652
649,683
650,819
650,936
650,971
651,674
652,659
652,660
653,662
654,660
655,659
655,663
655,664
656,665
657,924
658,661
658,690
659,666
659,668
660,669
660,672
660,682
661,670
661,673
662,666
662,671
662,675
662,693
662,695
663,666
663,674
663,685
664,817
665,666
665,667
665,701
666,677
667,685
668,676
668,677
668,684
668,701
669,676
669,677
669,685
670,678
670,683
671,679
671,680
671,682
672,851
672,922
672,932
673,732
673,742
674,676
675,681
675,710
676,686
676,687
677,686
677,688
678,686
678,689
678,691
679,686
679,687
679,701
680,718
681,692
682,689
683,706
684,686
684,693
685,687
685,690
686,692
686,694
686,696
687,692
687,710
688,692
688,705
689,697
690,895
690,902
691,693
691,695
691,741
692,698
692,700
692,703
692,706
693,720
694,698
694,702
694,704
694,783
696,699
696,705
697,701
697,734
697,787
698,708
698,711
699,707
700,923
702,710
702,778
702,916
703,709
703,712
704,836
705,793
705,889
706,707
707,713
707,714
707,715
707,718
707,719
708,988
709,715
711,716
711,781
712,717
712,767
712,778
713,776
714,838
715,720
715,722
716,763
716,879
717,739
718,764
719,721
719,759
720,723
720,725
720,727
720,728
720,729
721,726
722,724
722,725
723,730
725,734
726,732
727,731
727,736
727,755
728,733
728,846
728,852
728,895
728,912
728,920
729,730
729,735
730,743
730,744
730,766
730,841
730,843
731,737
731,738
731,745
732,737
732,738
732,741
733,742
734,746
734,758
735,739
735,740
735,787
736,883
737,976
738,749
739,747
739,748
739,792
740,747
744,748
744,812
745,747
745,751
746,747
746,792
747,752
747,754
747,756
748,751
748,755
749,750
749,751
749,752
749,753
750,757
752,760
752,846
753,812
753,954
753,973
754,759
755,758
755,775
756,761
757,762
757,764
757,767
758,897
759,770
760,763
760,768
761,765
761,766
761,769
762,773
763,859
764,774
764,778
764,863
765,771
765,772
766,774
766,779
766,836
767,776
767,859
768,771
769,775
769,777
769,796
770,803
770,906
770,939
770,973
771,964
771,971
772,782
772,981
773,789
774,780
775,780
775,782
775,783
776,785
777,781
777,784
778,991
779,795
779,872
780,791
780,854
780,872
781,788
782,930
783,789
783,790
783,823
784,786
785,787
785,792
786,838
786,980
787,796
787,807
787,825
787,872
788,797
788,814
790,793
790,794
791,795
792,901
793,798
794,799
794,895
794,901
795,798
795,801
795,802
795,847
796,798
796,821
796,875
797,800
798,811
798,815
799,803
799,809
799,810
799,891
800,804
801,806
801,808
802,805
802,807
802,838
802,850
802,876
804,812
804,815
804,816
804,817
804,826
805,818
805,869
806,862
807,813
808,924
808,967
809,814
809,904
810,941
811,857
812,911
813,821
813,826
814,819
814,822
814,827
814,944
815,824
815,831
816,820
817,825
817,837
817,848
818,823
819,926
820,834
820,836
821,829
821,873
822,900
823,828
823,835
824,830
824,837
825,832
825,833
827,831
828,902
828,968
830,842
831,943
832,841
833,838
833,843
833,982
834,856
835,870
836,839
836,840
836,865
837,838
837,855
837,857
839,873
840,845
840,846
840,847
840,848
841,844
841,849
841,850
844,854
844,855
845,877
846,989
847,853
847,857
848,856
849,852
849,996
850,851
851,858
851,861
851,899
852,860
852,865
853,916
854,862
855,858
855,887
855,997
856,859
856,863
857,864
859,866
859,869
860,921
860,990
861,868
861,948
862,867
862,899
863,949
864,867
866,872
866,873
866,877
867,870
867,871
867,874
867,876
868,875
868,934
868,970
870,881
870,882
870,883
871,878
873,880
873,884
873,903
874,877
874,879
874,921
876,883
877,886
877,891
877,903
878,892
878,902
880,887
880,889
881,888
882,890
882,989
883,885
885,953
886,893
886,900
886,901
887,906
887,918
887,945
887,998
888,939
888,961
889,896
889,897
889,899
890,898
891,965
892,894
892,895
893,908
894,905
894,906
894,907
895,903
897,906
898,902
899,992
900,966
901,904
901,908
902,911
903,913
904,917
905,915
905,947
906,974
907,910
907,914
907,916
908,909
908,912
909,974
911,982
912,918
913,917
913,919
915,989
916,920
917,922
917,923
917,925
917,926
917,931
918,927
918,950
919,924
920,921
921,974
921,995
922,928
923,929
924,931
924,932
924,933
925,930
928,936
928,939
931,934
931,940
931,941
932,937
932,969
933,935
933,938
933,942
934,988
936,968
937,945
937,980
939,943
939,948
939,962
940,946
941,947
942,944
943,954
943,999
946,949
946,962
947,950
947,951
947,952
947,953
949,968
952,955
952,959
953,956
954,957
954,958
955,966
955,991
956,960
956,965
958,965
958,967
959,961
959,962
959,963
959,964
960,968
962,970
963,969
964,973
964,997
965,971
966,975
967,972
969,974
970,975
971,976
971,977
971,978
974,982
975,985
976,983
976,986
977,980
977,981
977,984
978,979
978,987
981,989
981,990
982,991
982,1000
984,988
986,988
986,992
988,993
989,995
990,997
990,998
990,1000
991,994
991,999
992,996
<end>