<number of tasks>
100
<cycle time>
1000
<order strength>
0.196
<z_alpha>
1.645
<task times>
1 564 23195.8782
2 502 15298.5237
3 584 8355.7157
4 290 12468.5188
5 467 52036.2772
6 529 44621.6331
7 491 54028.1071
8 668 19723.6540
9 691 11122.9807
10 553 31206.8089
11 217 10914.9666
12 640 21699.9021
13 504 59368.1678
14 691 20656.6197
15 589 5724.7202
16 523 39986.2773
17 428 21065.3671
18 425 37872.3467
19 555 15286.0091
20 437 39847.7314
21 473 54179.9934
22 562 45261.3158
23 537 19749.1551
24 449 40358.3311
25 470 17437.1831
26 550 31148.8838
27 484 39454.2678
28 469 34193.8121
29 480 46495.8709
30 427 40883.7741
31 648 2129.6830
32 500 40463.5901
33 754 4520.0101
34 583 3373.6349
35 616 19239.3241
36 384 6139.8094
37 339 13628.2400
38 336 26951.7623
39 320 19699.2211
40 660 20244.4283
41 337 26647.5399
42 541 9578.2208
43 612 13791.6640
44 475 56376.7498
45 506 24296.9238
46 644 25314.1058
47 411 2965.4806
48 593 9985.1541
49 632 13078.2865
50 281 17417.9667
51 721 5422.1210
52 586 40947.1749
53 572 44516.7901
54 628 14276.6691
55 643 14369.5268
56 742 7568.3101
57 460 5584.5899
58 415 14905.1083
59 453 14182.4840
60 418 5228.2812
61 624 7112.9919
62 525 41965.6134
63 500 44818.0052
64 566 2508.2875
65 630 10939.3443
66 571 22050.4501
67 602 10507.0035
68 668 1754.1890
69 716 16959.8440
70 392 33342.8842
71 460 10639.3786
72 342 19810.7049
73 642 5632.0775
74 350 5376.7385
75 530 23814.4067
76 643 2692.9357
77 439 45707.7246
78 390 681.6046
79 532 52148.3933
80 618 23917.3521
81 380 14151.7666
82 627 23116.1298
83 575 43317.7333
84 504 61338.3265
85 693 19397.9895
86 364 20443.1311
87 464 7520.7243
88 539 11809.5626
89 442 16823.6344
90 579 18495.0808
91 264 16401.1663
92 570 12751.0340
93 547 5286.5028
94 429 44940.8537
95 511 47128.8177
96 516 58997.3569
97 342 1636.8151
98 612 9862.8423
99 416 22243.1747
100 424 41281.7254
<precedence relations>
1,15
1,23
2,14
2,23
3,16
4,18
5,13
5,19
7,12
8,94
11,17
11,20
11,82
12,21
12,25
12,87
14,28
14,54
16,23
16,24
16,29
18,39
19,49
20,22
20,89
21,27
21,29
22,26
22,28
22,31
22,62
23,30
23,37
23,40
24,96
26,33
26,37
27,36
27,39
27,40
28,35
29,37
30,89
31,32
31,34
31,38
31,54
32,42
33,87
34,48
35,55
36,44
37,41
37,45
37,49
38,43
38,49
38,50
38,60
39,47
40,46
43,56
44,56
45,54
46,93
47,53
48,87
49,52
50,51
50,55
50,57
51,58
51,59
53,60
53,62
53,63
53,64
54,59
55,61
57,93
58,66
58,68
59,72
59,78
61,65
62,71
64,67
64,69
64,70
65,79
65,80
66,76
67,82
68,83
68,90
69,73
69,77
69,78
69,81
70,76
70,86
72,74
72,75
72,96
73,85
75,97
77,89
77,90
79,87
79,88
80,84
80,86
81,91
83,88
84,98
85,95
87,93
87,94
88,92
89,99
90,96
90,100
91,97
<end>