<number of tasks>
50
<cycle time>
1000
<order strength>
0.201
<z_alpha>
1.645
<task times>
1 45 416.8337
2 145 3001.8606
3 212 5867.1210
4 95 585.8566
5 210 154.2753
6 132 3042.6257
7 270 10548.6643
8 159 3796.2474
9 123 2695.4339
10 212 2307.2790
11 142 41.1431
12 95 652.1392
13 218 3575.2732
14 32 51.4174
15 49 539.0131
16 243 227.6234
17 160 1697.9740
18 170 2030.0668
19 138 871.9333
20 42 219.5191
21 182 7625.5522
22 111 2212.0956
23 123 98.3676
24 190 2516.9393
25 223 7638.3407
26 57 798.9588
27 236 6583.3771
28 127 656.1643
29 275 10864.7651
30 202 972.3590
31 56 59.9906
32 61 480.2113
33 68 898.9536
34 211 9579.2199
35 102 1494.6402
36 133 1918.2320
37 289 12339.1779
38 79 38.2653
39 111 2514.1890
40 294 2986.2455
41 242 9167.9606
42 113 2562.2947
43 258 15624.2455
44 189 6689.5699
45 128 2061.6665
46 204 9083.2509
47 38 328.1488
48 186 5075.1597
49 264 14880.0500
50 157 1509.5700
<precedence relations>
1,8
1,9
3,5
3,6
3,10
3,11
4,7
4,10
6,14
8,13
8,15
8,17
9,12
9,19
9,32
10,18
11,13
11,16
11,45
12,23
14,35
16,21
16,22
17,20
17,25
18,24
20,28
23,26
25,27
25,28
26,35
27,29
27,31
27,34
28,30
28,32
28,33
29,39
29,41
30,38
30,40
31,39
32,37
33,40
35,36
35,45
36,44
36,48
36,49
37,45
38,43
38,49
39,47
39,48
40,50
41,42
41,46
<end>