<number of tasks>
20
<cycle time>
1000
<order strength>
0.563
<z_alpha>
1.645
<task times>
1 325 5143.5124
2 113 728.3105
3 59 34.0149
4 51 54.5188
5 163 474.0692
6 112 31.0071
7 214 2624.5515
8 107 480.8722
9 181 1947.5232
10 34 71.9552
11 123 285.6642
12 141 841.8576
13 138 467.8715
14 300 3464.7451
15 78 110.1445
16 37 7.8658
17 154 685.5428
18 263 882.4564
19 123 172.1316
20 218 2138.5220
<precedence relations>
1,4
2,5
2,6
3,5
4,7
5,7
6,16
7,8
7,9
7,10
7,11
8,13
9,14
10,12
10,15
10,16
10,19
11,16
11,17
12,18
13,19
14,19
16,20
17,20
<end>