<number of tasks>
100
<cycle time>
1000
<order strength>
0.196
<z_alpha>
1.280
<task times>
1 426 7575.0831
2 637 2323.8509
3 464 9843.8254
4 342 4286.7279
5 395 8033.8759
6 517 16505.7113
7 632 2208.3910
8 432 7587.0788
9 287 4901.7350
10 445 10107.7793
11 497 14.6109
12 462 8262.4068
13 371 7451.9733
14 393 385.9044
15 428 8700.6154
16 569 9964.8336
17 564 8622.7486
18 416 1875.3822
19 365 1948.4896
20 474 7921.4170
21 550 15371.0568
22 512 15371.7028
23 496 14185.9879
24 518 2632.3142
25 384 6249.0106
26 439 10536.5115
27 701 21033.0725
28 392 5847.2656
29 545 2247.9177
30 657 5484.6165
31 571 18661.8986
32 469 6152.1982
33 435 9577.1179
34 496 11191.6345
35 714 4416.9391
36 482 8002.0069
37 539 4480.9885
38 397 1787.0327
39 589 13737.1549
40 794 5794.2656
41 494 8953.6591
42 839 741.2311
43 522 5591.0427
44 670 11616.8411
45 367 3791.3341
46 950 41.5879
47 571 9522.4532
48 598 17390.1072
49 499 4018.8003
50 603 10097.8098
51 411 4794.6431
52 858 115.9838
53 484 13797.0382
54 439 6470.3832
55 689 17674.1543
56 588 14953.4286
57 353 5318.1740
58 579 9830.6466
59 538 17962.0620
60 697 17380.0256
61 689 19325.9770
62 562 15067.8640
63 497 8090.5805
64 465 6590.9337
65 431 1821.4866
66 547 17747.0607
67 346 535.3231
68 671 3575.2235
69 611 4327.5302
70 245 422.5929
71 336 3622.8031
72 331 3367.0640
73 447 5330.8002
74 719 7175.1101
75 719 16916.6168
76 449 507.5507
77 399 3761.5766
78 570 4970.2746
79 550 901.2157
80 504 6721.0653
81 650 17575.1793
82 585 1746.5248
83 440 9925.7423
84 640 5925.9094
85 352 4244.0347
86 306 2486.9269
87 672 954.2684
88 671 14211.4726
89 348 1322.1735
90 497 8745.1502
91 470 12480.0121
92 549 17123.9337
93 748 15521.6073
94 579 18626.3303
95 489 318.7313
96 365 1742.3306
97 517 3189.2896
98 480 2240.2999
99 436 5506.5553
100 390 8298.8126
<precedence relations>
1,9
2,9
3,9
4,9
5,10
6,11
6,12
6,13
6,15
6,48
7,9
7,16
8,14
9,17
9,18
9,19
9,20
9,21
9,22
10,25
11,24
12,23
13,26
16,38
17,71
18,71
19,32
20,33
20,48
21,87
22,28
22,31
22,34
23,27
24,29
25,30
27,36
28,35
30,38
30,39
33,54
33,78
34,37
35,40
36,41
37,49
37,59
38,43
38,44
38,45
38,47
39,42
39,46
39,48
40,49
41,52
42,51
42,56
43,90
44,54
44,100
45,49
45,55
45,57
45,58
46,50
46,53
46,54
47,76
49,71
50,71
51,60
52,61
53,62
53,67
54,63
54,65
55,59
55,68
55,69
55,70
56,64
57,66
58,76
59,71
60,75
61,72
62,73
63,74
66,78
68,76
68,77
71,79
71,80
71,81
71,82
71,83
71,84
71,85
72,87
73,86
74,88
77,89
77,90
86,91
87,93
87,96
88,94
89,95
90,92
90,94
91,97
93,100
94,98
94,99
<end>