<number of tasks>
20
<cycle time>
1000
<order strength>
0.189
<z_alpha>
1.960
<task times>
1 293 4711.6750
2 174 209.3763
3 547 9117.0063
4 32 39.1072
5 179 1779.2689
6 157 234.3431
7 393 2827.0556
8 141 895.0964
9 148 617.6957
10 136 585.4361
11 90 481.7635
12 454 5620.2149
13 80 292.2297
14 155 1054.4651
15 538 14318.1182
16 379 4795.8761
17 202 953.2652
18 135 32.2866
19 429 1176.1304
20 361 3021.2250
<precedence relations>
1,7
2,8
3,6
4,9
6,10
7,12
8,11
9,13
9,14
10,16
11,15
15,17
16,18
16,19
16,20
<end>