<number of tasks>
100
<cycle time>
1000
<order strength>
0.195
<z_alpha>
1.280
<task times>
1 449 10580.3463
2 362 5365.9249
3 143 2709.4660
4 101 2416.5519
5 99 342.6468
6 623 36750.8726
7 468 27037.3261
8 252 5079.3864
9 137 787.8422
10 152 1667.7780
11 40 49.0020
12 105 2687.8901
13 423 35238.5519
14 223 5826.1181
15 108 2172.2794
16 128 1980.3247
17 38 40.3956
18 477 22718.2496
19 146 935.2828
20 304 1910.9993
21 518 45371.9323
22 266 6563.1437
23 35 0.6568
24 237 10247.6308
25 51 388.9666
26 42 427.6855
27 134 2214.9872
28 538 42123.9303
29 435 39707.4008
30 77 1214.0359
31 36 287.6487
32 185 8113.2027
33 216 6822.2696
34 102 375.1073
35 107 1658.2289
36 273 17195.0933
37 154 823.5428
38 263 13835.3396
39 30 146.3977
40 149 1899.1742
41 91 1169.3539
42 32 237.0310
43 69 708.9998
44 228 2127.1805
45 51 529.6229
46 267 557.6858
47 105 1387.4091
48 92 1594.4231
49 509 15035.0450
50 291 4277.5711
51 289 1651.9388
52 220 3097.6239
53 26 68.4402
54 245 8516.3933
55 96 2272.8102
56 540 49257.7566
57 144 3927.3508
58 65 412.6802
59 77 908.8997
60 311 15077.7717
61 130 3948.2088
62 431 4464.1879
63 40 393.5721
64 119 1239.0602
65 173 5277.9239
66 239 6275.2101
67 153 3263.5861
68 378 5264.0546
69 179 1348.2183
70 100 512.4248
71 260 9303.2880
72 411 8063.1852
73 469 5323.2908
74 98 977.7852
75 309 18370.0171
76 118 3070.7174
77 148 2719.7274
78 495 39184.5269
79 216 8145.4202
80 22 31.1703
81 384 14716.5309
82 102 2032.6629
83 39 47.6069
84 93 984.5625
85 174 3351.8106
86 196 5476.1908
87 57 193.9004
88 100 1149.0475
89 172 2239.2660
90 65 385.1392
91 192 2270.1573
92 444 25741.1730
93 242 8795.6188
94 20 88.0462
95 271 16474.9699
96 164 4794.0102
97 193 7097.2001
98 31 235.5150
99 503 60229.6670
100 79 994.1683
<precedence relations>
1,8
2,10
2,11
4,12
4,13
6,14
7,9
7,15
7,40
8,17
9,27
9,32
10,16
10,19
10,90
11,18
11,65
12,20
13,22
14,21
14,47
15,19
15,27
16,30
17,27
17,29
18,26
19,24
20,23
20,78
21,25
22,28
22,39
23,36
24,69
25,31
25,33
25,67
26,35
26,99
28,59
29,32
29,34
29,48
30,70
31,38
31,53
31,77
32,50
32,62
33,37
33,40
33,43
33,45
34,42
34,96
36,39
36,41
36,44
36,61
37,46
37,51
38,50
39,47
39,52
40,53
40,88
41,48
42,49
42,54
45,52
46,61
47,57
47,60
48,64
49,59
50,55
50,87
51,58
52,62
52,63
53,56
57,73
58,65
59,66
59,67
61,71
62,72
63,68
63,69
64,70
65,76
67,74
67,77
67,78
68,79
70,80
73,75
73,88
74,92
75,85
75,89
76,88
76,91
77,84
78,86
78,90
78,93
79,81
79,82
80,83
80,87
81,95
82,98
82,100
83,95
83,96
84,94
91,97
91,99
<end>