<number of tasks>
100
<cycle time>
1000
<order strength>
0.198
<z_alpha>
1.645
<task times>
1 509 54488.1533
2 164 102.3675
3 127 3828.7027
4 124 1158.2128
5 349 17371.7910
6 109 224.9489
7 189 872.3301
8 89 509.2480
9 375 4966.7127
10 159 2448.8201
11 274 12858.7414
12 560 19239.5275
13 355 11372.0395
14 241 13419.2765
15 214 9148.8991
16 433 43958.5288
17 124 2321.7465
18 220 5024.6343
19 527 18267.7420
20 151 1913.9685
21 67 958.0081
22 41 213.0436
23 199 9883.2647
24 436 13138.1511
25 422 19762.0058
26 113 2796.5516
27 69 1094.9486
28 289 18863.5482
29 208 4447.8841
30 207 5723.1389
31 286 7849.0062
32 127 1478.7788
33 528 20160.1059
34 243 52.1522
35 518 13526.3883
36 346 23142.2912
37 196 8127.9911
38 129 1074.8682
39 195 2254.3807
40 186 4613.3880
41 354 6432.2297
42 220 7026.4386
43 158 3457.5372
44 73 316.0822
45 112 395.1401
46 24 37.3779
47 225 1697.5399
48 174 608.6215
49 86 1221.5080
50 121 2708.2852
51 57 31.9261
52 411 38449.7655
53 312 16322.9273
54 162 2225.7154
55 174 2644.7002
56 530 12217.5667
57 121 1494.3330
58 173 2187.4619
59 251 5446.0558
60 40 351.7781
61 290 10975.0000
62 188 6001.5912
63 117 3272.6817
64 91 374.2936
65 497 37654.9130
66 74 273.9004
67 177 2047.1801
68 144 672.7275
69 94 1073.8110
70 107 748.9083
71 258 14835.0954
72 313 6038.7097
73 90 1493.5818
74 133 2011.7091
75 168 875.7514
76 528 33442.6047
77 303 2987.1013
78 128 3437.4959
79 408 27012.9847
80 189 4830.9237
81 308 20232.7567
82 304 2027.6507
83 230 3736.0474
84 264 2817.5286
85 93 620.4504
86 125 1829.3187
87 565 29482.2657
88 273 17811.1037
89 141 1512.2453
90 72 1058.9406
91 200 4009.2113
92 508 21983.0274
93 56 89.3112
94 111 1291.0869
95 212 2339.1445
96 37 11.7933
97 108 2405.2928
98 60 379.5043
99 174 6850.9395
100 97 116.3848
<precedence relations>
1,7
2,10
3,12
4,8
4,11
4,15
4,17
4,74
5,9
5,14
5,16
6,13
7,20
8,18
9,19
10,24
11,21
12,22
13,23
14,60
14,97
15,26
16,25
18,31
19,28
20,29
21,31
22,30
23,27
23,34
25,32
26,33
27,35
28,38
29,39
30,37
31,40
32,36
33,43
33,44
34,41
34,42
34,99
35,45
36,46
37,47
38,50
39,50
40,49
41,48
41,53
42,52
42,54
43,51
45,57
46,55
47,57
48,56
49,57
50,58
50,60
50,61
50,74
52,92
53,91
54,59
55,64
56,65
57,62
57,63
57,66
59,68
59,82
61,67
61,99
62,70
63,73
64,71
64,72
64,74
66,69
67,75
67,81
69,76
70,77
71,78
72,79
73,80
74,81
74,83
75,82
75,84
76,87
77,88
78,86
79,89
80,90
81,85
81,88
82,91
82,92
82,93
85,94
86,95
87,96
87,97
87,99
91,98
92,100
<end>