<number of tasks>
50
<cycle time>
1000
<order strength>
0.197
<z_alpha>
1.645
<task times>
1 168 4152.6942
2 243 6515.6584
3 180 1208.7939
4 199 4130.1904
5 79 1172.1110
6 122 1989.1133
7 97 1190.7965
8 129 2201.5931
9 75 374.7715
10 172 2442.3692
11 132 3824.6809
12 174 5023.6923
13 129 1273.7404
14 93 507.8693
15 138 696.8724
16 46 6.7182
17 145 4656.0283
18 187 4745.3816
19 257 4092.6296
20 44 192.6325
21 242 12369.8051
22 116 2355.0376
23 35 290.0591
24 109 2490.5502
25 290 16400.8179
26 29 177.6043
27 243 2743.9919
28 141 2862.0390
29 352 17209.1810
30 133 2681.7573
31 128 693.5604
32 129 1469.5327
33 110 2086.3118
34 88 1560.7385
35 158 5789.5751
36 117 2804.9467
37 48 171.8166
38 58 686.2982
39 124 1617.9594
40 160 3548.0532
41 35 249.4884
42 175 1227.4683
43 31 218.2029
44 91 507.7413
45 110 2763.8389
46 218 5749.5349
47 182 3894.8288
48 78 38.4109
49 31 96.5271
50 175 1003.5940
<precedence relations>
1,6
3,11
4,7
4,8
4,9
4,10
4,12
6,14
7,15
7,17
8,16
9,18
11,13
11,20
12,19
13,40
14,22
15,24
16,23
17,50
18,21
19,25
19,26
21,40
22,27
23,28
24,29
25,30
25,31
26,43
26,49
27,36
28,34
29,37
30,35
31,32
31,33
31,38
31,39
32,40
33,40
34,42
35,41
36,43
36,44
37,40
40,45
40,46
40,47
40,48
41,49
44,50
<end>