<number of tasks>
20
<cycle time>
1000
<order strength>
0.500
<z_alpha>
1.280
<task times>
1 198 511.8264
2 525 13581.1803
3 59 68.8628
4 192 1744.0942
5 50 77.8102
6 422 9000.9083
7 76 71.8105
8 135 654.6499
9 437 10273.0714
10 208 1371.5925
11 210 2568.8361
12 417 4375.7216
13 187 1220.5798
14 68 222.1565
15 73 313.6037
16 492 14839.3713
17 80 152.7182
18 36 4.0935
19 50 79.4612
20 599 8820.2561
<precedence relations>
1,8
2,8
3,4
3,5
3,6
3,7
4,8
5,8
6,17
7,9
7,18
7,19
8,10
8,11
8,12
8,13
9,15
12,14
12,17
13,14
13,15
13,16
13,17
14,18
16,19
16,20
<end>