<number of tasks>
1000
<cycle time>
1000
<order strength>
0.196
<z_alpha>
1.280
<task times>
1 362 3313.6749
2 365 2195.2190
3 887 951.0944
4 369 6514.0453
5 397 7167.5195
6 378 8750.2870
7 618 3993.2326
8 396 5445.9257
9 606 19349.7826
10 513 5471.5396
11 404 8181.3595
12 388 1030.7042
13 784 3731.1157
14 371 1508.1757
15 446 7612.7719
16 409 6190.8566
17 432 7363.2177
18 404 9914.8131
19 725 14612.0826
20 581 15596.2895
21 648 1160.9002
22 559 2165.0812
23 542 2775.9021
24 604 17417.1399
25 374 1478.2731
26 727 5278.9205
27 577 8912.0763
28 433 10679.8723
29 424 10171.1486
30 557 3431.6272
31 392 9365.8106
32 312 2865.4741
33 482 14249.4678
34 254 2127.3435
35 450 11486.5845
36 384 2368.5018
37 517 739.4887
38 345 6070.7060
39 467 5247.6254
40 365 6902.3549
41 536 3780.4684
42 250 3504.1508
43 223 2333.9059
44 520 3211.3574
45 576 12931.1486
46 620 6413.5809
47 582 8038.7038
48 359 3555.7108
49 409 823.5350
50 590 19171.0248
51 652 19573.4888
52 323 6490.3557
53 600 14060.6253
54 266 1555.6366
55 528 11393.2625
56 489 6411.8957
57 538 13059.2027
58 343 3904.3240
59 590 10913.0293
60 323 3015.9624
61 394 7986.6527
62 477 1295.5192
63 431 10391.7650
64 677 15114.6192
65 564 9458.2544
66 394 9342.3401
67 393 1034.9345
68 517 11358.2173
69 410 5153.8785
70 466 13285.8020
71 496 3930.0088
72 681 22900.2686
73 432 6148.2298
74 497 2412.8219
75 434 6588.0899
76 525 13535.1081
77 632 9504.6522
78 524 6673.4054
79 440 6614.7096
80 505 11940.3459
81 345 1720.9394
82 405 10184.8481
83 274 1292.1781
84 453 5401.9140
85 826 2636.8945
86 621 15903.5083
87 302 1959.0199
88 516 12.2776
89 551 1316.3035
90 364 7050.7317
91 506 7869.8192
92 206 743.9785
93 687 1069.8546
94 367 6764.7159
95 415 8685.8257
96 550 13216.3053
97 386 1890.3643
98 466 10157.2946
99 634 4069.0012
100 427 2135.2318
101 484 11144.3866
102 760 13507.0878
103 711 17276.0816
104 554 15009.6489
105 586 322.7805
106 344 5211.6911
107 394 3844.7903
108 484 4219.1150
109 494 11301.5907
110 649 3329.1270
111 390 6.9938
112 599 8222.1001
113 607 9015.8714
114 586 8329.3371
115 551 14062.8538
116 604 8897.9619
117 412 1646.8149
118 583 9277.5425
119 615 12444.4345
120 396 3945.3788
121 414 7265.2651
122 453 1440.8527
123 546 17913.9951
124 398 5035.5431
125 528 16235.1402
126 649 10480.2281
127 501 8051.9112
128 485 3458.0568
129 420 10198.6081
130 563 10982.3985
131 517 10903.7739
132 381 8060.0050
133 524 6953.5828
134 496 13575.2988
135 511 218.9765
136 504 2622.1543
137 411 8029.1993
138 581 10171.4093
139 545 4229.9280
140 589 3361.3915
141 464 10549.9027
142 381 5788.6737
143 617 23730.0530
144 386 7406.3251
145 576 7925.1197
146 531 3324.1696
147 559 12096.5512
148 700 3916.5985
149 600 11114.7974
150 306 4623.9896
151 189 1068.5983
152 603 5964.7833
153 515 4476.9173
154 402 2656.7167
155 419 1466.5888
156 319 2196.6843
157 524 7825.6162
158 711 16284.6983
159 537 7666.4989
160 653 2507.0156
161 190 625.9942
162 604 975.0863
163 325 3326.1513
164 394 3914.7538
165 645 21332.7423
166 329 160.4762
167 543 1487.1916
168 712 14890.6435
169 445 6576.4461
170 441 6052.7090
171 432 2758.3755
172 596 2740.7913
173 465 13127.6398
174 500 14576.2636
175 555 3328.9042
176 418 5854.6899
177 610 13792.1706
178 317 4820.6531
179 472 13137.3942
180 255 3211.8386
181 535 12288.2385
182 697 16617.0539
183 434 3802.9231
184 593 921.7577
185 464 3097.9087
186 406 3480.4845
187 405 7669.8824
188 596 8027.1202
189 292 3672.7876
190 365 5042.8566
191 468 3984.2301
192 624 2134.9295
193 455 4709.3920
194 641 24567.6120
195 261 46.3106
196 464 5462.9404
197 298 4416.1319
198 580 6032.6179
199 538 7914.8758
200 695 3357.9767
201 447 4393.9545
202 293 4767.1589
203 695 23927.7441
204 482 451.0373
205 691 21458.7794
206 629 4190.3656
207 619 18238.3303
208 297 201.8444
209 585 18992.7904
210 532 17240.9015
211 398 1972.6638
212 504 12945.4931
213 405 3970.3904
214 631 12941.4688
215 458 10521.8590
216 306 5167.4295
217 680 20321.6571
218 332 2748.4253
219 591 18133.1156
220 561 12604.5210
221 552 15235.1304
222 552 18369.0093
223 307 4746.9564
224 411 3397.9446
225 465 12292.5911
226 321 3886.8978
227 529 14286.2099
228 368 8395.9708
229 455 11961.3422
230 403 4681.3418
231 398 1233.9118
232 479 1261.5105
233 815 2212.1877
234 672 12447.4673
235 420 8513.7906
236 772 11583.9723
237 401 3842.9568
238 506 5838.1601
239 427 9784.6742
240 411 215.5831
241 419 9121.7523
242 449 694.2008
243 537 8506.0129
244 484 10988.0460
245 525 3927.4799
246 562 3422.8919
247 582 7502.7771
248 442 1787.5067
249 297 4237.5335
250 141 233.8248
251 574 14972.6929
252 511 3510.2113
253 743 14932.6742
254 319 2932.1196
255 411 8078.2296
256 463 4429.6310
257 663 19917.7360
258 374 5070.9992
259 472 5502.6465
260 547 17655.4314
261 538 11521.3189
262 392 2864.9969
263 583 15415.0888
264 680 12242.4036
265 593 5360.8735
266 440 1708.3155
267 449 12484.0650
268 485 2820.6778
269 585 18484.7848
270 341 5753.1195
271 559 10766.9137
272 602 9712.2103
273 484 7530.6162
274 647 7554.7706
275 598 20548.2506
276 429 2403.7820
277 504 4055.9316
278 506 4313.6223
279 609 8421.0696
280 236 2687.4519
281 480 11141.1737
282 585 7365.1241
283 557 11458.4424
284 387 5614.5339
285 508 6277.3650
286 581 19933.8666
287 534 1623.6738
288 621 17231.4207
289 618 12132.3642
290 660 8223.1811
291 530 5279.1150
292 295 2868.1854
293 564 5799.8321
294 650 22984.5111
295 526 3493.4975
296 352 2264.9347
297 232 2719.2841
298 658 13715.2495
299 633 9618.3849
300 485 12769.9147
301 619 11168.4532
302 641 20324.7136
303 413 8286.3902
304 409 225.8970
305 617 8114.5138
306 672 7447.5359
307 681 16232.7159
308 508 1273.5535
309 561 5935.3315
310 540 6139.3437
311 592 2241.9478
312 592 3631.5918
313 552 6535.0114
314 600 6686.0829
315 533 7008.8517
316 413 1703.0398
317 338 4630.0518
318 681 13128.6059
319 462 62.9249
320 234 2452.2488
321 531 14830.1137
322 542 11099.3257
323 484 3577.3262
324 610 15231.2390
325 446 11493.8746
326 383 5009.8801
327 397 8275.2474
328 357 1817.2256
329 475 12562.8655
330 808 3029.4340
331 641 15027.5625
332 590 3523.5310
333 513 7809.7538
334 446 12122.4797
335 479 6649.2916
336 416 10760.8468
337 481 12594.6160
338 465 10585.2851
339 576 18999.3606
340 599 6129.0297
341 391 5942.5775
342 622 22788.0040
343 544 13976.1487
344 709 19775.6865
345 479 12501.1172
346 507 11550.8630
347 588 5683.2385
348 395 1285.4643
349 416 953.0549
350 570 15020.3646
351 502 6005.6501
352 341 5921.4847
353 655 2770.4727
354 569 4423.8705
355 504 1977.0738
356 540 11267.5673
357 445 2292.0938
358 502 7835.6278
359 488 12663.2066
360 573 338.8826
361 384 9173.1200
362 321 3388.2795
363 510 584.3511
364 562 18321.5726
365 531 14713.1421
366 614 15948.1236
367 600 14506.9975
368 552 8896.8400
369 643 5154.3585
370 629 5779.9651
371 530 10821.5975
372 527 15501.8658
373 389 8553.7621
374 457 1336.1193
375 654 1792.1882
376 388 2923.2781
377 413 5743.0175
378 503 12860.5334
379 339 3100.7651
380 334 578.9374
381 371 2927.3755
382 395 7472.6205
383 449 9489.7094
384 500 7945.9720
385 559 13107.7083
386 408 5822.7133
387 625 3108.6797
388 508 13564.3394
389 671 2348.3593
390 563 13884.6894
391 422 1493.5764
392 436 6254.7852
393 525 14069.2764
394 457 2750.9543
395 581 17851.1666
396 621 11079.1188
397 287 5027.1374
398 502 8201.0049
399 397 438.9763
400 611 15721.1125
401 480 11005.9263
402 549 17873.9040
403 370 8124.8431
404 365 4516.2956
405 265 2907.3923
406 726 6966.9524
407 608 3576.8909
408 692 5313.2365
409 564 16132.6284
410 268 3938.2672
411 622 13603.1379
412 392 7215.4193
413 553 17276.7514
414 579 1315.5282
415 463 9830.8335
416 629 20261.8028
417 532 13061.2304
418 337 1510.5341
419 406 10171.8880
420 476 7237.2384
421 601 1721.6808
422 438 3501.7728
423 701 9191.8078
424 338 7130.8286
425 577 10958.6800
426 433 9026.1123
427 552 18731.5641
428 384 6952.1413
429 488 2204.4095
430 649 10911.7432
431 449 2753.4360
432 522 2540.6976
433 582 20528.5872
434 414 2802.7320
435 697 4302.6500
436 702 521.9094
437 513 5894.3817
438 551 11608.1212
439 535 863.0262
440 455 9158.9031
441 476 10285.5558
442 610 10764.1341
443 540 11428.6931
444 385 7247.5483
445 714 9736.1655
446 442 4307.7667
447 495 4525.4833
448 359 2347.6382
449 578 2927.2073
450 518 16013.2414
451 511 6333.9495
452 476 5047.2712
453 463 10431.8276
454 265 4332.7750
455 522 12477.9774
456 430 7664.2381
457 583 16367.0996
458 739 2283.9632
459 534 8862.4075
460 787 5160.2232
461 546 14873.1029
462 385 1465.0751
463 527 14327.0893
464 768 2699.0657
465 456 8887.9258
466 524 8335.6409
467 476 1403.5497
468 661 19916.0768
469 396 6366.2179
470 643 642.1726
471 641 13557.3031
472 514 8551.4683
473 600 12933.8854
474 384 6555.5348
475 472 8713.8327
476 595 3316.3248
477 541 8329.4728
478 514 1231.5521
479 544 17095.6584
480 571 4816.3185
481 447 11487.8888
482 499 10524.5581
483 553 8680.7090
484 403 6239.9053
485 471 7012.8299
486 489 9877.2621
487 420 4750.0492
488 276 1419.6126
489 353 46.8456
490 561 2087.6024
491 394 6341.7520
492 441 5022.3963
493 677 3006.1147
494 422 5812.9319
495 594 5149.8643
496 492 4930.3704
497 364 3535.9262
498 649 20279.0313
499 533 8811.0656
500 598 942.1462
501 517 16198.4221
502 538 11111.9435
503 444 8798.2996
504 667 19085.1683
505 510 5695.9525
506 257 112.2177
507 411 8914.8394
508 608 17524.8670
509 587 17514.9074
510 387 2885.5343
511 371 4288.9307
512 580 5521.3024
513 271 2002.6604
514 750 14715.0779
515 411 2922.8841
516 283 245.2009
517 449 166.2097
518 491 12894.5478
519 517 7719.0839
520 394 2413.0099
521 310 3513.6356
522 639 6358.8993
523 515 14634.3017
524 687 23621.3593
525 336 3623.1388
526 408 7508.0901
527 443 6343.3802
528 616 21801.7940
529 459 12673.4612
530 477 1550.0663
531 586 2824.5507
532 403 5303.2344
533 735 8841.6770
534 513 11292.0200
535 641 13361.8215
536 195 58.7694
537 401 316.3116
538 697 11128.0400
539 386 7833.2130
540 434 2765.3786
541 735 5692.4802
542 690 21152.0569
543 588 1821.0560
544 666 8930.1018
545 593 21383.3664
546 284 1781.3694
547 483 222.5952
548 369 6634.1287
549 522 1573.5789
550 626 14750.5264
551 423 6626.9650
552 452 8000.4898
553 778 7716.2599
554 432 6656.0415
555 424 10924.8333
556 592 5851.3350
557 449 7629.2206
558 446 11722.1585
559 570 6238.9337
560 569 11984.9749
561 371 2783.9090
562 570 5624.2870
563 304 834.8370
564 431 7829.7082
565 569 13272.2837
566 537 9387.8376
567 454 407.9843
568 596 14327.6382
569 568 4571.5763
570 505 9595.5497
571 593 18722.3987
572 494 2042.7660
573 460 12622.5441
574 505 7307.5768
575 425 9306.7157
576 380 3559.7900
577 627 2108.5240
578 481 4112.7733
579 605 14456.4382
580 459 13109.1515
581 313 2806.5388
582 541 6753.0332
583 388 7701.2997
584 381 2904.4391
585 691 8354.5232
586 566 11414.4886
587 377 6553.6409
588 633 1676.3228
589 478 10324.4400
590 481 2388.2112
591 488 3465.6864
592 382 304.2884
593 563 15129.7511
594 421 270.7063
595 631 6427.6919
596 574 1783.9669
597 644 16777.0441
598 343 3479.2955
599 543 8440.1466
600 536 8636.8515
601 625 22460.4249
602 581 4288.6185
603 416 4466.5971
604 655 62.5229
605 629 12124.1464
606 377 3099.2632
607 527 1007.1918
608 569 6822.7797
609 368 4191.0416
610 493 792.5700
611 357 2371.1761
612 422 7289.4362
613 416 100.7735
614 677 22809.6376
615 501 10265.2153
616 367 4419.0429
617 490 3507.0539
618 404 4059.9903
619 547 8424.7970
620 628 13147.5402
621 333 5868.7053
622 400 8816.3362
623 555 17899.3770
624 405 7019.5485
625 455 3436.9418
626 576 14065.8053
627 514 2959.9165
628 663 16602.8639
629 386 370.6150
630 557 2761.6152
631 372 4240.7397
632 400 787.8979
633 732 584.3168
634 176 236.9913
635 455 7930.9829
636 431 1158.3478
637 345 5102.8277
638 365 6137.3642
639 358 3976.4244
640 413 5481.0379
641 307 2463.4381
642 325 5992.1303
643 466 5045.0844
644 464 1410.7653
645 526 12983.7903
646 386 5288.4746
647 473 10691.5091
648 392 7509.0084
649 543 4492.9813
650 270 4317.7168
651 696 23288.5486
652 370 5964.8586
653 351 7358.1817
654 416 2340.7025
655 635 14618.8455
656 290 4707.7195
657 662 1233.0989
658 379 5972.7882
659 548 4642.6937
660 511 16137.5339
661 312 4754.5385
662 333 1940.5985
663 554 17917.4603
664 656 14054.7357
665 524 12097.5386
666 445 1091.5943
667 562 11186.7018
668 610 1658.3690
669 453 3270.4701
670 507 2669.5295
671 492 7401.1420
672 156 350.0151
673 411 2517.9405
674 495 12771.6958
675 602 14463.0230
676 335 5663.4608
677 748 9472.0866
678 469 8573.0447
679 681 14467.5190
680 533 15630.8482
681 549 4778.7755
682 461 5878.4392
683 652 1565.7462
684 284 3604.8940
685 639 9808.3661
686 454 9773.3780
687 625 22151.4372
688 140 1155.2857
689 440 6923.2747
690 521 1037.8917
691 398 1132.7195
692 533 11003.2633
693 375 3705.7056
694 592 18606.4359
695 621 10837.6064
696 736 2123.9569
697 422 7776.7000
698 613 17366.3763
699 678 21915.9228
700 583 21040.0053
701 676 17360.4225
702 365 7070.1272
703 629 1482.9272
704 641 4311.0107
705 331 4753.2120
706 315 6111.7377
707 269 2590.1846
708 359 998.6020
709 454 152.9291
710 413 2958.6008
711 569 18320.2218
712 455 164.7398
713 383 3312.1577
714 669 11520.6834
715 533 7415.3981
716 513 11730.4903
717 600 2145.5113
718 555 1975.4400
719 490 272.3562
720 515 7944.2251
721 463 9329.8815
722 463 7801.5694
723 546 4505.7818
724 446 4819.3504
725 409 1443.4575
726 414 5392.6845
727 540 14379.2015
728 341 3421.7558
729 278 1327.8377
730 628 17596.7208
731 577 4758.9763
732 761 13528.5826
733 617 11256.7210
734 449 3191.3583
735 227 1388.7091
736 365 2072.4025
737 729 3356.5879
738 640 15045.3354
739 608 8312.8234
740 589 9105.4080
741 521 16293.5617
742 577 7633.3280
743 765 3819.6528
744 324 3601.0510
745 612 16937.7106
746 510 11014.9180
747 528 17234.9324
748 753 14648.3276
749 582 3742.0327
750 483 9282.1425
751 593 8102.8810
752 514 8452.1003
753 571 17171.3075
754 568 13983.7522
755 533 6.3674
756 491 12681.0544
757 552 13122.2237
758 450 11489.8974
759 785 1963.5316
760 598 16730.1037
761 398 8464.4786
762 558 2203.9599
763 681 11564.4689
764 428 625.3358
765 343 6811.5004
766 383 1523.3381
767 350 1004.4067
768 555 17641.6820
769 319 4518.3746
770 573 20103.0065
771 494 1675.7711
772 513 7809.9114
773 329 5639.9754
774 441 8138.0504
775 419 4693.0258
776 521 10293.3757
777 534 7712.7793
778 622 4198.2971
779 697 6837.3320
780 551 12114.2847
781 625 14092.6888
782 481 8596.4101
783 561 15300.6853
784 752 14710.0991
785 592 19297.2971
786 374 7355.6064
787 656 6379.8592
788 462 1103.8610
789 387 5398.0207
790 417 9617.4138
791 427 4336.1916
792 296 5100.1178
793 699 5089.5809
794 544 11757.5672
795 618 17972.2265
796 448 9167.9733
797 728 8266.3460
798 401 2308.7876
799 602 21324.6651
800 527 1670.6367
801 500 10437.6044
802 496 11719.9184
803 246 1719.7615
804 250 3886.2422
805 602 19794.3123
806 554 402.6505
807 463 8048.3468
808 534 12797.5670
809 276 3006.6495
810 205 1424.4350
811 550 10628.5927
812 698 9506.2852
813 619 9502.7032
814 564 4613.0352
815 690 3397.0433
816 761 270.7601
817 426 1244.5589
818 773 6767.5388
819 599 11939.6963
820 684 5953.4253
821 366 2660.6460
822 418 1592.2264
823 480 6183.5083
824 396 8127.8334
825 474 13790.0209
826 381 2979.8460
827 393 3849.8219
828 331 2499.7160
829 354 2610.0513
830 402 4723.9237
831 439 6845.9526
832 412 6473.3375
833 424 3799.8481
834 539 11916.6499
835 379 373.0992
836 275 2403.7236
837 399 7456.7068
838 463 3900.6885
839 387 2755.0882
840 711 19524.0702
841 531 16335.7251
842 252 725.1851
843 581 13650.3911
844 449 7778.7973
845 486 7493.2557
846 610 21614.3963
847 417 7440.8982
848 667 2840.2026
849 445 3090.5500
850 248 125.1992
851 589 19208.6588
852 522 8746.3086
853 673 25862.6760
854 554 4900.0320
855 638 15807.0856
856 484 13628.9562
857 447 3802.6790
858 481 9247.6723
859 720 1015.4799
860 250 1931.6117
861 488 1467.2288
862 508 13149.9034
863 469 1083.2196
864 296 2308.1396
865 611 23198.7207
866 379 1192.3411
867 565 16299.3164
868 300 5267.2719
869 581 868.5219
870 534 4968.8118
871 493 4785.8618
872 251 770.1850
873 580 19788.1958
874 549 16150.4386
875 442 8818.9560
876 335 616.0742
877 780 12131.5816
878 489 2362.4495
879 498 11784.5257
880 294 2000.9059
881 592 4151.1320
882 346 2165.9808
883 677 16912.5694
884 579 17412.7060
885 352 6274.8594
886 251 1201.1017
887 594 8034.0341
888 590 17856.3842
889 338 458.5692
890 432 4867.4516
891 510 2152.5835
892 406 5155.7941
893 507 11899.0350
894 492 13014.6659
895 384 4169.8435
896 572 13634.5868
897 176 696.6255
898 426 7335.4310
899 246 3469.7390
900 613 14227.4282
901 459 12549.7180
902 526 987.3709
903 514 7858.7499
904 473 4855.3546
905 588 5958.8357
906 523 4747.3232
907 512 10833.3643
908 616 14590.0171
909 534 15233.6028
910 601 15785.4364
911 515 4851.3090
912 639 9221.5237
913 614 22046.2881
914 490 8828.0058
915 333 485.6549
916 386 6826.8621
917 493 6852.9468
918 440 7530.8132
919 508 16007.8003
920 259 842.9967
921 593 17007.6861
922 309 1878.3691
923 677 26445.4636
924 402 8801.7076
925 538 7266.2535
926 480 1551.8591
927 476 12504.2183
928 431 3761.5848
929 542 6203.8820
930 368 1924.4767
931 424 10484.9367
932 545 11073.3697
933 611 22600.1346
934 545 17590.6242
935 227 771.4210
936 553 147.5977
937 301 1868.5924
938 498 15135.0879
939 584 6770.3004
940 528 15658.0007
941 378 4715.7628
942 649 7805.1231
943 487 1336.3228
944 660 15179.4699
945 439 654.2773
946 645 12207.9695
947 521 9395.5694
948 516 3099.4226
949 285 4741.5735
950 378 8260.0813
951 463 3267.4880
952 411 5102.0536
953 717 18430.0894
954 461 1686.6980
955 492 1981.0518
956 455 4648.0701
957 395 9552.1048
958 679 23937.3443
959 513 14135.2113
960 565 3756.6496
961 597 10342.8387
962 502 4989.3394
963 410 7719.7353
964 502 7582.8839
965 356 5763.7238
966 446 6499.9291
967 715 1278.3978
968 388 1792.2862
969 246 1637.9615
970 529 12464.9190
971 491 832.0458
972 399 8295.2362
973 599 7601.6725
974 442 619.9377
975 657 5464.1028
976 548 1632.4411
977 377 2098.9990
978 459 12993.5046
979 691 13311.5064
980 504 8331.9505
981 359 6287.9026
982 494 9711.6987
983 431 8148.8811
984 633 16522.7987
985 560 17712.4081
986 468 2816.0756
987 268 3797.0178
988 649 461.2356
989 550 5497.5589
990 565 6430.2034
991 420 6548.3290
992 481 2705.5365
993 678 11775.7070
994 345 4974.5358
995 317 2120.2896
996 378 1353.8713
997 582 12079.4391
998 498 304.0986
999 667 11272.9572
1000 444 11274.5510
<precedence relations>
1,211
2,27
3,27
4,27
5,27
6,27
7,27
8,27
9,27
10,779
11,29
12,29
13,29
14,29
15,29
16,29
17,29
18,663
19,197
20,197
21,31
21,39
21,42
21,43
22,32
22,37
22,44
22,45
23,30
23,36
24,33
24,38
25,28
25,158
26,34
26,35
26,40
26,41
27,47
27,48
27,49
27,50
27,51
28,581
29,52
29,53
29,54
29,55
29,56
29,57
29,58
29,59
29,60
29,61
30,325
31,582
32,197
36,65
36,69
37,46
39,66
41,62
41,63
42,67
44,64
44,68
44,94
46,211
47,91
48,74
49,72
50,77
50,82
51,71
51,94
52,83
52,89
52,92
53,84
55,101
57,70
57,957
58,75
58,188
59,79
59,87
60,80
60,88
61,85
61,90
62,547
63,78
64,86
65,93
67,73
67,76
67,95
68,81
70,739
71,462
72,197
73,371
74,101
75,105
76,96
77,186
78,97
78,103
79,110
80,734
81,98
84,512
86,106
87,107
87,113
90,104
90,115
91,109
91,138
92,112
93,99
93,108
93,111
94,114
95,100
95,102
96,211
97,581
98,462
99,195
100,197
101,197
102,197
104,117
104,131
104,132
105,127
106,116
106,123
106,124
106,125
106,128
106,936
109,133
109,134
111,164
112,121
112,129
112,135
113,119
113,122
114,118
115,120
115,126
115,130
116,739
117,739
118,211
119,634
120,195
121,547
125,141
125,147
126,137
126,157
126,506
127,144
127,145
129,142
130,138
130,146
130,148
131,140
134,136
134,139
134,143
134,149
134,150
134,151
135,425
136,325
137,195
138,663
139,152
139,155
140,154
140,157
140,158
140,525
141,160
142,153
143,162
143,167
145,163
145,164
146,161
146,165
148,156
150,159
151,166
151,168
152,600
153,462
154,325
155,195
156,197
157,169
159,177
159,805
160,185
160,188
161,181
161,183
162,180
162,182
162,184
162,452
163,175
163,179
163,186
165,187
166,170
166,171
166,173
166,174
167,172
168,176
168,178
168,189
169,600
170,195
171,197
172,193
173,203
173,210
173,514
174,368
176,941
179,198
179,206
180,200
180,204
180,207
180,208
180,209
181,263
182,191
182,199
183,190
183,202
184,194
186,192
187,201
188,196
189,205
190,211
191,581
192,634
193,634
194,462
195,212
195,213
195,214
195,215
196,663
197,216
197,217
197,218
197,219
197,220
197,221
197,222
197,223
200,224
201,228
203,467
204,227
206,226
206,739
206,904
207,225
207,231
208,230
209,921
210,229
210,232
211,234
211,235
211,236
211,237
211,238
211,239
211,240
211,241
211,242
211,243
211,244
211,256
212,249
212,254
213,253
215,731
218,911
220,246
220,259
220,490
223,252
227,248
227,250
228,245
228,255
229,251
229,257
230,258
231,233
231,247
233,600
234,264
239,266
240,260
241,389
243,263
243,269
244,542
245,462
246,267
248,262
248,300
251,272
253,265
253,268
256,271
258,270
259,261
259,461
259,503
260,582
262,273
262,275
263,280
263,282
266,278
266,283
266,284
267,276
269,279
270,892
271,277
272,274
272,281
272,285
273,581
275,290
275,299
276,292
276,304
276,307
277,287
277,296
277,300
277,306
277,308
278,294
278,379
279,293
280,301
281,288
281,298
282,302
283,291
283,295
283,303
283,305
284,286
284,297
285,289
285,868
286,739
287,462
288,547
290,317
291,310
291,320
293,313
294,311
295,309
295,319
297,312
298,316
300,323
301,318
302,321
302,322
304,315
307,314
309,600
310,779
311,462
312,325
313,341
313,343
314,336
314,340
317,332
317,334
317,865
318,328
318,573
319,327
319,330
319,333
319,337
319,339
319,342
321,326
322,329
322,331
323,324
323,335
323,338
324,462
325,347
325,348
325,349
325,350
325,351
325,352
325,353
325,369
326,663
327,344
327,357
328,360
328,362
328,370
329,355
330,356
331,361
331,364
332,359
332,371
333,366
334,367
334,368
334,751
335,346
336,354
337,345
339,365
340,358
342,363
344,600
345,462
346,462
347,547
348,380
349,383
349,392
350,386
350,811
351,372
354,376
354,385
354,389
356,439
357,378
357,387
358,373
358,375
360,384
363,388
364,391
365,374
365,381
365,551
365,888
366,390
369,377
369,379
369,382
372,726
373,396
374,404
375,394
375,400
377,402
377,403
377,407
377,513
379,395
379,406
380,401
382,393
382,398
384,408
387,399
391,397
391,405
393,581
394,462
395,547
396,414
396,422
397,424
399,413
399,423
399,425
400,412
400,485
401,418
403,411
403,420
404,421
405,417
405,427
407,409
407,415
407,416
408,410
408,419
408,426
409,739
410,529
413,430
413,437
416,432
416,443
418,444
419,445
420,431
420,435
420,439
421,442
423,428
423,438
423,638
424,433
424,436
425,429
425,434
426,440
426,441
427,552
428,459
430,453
430,458
432,450
432,455
433,457
434,451
434,460
435,454
436,447
436,456
439,446
442,448
442,838
444,449
444,461
445,452
446,581
447,462
448,462
449,465
452,475
452,477
454,472
455,463
455,470
455,489
456,464
456,474
457,467
457,471
457,478
457,479
457,538
458,466
459,469
459,476
461,468
461,473
462,480
462,481
462,482
462,483
462,484
463,547
464,498
464,501
466,489
466,493
466,500
467,497
468,492
469,752
472,490
473,740
474,485
475,496
476,495
477,486
477,487
477,488
477,491
477,499
478,494
479,502
480,582
482,505
482,508
483,737
484,512
484,516
486,517
490,507
491,509
491,510
491,847
492,504
492,514
493,506
493,511
495,519
498,503
498,518
501,513
501,515
503,581
504,581
505,525
505,532
506,530
506,904
510,576
511,521
513,524
514,520
514,527
514,531
515,529
517,526
517,552
518,522
518,791
519,523
519,528
520,534
520,542
521,538
522,533
522,535
522,636
523,540
524,541
524,709
526,543
527,537
527,545
528,539
529,544
530,546
531,536
533,547
534,547
535,556
535,560
537,557
538,551
539,552
540,555
541,554
541,559
542,563
543,553
544,548
545,549
545,558
545,562
546,550
546,561
547,565
547,566
547,567
547,568
547,569
547,575
550,577
551,576
552,570
553,579
558,564
559,572
559,573
561,571
562,578
563,574
564,581
565,582
567,588
568,591
568,593
570,580
571,597
571,599
572,587
575,589
575,594
576,586
576,592
577,595
578,585
578,596
578,598
579,583
579,584
579,590
580,600
581,601
581,602
581,603
581,604
581,605
581,606
581,607
581,608
581,609
581,610
581,625
582,612
582,613
582,614
582,615
582,616
582,617
582,618
582,619
584,624
585,611
585,627
586,623
587,620
593,621
593,626
593,628
595,622
595,952
600,629
600,630
600,631
600,632
600,633
600,777
602,650
604,638
604,644
606,640
607,642
609,643
610,646
610,730
611,634
617,637
617,639
622,647
623,636
623,641
625,648
627,645
628,635
628,649
629,779
630,663
634,651
634,652
634,653
634,654
634,655
634,656
634,657
634,658
634,659
634,660
634,661
634,662
638,669
640,670
644,668
645,667
645,671
646,673
648,672
649,664
649,666
650,665
653,682
653,692
654,674
654,684
656,687
657,693
658,681
659,933
661,688
663,675
663,676
663,677
663,678
663,690
665,686
666,679
668,689
669,691
670,680
670,685
671,683
674,779
677,694
678,705
679,697
681,704
681,708
683,985
684,695
684,696
684,934
685,703
685,706
685,707
687,700
689,701
689,702
690,699
691,709
693,698
694,713
695,711
697,715
697,716
698,717
699,718
699,728
700,716
700,719
701,721
703,710
706,712
706,714
709,720
710,738
711,723
711,731
712,724
712,725
712,737
713,728
713,733
713,736
714,730
715,726
716,722
717,735
719,732
720,734
721,727
721,729
722,739
723,901
724,750
725,742
726,747
726,748
726,754
727,741
727,746
728,752
729,751
730,743
730,744
731,740
731,749
736,755
737,753
738,745
739,756
739,757
739,758
739,759
739,760
739,761
739,763
739,778
740,764
742,767
742,768
743,765
744,766
744,774
745,773
748,776
751,769
752,775
753,762
753,770
753,771
754,777
755,772
757,869
758,790
761,786
762,779
763,789
764,791
766,785
770,781
771,782
772,780
773,783
773,788
776,784
776,792
777,787
779,793
779,794
779,795
779,796
779,797
779,798
779,799
779,808
780,811
782,806
782,813
783,804
783,915
784,810
785,803
786,812
787,801
788,800
789,809
790,802
790,807
792,805
793,815
795,818
796,819
796,820
797,816
798,821
802,817
803,994
804,824
804,911
805,826
807,823
808,814
808,836
809,825
811,822
813,827
815,836
815,981
816,840
817,838
818,829
819,834
819,835
820,839
820,842
823,828
823,830
823,837
824,831
824,841
826,832
826,833
828,854
830,844
830,847
830,994
831,850
831,858
831,860
831,980
832,843
832,846
832,857
833,852
834,851
837,853
838,859
839,845
840,848
840,849
840,856
841,855
842,861
846,870
847,869
848,878
849,875
850,873
851,872
851,876
853,871
854,879
855,874
855,877
856,865
857,868
858,864
859,863
859,867
860,866
860,935
861,862
863,880
863,894
864,889
865,887
866,896
867,898
869,880
871,882
871,886
872,890
872,893
874,885
874,888
874,892
876,881
876,895
876,897
877,884
877,891
879,883
879,911
881,908
883,906
885,903
885,909
885,968
890,900
890,910
891,901
891,907
892,905
893,899
893,904
895,902
899,920
899,925
900,917
900,924
901,914
901,918
902,929
902,930
903,916
903,928
904,923
905,919
906,927
907,912
907,921
907,926
908,911
908,915
908,922
910,913
912,937
912,943
912,944
915,949
917,947
918,935
918,939
918,942
919,931
920,933
920,940
922,945
923,938
924,934
924,948
925,932
927,946
929,936
930,941
931,957
931,962
933,951
933,953
933,956
933,959
933,963
938,965
938,967
939,961
940,966
942,952
943,958
944,955
947,964
948,954
949,950
949,960
951,973
954,978
955,972
956,975
956,984
957,980
959,986
960,969
960,971
960,976
960,983
961,970
963,981
964,974
964,985
965,968
966,979
967,977
967,982
969,994
970,987
970,996
971,988
971,993
972,991
972,999
974,989
975,990
982,998
983,992
983,997
984,995
985,1000
<end>