<number of tasks>
50
<cycle time>
1000
<order strength>
0.198
<z_alpha>
1.645
<task times>
1 685 6100.6352
2 564 1483.6050
3 187 1781.6246
4 257 3942.2183
5 357 7135.6264
6 599 10640.7616
7 650 12059.9605
8 528 10755.5661
9 476 11904.6366
10 347 5977.7262
11 573 19546.3331
12 559 4612.3382
13 638 10670.1425
14 434 6751.5927
15 571 8916.5370
16 490 1061.7741
17 363 3028.7014
18 415 174.5454
19 385 137.9520
20 638 21587.0107
21 591 20882.8157
22 442 11804.2709
23 438 4915.2678
24 585 16406.4774
25 495 8769.8349
26 644 8411.3747
27 404 6640.0690
28 491 10394.0987
29 435 6407.5969
30 478 9523.3230
31 390 4347.0842
32 305 3256.9229
33 460 7006.7611
34 430 8580.1804
35 338 2395.5819
36 484 5469.7207
37 455 3617.4211
38 622 2295.1730
39 619 23347.6635
40 458 6376.8749
41 173 509.5788
42 427 5846.3082
43 402 5888.6363
44 596 15256.0232
45 528 5488.8980
46 458 12721.1006
47 366 5453.3489
48 489 12116.8343
49 390 6425.9766
50 576 16522.8483
<precedence relations>
1,4
1,6
2,7
2,8
3,5
4,11
5,9
5,32
5,37
6,10
6,14
7,12
8,13
8,15
8,33
9,17
10,19
11,20
12,16
12,23
12,24
13,18
13,25
14,21
14,26
15,22
16,27
17,28
18,29
19,30
20,32
21,31
23,33
26,32
27,37
28,34
29,35
30,36
31,37
32,39
33,38
33,40
33,41
34,44
35,42
36,44
37,45
38,43
38,45
41,46
42,47
43,48
45,49
45,50
46,49
<end>