<number of tasks>
20
<cycle time>
1000
<order strength>
0.505
<z_alpha>
1.960
<task times>
1 478 7720.0672
2 314 2264.3118
3 524 14315.4342
4 641 11441.9192
5 261 475.1486
6 570 19719.7293
7 535 16747.6028
8 449 8406.1504
9 305 4394.9693
10 627 13575.1678
11 465 2819.6771
12 665 27242.7454
13 576 14737.1738
14 439 3032.7753
15 235 3286.4929
16 580 20735.8882
17 451 4646.5376
18 550 10403.8150
19 378 2867.4642
20 466 12206.5721
<precedence relations>
1,3
1,4
1,5
1,6
2,4
2,5
2,6
3,9
4,7
4,8
4,10
4,11
5,11
6,11
7,12
8,13
9,15
10,14
11,15
12,17
13,16
14,17
15,17
15,18
15,19
16,19
17,20
<end>