<number of tasks>
20
<cycle time>
1000
<order strength>
0.526
<z_alpha>
1.960
<task times>
1 547 5320.7260
2 141 1042.0315
3 180 6789.5045
4 152 1216.8450
5 161 1369.3076
6 302 7344.4203
7 472 50283.5681
8 200 8535.9665
9 585 23089.6926
10 238 11818.2169
11 73 421.1726
12 187 551.2005
13 275 3772.0627
14 209 610.2406
15 438 22557.2771
16 242 4148.6873
17 321 5190.7842
18 202 8856.7311
19 146 3367.8977
20 191 2503.2920
<precedence relations>
1,6
2,5
2,6
3,6
4,7
4,8
5,14
6,14
7,9
8,10
9,14
10,11
10,12
10,13
11,14
12,14
13,15
14,16
14,17
14,18
14,19
14,20
<end>