<number of tasks>
50
<cycle time>
1000
<order strength>
0.196
<z_alpha>
1.645
<task times>
1 475 2583.8477
2 71 7.2656
3 420 337.1967
4 261 3661.1368
5 214 308.0810
6 160 1237.2759
7 174 1479.4580
8 129 903.5653
9 79 54.6785
10 195 1908.4132
11 237 3296.4398
12 224 2186.3735
13 408 6700.8822
14 91 452.9456
15 191 1262.6464
16 335 6994.1515
17 104 578.7547
18 399 6158.6443
19 331 6476.3632
20 68 225.6868
21 53 157.8538
22 241 1839.5422
23 193 1612.0629
24 147 527.2504
25 218 747.2966
26 392 8102.9234
27 289 4338.3871
28 154 275.8023
29 24 0.8667
30 188 1907.9559
31 377 7256.3732
32 189 152.8878
33 57 47.8250
34 224 1918.3505
35 113 654.6601
36 553 15754.7548
37 453 5086.4474
38 316 5895.6815
39 71 39.3019
40 283 1033.3279
41 232 2863.0249
42 75 242.5985
43 283 902.4221
44 237 2765.1479
45 107 274.3730
46 221 1019.7761
47 87 454.4292
48 332 515.5680
49 64 28.2024
50 171 1366.6127
<precedence relations>
2,10
2,20
2,37
2,47
4,7
4,9
5,11
5,12
6,8
7,13
7,15
8,42
10,45
11,14
12,16
13,19
13,21
14,17
14,25
15,18
15,19
15,20
15,21
15,22
16,20
16,46
17,27
17,28
18,26
18,39
19,26
21,25
21,29
22,23
22,24
22,30
23,31
23,32
23,35
25,36
27,34
27,43
29,33
31,39
32,40
32,42
32,43
33,40
33,44
35,37
36,38
36,41
37,46
39,45
41,49
42,50
44,47
44,48
<end>