<number of tasks>
1000
<cycle time>
1000
<order strength>
0.597
<z_alpha>
1.645
<task times>
1 464 2431.6726
2 625 17015.6048
3 580 7583.8624
4 498 31.9831
5 647 19880.7038
6 506 10937.0323
7 517 14292.8883
8 289 1391.1238
9 392 3545.9882
10 382 1595.8897
11 557 5168.0727
12 437 1712.1496
13 562 920.5000
14 376 4029.8684
15 630 6418.1324
16 625 3017.7167
17 478 892.1793
18 319 1249.2361
19 780 7888.0717
20 633 16588.5314
21 541 17187.4530
22 558 10965.0324
23 510 675.1716
24 773 12819.5426
25 439 1951.8179
26 376 1509.5041
27 544 13638.8453
28 384 8667.6136
29 576 1587.9241
30 604 2994.9796
31 428 3827.4826
32 475 1918.8558
33 484 9215.7304
34 421 612.6014
35 588 468.6072
36 517 14252.3620
37 458 2432.3116
38 524 14830.6675
39 626 5599.1322
40 563 5363.2128
41 250 768.4013
42 455 1065.9812
43 430 10806.2724
44 673 18883.3758
45 409 9596.7145
46 433 8323.4248
47 552 16301.7702
48 565 2286.4138
49 674 10236.4556
50 677 16019.3546
51 387 857.4955
52 523 8785.8008
53 483 6512.0383
54 554 13079.7814
55 476 4292.7299
56 587 13220.8062
57 529 10450.1627
58 585 20826.4821
59 462 2344.8759
60 661 23473.9792
61 678 6075.0290
62 588 19461.0492
63 331 2975.6822
64 235 2394.2029
65 389 3629.7912
66 626 11378.5332
67 453 3589.6722
68 291 1358.4864
69 653 19304.0029
70 689 20550.1580
71 560 4977.8680
72 585 16614.0926
73 455 10613.4625
74 558 1222.6268
75 259 911.0107
76 518 8077.9233
77 534 12098.5855
78 491 9993.4793
79 667 1012.9482
80 371 7929.8563
81 721 2692.0658
82 568 16428.0213
83 540 10251.3106
84 520 6653.1945
85 764 73.5465
86 417 7274.4713
87 247 470.0476
88 737 9696.2049
89 375 8462.8085
90 375 4070.0725
91 361 461.8468
92 366 2268.0573
93 551 17883.9251
94 378 8148.1436
95 398 3765.2919
96 541 2777.4420
97 672 27649.2984
98 506 6107.7820
99 271 719.3189
100 480 7434.5736
101 461 3314.6636
102 468 11519.2428
103 578 7921.9631
104 556 14354.5382
105 369 4018.4916
106 387 179.4539
107 605 22857.8618
108 408 3884.1433
109 577 19138.3100
110 626 17382.5685
111 468 10886.7903
112 308 4689.9864
113 551 11678.3675
114 625 4748.4089
115 546 14505.2582
116 438 718.0157
117 396 7837.0560
118 329 1177.8726
119 431 5505.9744
120 393 4616.3203
121 336 5975.8136
122 629 5967.0501
123 223 3008.6763
124 440 11304.3261
125 619 8664.4603
126 698 21123.3975
127 577 9712.6469
128 604 16760.1290
129 388 3594.2083
130 548 17025.6343
131 448 5875.6773
132 567 17002.2911
133 462 11429.6999
134 632 6332.0940
135 443 532.8360
136 587 1123.4980
137 491 9421.6665
138 571 3461.4386
139 679 1897.8604
140 337 2700.4032
141 513 6085.6440
142 476 681.9850
143 451 2537.4982
144 443 2535.0967
145 640 6904.7555
146 328 3800.3775
147 403 9560.3112
148 399 867.3720
149 569 12191.2549
150 582 11239.9375
151 580 10579.4625
152 664 16212.2106
153 445 4631.5487
154 459 786.9739
155 438 873.9519
156 565 9541.7486
157 622 18971.6444
158 579 4516.1997
159 541 14620.5991
160 374 1785.1247
161 243 114.2630
162 312 1704.4026
163 639 14654.5348
164 750 7336.4088
165 439 4511.5266
166 581 3629.0894
167 502 12549.7914
168 496 9624.3696
169 320 4901.9601
170 381 6692.4236
171 591 1227.1040
172 592 7060.4618
173 562 18885.3972
174 564 7179.9896
175 612 751.1316
176 586 18289.4381
177 465 13421.9058
178 517 528.0774
179 513 15559.5735
180 303 3242.5547
181 428 6930.2327
182 597 3153.3989
183 429 20.3407
184 541 10656.6581
185 441 10875.9076
186 566 9563.4960
187 327 6018.0194
188 588 3081.0855
189 623 22275.1258
190 343 7135.0512
191 562 18311.0564
192 463 9878.3255
193 589 14741.4067
194 519 3086.9352
195 456 10954.2201
196 449 7289.9959
197 631 10497.7230
198 421 7034.9262
199 406 4216.7711
200 542 9254.5279
201 508 9789.1134
202 554 10702.2078
203 456 10643.8246
204 544 2606.6005
205 734 12080.2878
206 534 13064.9160
207 597 19922.4531
208 415 7236.5264
209 344 3814.5363
210 516 11623.7946
211 588 15903.9139
212 524 3013.1361
213 553 16028.7225
214 488 231.0400
215 524 6515.5668
216 484 5653.1458
217 531 16138.4195
218 631 3464.0317
219 316 939.2830
220 461 175.2541
221 648 21815.8165
222 462 11124.2210
223 558 16180.4688
224 446 6138.6999
225 589 5188.4393
226 458 10247.2433
227 228 213.6616
228 527 3096.0344
229 382 8368.3306
230 332 434.6608
231 655 9418.4262
232 350 6889.6323
233 505 12563.9114
234 341 1652.0834
235 544 1923.4947
236 496 876.5220
237 360 7693.0596
238 643 5201.9638
239 409 8356.2349
240 314 5209.5834
241 390 9189.2104
242 399 8117.6446
243 667 27497.5084
244 546 2781.0728
245 567 11453.6335
246 576 9409.1829
247 642 20462.9353
248 495 12214.0650
249 632 17659.7613
250 507 3670.3194
251 607 12244.5950
252 622 12496.9443
253 376 5769.4768
254 384 6917.6134
255 461 2898.4851
256 427 8815.1758
257 417 974.4165
258 484 13605.6994
259 572 10334.7012
260 467 235.8996
261 594 6392.3359
262 395 4914.9664
263 631 1584.8899
264 403 3259.1821
265 359 59.0642
266 569 10846.4408
267 632 24197.5723
268 478 5979.2761
269 588 14239.2135
270 449 1897.2025
271 572 8533.0063
272 471 10669.3077
273 619 15317.8298
274 495 12316.5410
275 615 7006.2543
276 466 9466.3504
277 409 5469.9008
278 463 4079.7517
279 647 1250.3279
280 556 7158.6351
281 460 7992.2846
282 357 1211.3312
283 335 277.2152
284 448 1090.1753
285 473 5663.0903
286 648 9707.4586
287 571 11156.3209
288 227 11.2462
289 489 12393.6533
290 562 10290.0248
291 192 2135.5105
292 665 10319.9849
293 489 12608.4235
294 585 7660.4245
295 306 4726.3568
296 575 6567.3314
297 495 9933.2831
298 474 10630.2988
299 619 1060.8251
300 458 6813.1198
301 587 13054.8529
302 493 10184.2409
303 532 15607.0110
304 653 14935.2438
305 468 12890.8662
306 594 17586.1984
307 565 14599.5264
308 559 14404.2799
309 575 2231.6103
310 511 7167.7446
311 636 20886.5377
312 485 6317.0779
313 596 5855.6492
314 451 10948.9555
315 448 10801.3269
316 551 13624.3019
317 324 1307.1176
318 484 9502.6822
319 616 15026.8810
320 515 8007.6476
321 639 24777.9074
322 487 9501.5186
323 523 15712.1616
324 439 4567.6913
325 436 1033.6098
326 420 10500.4438
327 501 10715.7818
328 512 14931.7894
329 491 4641.9753
330 508 5071.0896
331 521 12907.5245
332 525 3050.1226
333 341 4290.4696
334 414 8550.5469
335 285 4604.9343
336 557 7345.0583
337 488 5100.6076
338 547 12467.3527
339 314 5464.8224
340 390 2005.5313
341 454 1926.1402
342 426 5744.5885
343 531 5814.6606
344 533 2659.3198
345 629 14757.2077
346 376 8255.0240
347 463 5367.1458
348 471 12985.9939
349 478 11984.8280
350 497 1753.9611
351 414 9551.2128
352 466 11091.1418
353 308 2079.9692
354 477 9377.2186
355 430 2853.1746
356 535 516.5946
357 443 10551.1893
358 523 6579.0828
359 462 1110.6127
360 624 23111.4202
361 422 7286.9954
362 693 14007.1686
363 538 4113.9027
364 341 7006.4772
365 415 1298.5900
366 318 4084.4505
367 512 15484.7462
368 260 281.0518
369 635 16308.2217
370 381 5957.8417
371 541 10052.5208
372 502 13605.7521
373 347 7047.8743
374 656 7127.0200
375 612 14895.0237
376 485 14581.6195
377 576 20364.5866
378 613 22747.9165
379 534 8294.9120
380 388 9092.6392
381 393 9332.8180
382 489 8942.5650
383 466 8883.6857
384 194 1608.7190
385 274 1613.1624
386 607 10550.0499
387 751 5899.6609
388 518 9281.6835
389 599 19424.3649
390 646 20773.8675
391 574 9162.7661
392 445 3444.1552
393 592 8111.4856
394 453 3531.5698
395 623 11827.2048
396 556 2663.8274
397 419 1422.8229
398 315 4541.0704
399 588 18054.0890
400 386 5168.2988
401 519 4249.9057
402 340 3836.9055
403 449 8992.4086
404 433 11279.2176
405 473 3999.3775
406 336 2859.2006
407 427 8858.3511
408 435 2500.1822
409 659 13186.1216
410 485 8546.7567
411 378 2969.3389
412 535 7093.2682
413 381 4541.5472
414 637 19607.6511
415 454 3868.4800
416 396 3253.9133
417 238 991.9024
418 400 8669.1929
419 573 2464.7634
420 634 24172.6712
421 431 997.8236
422 346 4164.0360
423 517 5356.4824
424 381 5314.8050
425 594 15589.3080
426 660 6934.3338
427 419 10099.6471
428 620 6027.4145
429 640 8289.6427
430 392 4073.6452
431 389 4092.8551
432 692 24416.1433
433 400 6132.2632
434 536 5603.0195
435 362 4540.0660
436 510 3673.7461
437 564 17449.2046
438 434 4089.7019
439 495 5964.7736
440 634 23466.5578
441 421 2992.5210
442 484 9986.5916
443 558 14912.6808
444 532 6364.8741
445 474 9540.2153
446 565 16923.8119
447 563 2058.1493
448 494 6161.9457
449 437 1851.0383
450 424 3978.9389
451 267 218.8939
452 589 11681.0769
453 612 6780.9113
454 575 17789.6001
455 487 10212.6439
456 535 9996.2006
457 595 17352.6351
458 568 12521.2635
459 527 2001.0006
460 450 11939.8997
461 650 6189.9028
462 641 5514.3574
463 328 4999.2491
464 560 15957.5634
465 598 8970.3356
466 549 13864.3359
467 538 11104.4181
468 509 15434.7049
469 487 13628.2171
470 497 14517.2276
471 442 7455.9549
472 690 6991.7318
473 491 13588.1462
474 530 10673.7251
475 341 6819.5375
476 474 1733.0424
477 683 12545.7631
478 690 403.9673
479 427 3350.9514
480 716 9724.5786
481 501 2250.6475
482 457 6518.2699
483 677 2779.4808
484 636 23393.3170
485 618 16995.3191
486 465 4307.0934
487 677 16377.2729
488 451 7829.5222
489 551 15120.9607
490 506 1833.0002
491 433 6181.0278
492 416 1083.9523
493 429 5883.7126
494 323 5162.9774
495 503 12323.5965
496 425 2013.2085
497 498 5842.3016
498 576 5810.2336
499 621 22117.8208
500 431 6150.6799
501 672 14949.8002
502 579 16436.6606
503 405 2675.4764
504 524 12700.4379
505 539 15414.5492
506 651 11934.5422
507 532 5375.1458
508 439 9908.3315
509 472 9698.1430
510 671 14017.5959
511 464 6914.5667
512 651 7058.8388
513 487 5338.4052
514 569 10262.1388
515 447 11764.6649
516 364 7725.2306
517 635 3142.3662
518 598 9009.5653
519 459 9790.5460
520 502 11571.1744
521 555 13419.5979
522 616 10908.0058
523 381 6428.5169
524 477 12509.5085
525 616 11228.3275
526 646 2062.3249
527 622 1705.4033
528 521 10903.4850
529 365 7400.2219
530 482 5244.3401
531 350 3559.9065
532 365 4737.3922
533 357 598.9791
534 499 589.9382
535 579 18282.1419
536 437 3306.6447
537 564 14589.5009
538 493 3614.1574
539 639 17175.1657
540 511 15933.4491
541 459 7399.4102
542 374 1137.8497
543 483 12440.6988
544 611 1309.7379
545 526 9799.8512
546 521 120.9315
547 346 1469.5744
548 451 11976.7063
549 466 6754.8154
550 299 2268.9060
551 332 5992.5736
552 804 304.0584
553 438 1697.7849
554 415 904.9959
555 532 13862.7033
556 727 930.3238
557 294 4917.7915
558 295 3230.1982
559 634 13982.1841
560 535 8370.2486
561 502 6732.7190
562 508 14623.4660
563 451 12704.5140
564 635 8496.2734
565 495 9387.4036
566 530 6947.8320
567 399 1836.8212
568 717 19028.6508
569 559 6117.1326
570 304 2933.0750
571 563 17370.8179
572 660 9367.1001
573 394 9226.3197
574 647 1190.1057
575 392 7999.7843
576 614 11049.6713
577 432 6236.5848
578 270 3742.6922
579 527 8839.5823
580 350 6326.8649
581 566 12646.7134
582 562 9406.6445
583 583 9203.6738
584 463 7812.1065
585 270 656.2633
586 550 16279.4212
587 414 3890.2890
588 394 805.0891
589 364 5863.0947
590 547 12745.9902
591 592 17463.7062
592 416 4329.9177
593 555 15073.7962
594 565 15448.7709
595 731 12285.9301
596 264 1099.1872
597 416 4355.6116
598 452 11210.1398
599 687 21001.6022
600 484 12424.9702
601 376 8804.7337
602 543 3063.0761
603 356 6362.2173
604 429 2862.2785
605 507 9417.8402
606 589 14545.9453
607 370 3921.8387
608 571 9888.0951
609 530 6513.6173
610 488 4196.9444
611 471 11548.7800
612 464 5523.4239
613 502 2954.5399
614 450 12499.0308
615 486 1063.7765
616 561 8091.5789
617 447 10619.4348
618 504 6042.8884
619 330 4182.5216
620 428 280.5564
621 540 8869.8630
622 305 2418.1139
623 672 17714.0440
624 475 3220.7112
625 654 10945.5675
626 320 2634.5092
627 555 956.2325
628 529 2037.2535
629 566 12481.6470
630 375 2847.5447
631 534 1586.2985
632 643 1791.6931
633 496 11430.3756
634 439 1777.9640
635 367 3432.6102
636 566 737.1482
637 406 3850.9602
638 557 9817.7703
639 645 8863.9934
640 643 16427.6463
641 470 11032.1093
642 267 1618.9241
643 592 18505.7711
644 489 184.0362
645 530 12918.9885
646 591 18796.2191
647 437 7245.0134
648 409 555.3513
649 407 2409.0991
650 441 5225.9611
651 656 26669.3300
652 588 2260.5157
653 215 914.9550
654 549 12940.8665
655 538 1972.7746
656 518 12859.2155
657 674 12867.3396
658 516 1891.7489
659 485 11317.0849
660 216 1548.7490
661 440 7501.5129
662 373 8580.5124
663 475 1745.2126
664 406 480.6291
665 387 1477.9081
666 382 1325.0314
667 546 5302.5239
668 423 4631.4427
669 301 4262.8707
670 563 15570.9439
671 395 8457.7574
672 442 472.9085
673 554 17398.7407
674 478 4034.9536
675 589 1059.1151
676 288 3200.1426
677 421 2515.8094
678 474 6343.6206
679 542 6116.0293
680 510 4727.9214
681 558 10902.0341
682 469 11594.0738
683 533 14948.5798
684 295 138.0020
685 558 4959.7868
686 467 6217.8923
687 615 5013.7309
688 485 13683.8925
689 434 8164.4334
690 536 17084.7024
691 353 960.3524
692 464 2591.5701
693 359 7593.0011
694 488 13171.5434
695 501 5150.5595
696 721 6179.4473
697 513 5289.7230
698 309 519.6637
699 480 5248.0289
700 492 16.7949
701 477 11237.3545
702 519 16336.4915
703 680 1086.8049
704 503 10496.6299
705 654 2714.0264
706 600 17896.0300
707 266 1967.9000
708 378 3587.4287
709 660 2498.3893
710 507 11124.1489
711 734 5429.8945
712 403 7456.2000
713 446 11556.0468
714 454 6658.1711
715 331 227.6090
716 623 11189.1506
717 495 3852.7441
718 363 6926.5981
719 481 11143.8470
720 432 6612.6699
721 581 19454.5403
722 446 9342.3271
723 708 9723.5776
724 171 368.1872
725 564 788.9208
726 413 5343.0789
727 385 7371.1166
728 451 1595.3267
729 540 4358.2281
730 524 6889.5714
731 778 3561.3049
732 666 10649.5014
733 882 1150.5664
734 417 7205.8853
735 582 7696.7289
736 337 2200.8331
737 300 2310.0901
738 497 5791.3938
739 384 6121.5851
740 408 5253.2161
741 444 11365.6195
742 595 16563.7940
743 549 13549.8047
744 433 3790.6527
745 481 4732.9178
746 313 3175.4148
747 369 3049.7038
748 559 10604.4749
749 430 7280.3447
750 447 5660.9292
751 472 7124.5738
752 494 10111.1967
753 557 5378.3438
754 435 5017.7025
755 330 3384.5425
756 511 16007.1197
757 394 3674.6298
758 477 851.9491
759 389 4489.8798
760 428 2234.6664
761 444 10514.2997
762 292 665.8781
763 506 4980.7110
764 438 5225.1222
765 373 5712.5000
766 843 4995.2464
767 544 13851.5843
768 478 4863.2415
769 387 2160.2849
770 678 9871.8624
771 333 3476.4436
772 616 15272.5167
773 343 3075.0946
774 523 1011.0699
775 360 7256.7421
776 365 4689.7815
777 587 14928.4530
778 429 2196.1468
779 362 508.3623
780 511 4349.0352
781 480 9175.9606
782 595 13136.8129
783 362 1876.0552
784 564 14871.3711
785 562 14658.7321
786 528 8119.8895
787 320 322.5403
788 764 9708.4828
789 630 6094.0820
790 461 5860.5283
791 437 1720.8457
792 808 1889.3149
793 460 13134.9844
794 584 3488.8295
795 630 10260.6695
796 366 6624.6090
797 421 897.1840
798 695 22672.5110
799 549 7809.8709
800 460 7869.4846
801 363 1456.2939
802 421 2105.9353
803 419 4453.8193
804 430 8013.0213
805 399 2643.9823
806 612 14198.8839
807 538 13357.0749
808 722 14923.3182
809 609 3567.9149
810 492 14356.4782
811 716 9539.0649
812 373 3983.0540
813 327 1853.4420
814 459 8536.4437
815 298 4830.4560
816 529 9986.1920
817 457 12043.3197
818 438 10262.6785
819 709 19188.9392
820 658 18626.9483
821 379 8752.9043
822 413 7607.0619
823 630 969.3981
824 707 11658.1193
825 531 15326.9287
826 423 146.5937
827 459 2673.6760
828 529 85.5953
829 579 14858.0035
830 434 2647.0009
831 603 6198.1742
832 320 2276.3676
833 251 3630.5655
834 470 11433.6220
835 561 7956.2144
836 237 807.3683
837 403 5199.0240
838 467 9582.8827
839 776 4562.9495
840 351 835.8045
841 339 5461.2138
842 647 6209.4674
843 448 6510.3973
844 337 2330.8933
845 515 12137.4062
846 410 1195.3900
847 419 5860.3339
848 354 1308.1675
849 399 4126.8354
850 395 4110.0059
851 548 564.3056
852 323 3036.6693
853 461 2401.2289
854 609 14608.1371
855 628 16797.8184
856 394 2784.5866
857 476 12649.8432
858 354 1164.9021
859 558 17982.7445
860 621 607.2094
861 491 1968.7368
862 517 11482.5699
863 668 5701.1268
864 315 3707.8891
865 527 7311.6869
866 783 6883.9535
867 359 2917.3415
868 570 1159.0897
869 448 3043.0646
870 543 4453.9227
871 422 9537.3253
872 621 7306.6987
873 438 8657.6635
874 470 49.6972
875 674 16861.6939
876 583 19880.3949
877 593 4561.5899
878 549 1152.2182
879 577 16329.5443
880 635 4018.3286
881 553 9064.2825
882 611 21753.0778
883 468 5838.6501
884 695 2877.6342
885 623 22954.7839
886 518 16024.9318
887 448 8144.2305
888 697 2817.2490
889 516 8856.8473
890 414 2153.9663
891 287 3955.4923
892 411 3266.3709
893 493 6537.4408
894 513 5047.8582
895 393 9335.0675
896 461 8737.3700
897 413 1899.9784
898 638 15890.0436
899 332 1590.4851
900 474 11686.6244
901 497 58.0748
902 645 12990.0435
903 491 9630.8095
904 394 1518.6092
905 195 1124.8550
906 592 18155.8478
907 624 3654.2211
908 528 14062.9663
909 503 3936.7070
910 340 408.3202
911 504 718.6188
912 402 6338.3551
913 366 1661.8283
914 581 7784.2580
915 498 6193.6805
916 630 18039.2934
917 309 2285.2435
918 474 6546.0716
919 516 1822.1081
920 334 388.8422
921 504 3093.1384
922 460 11983.3252
923 359 1698.8957
924 590 245.4045
925 591 16749.6203
926 606 15383.9587
927 608 7181.4171
928 340 1641.2821
929 501 1819.0725
930 401 6002.6152
931 328 655.5795
932 269 3095.0350
933 548 18118.0795
934 668 22871.6306
935 456 3727.1348
936 422 104.6113
937 589 1324.4795
938 508 9638.0398
939 383 7413.4155
940 541 9632.0592
941 436 546.0548
942 784 9824.7348
943 247 2852.5053
944 648 15998.2589
945 588 17919.5148
946 656 10541.0091
947 724 9021.3158
948 566 6053.8386
949 648 21857.7951
950 580 783.2967
951 482 7820.7080
952 331 5855.3227
953 577 8311.3201
954 554 10590.4467
955 421 2474.7194
956 504 14961.2448
957 277 3515.4325
958 522 8215.4004
959 521 5389.1503
960 295 3944.9930
961 610 9985.9146
962 601 20699.5564
963 486 5386.3333
964 356 5933.2599
965 656 24453.2899
966 508 3030.0111
967 445 3648.0571
968 618 7146.6812
969 381 6298.0675
970 364 7962.3719
971 441 11133.3924
972 475 11350.9151
973 536 12073.3161
974 602 17883.5635
975 342 6914.8860
976 471 6188.0546
977 703 10586.3105
978 331 4402.8749
979 139 873.3145
980 623 17532.8026
981 275 1585.3673
982 470 6790.5432
983 394 8018.7091
984 287 174.6758
985 394 4797.9162
986 459 10844.5277
987 438 9329.4293
988 487 12699.0394
989 425 11069.3257
990 422 3451.9140
991 311 2938.8696
992 648 1842.4655
993 718 930.1846
994 449 1119.8342
995 548 18730.9800
996 438 3409.8602
997 442 1605.6209
998 542 7817.4300
999 577 16086.7046
1000 484 980.4797
<precedence relations>
1,10
2,11
3,12
4,13
4,14
4,15
5,16
5,17
6,13
6,14
6,15
6,16
7,13
8,13
8,22
9,13
10,19
11,20
12,20
13,18
13,20
13,21
14,636
15,22
15,48
16,20
16,21
17,20
17,21
18,24
19,26
20,23
20,25
20,29
20,48
21,27
21,28
22,28
22,30
23,31
24,32
25,34
26,33
27,35
27,36
27,37
27,38
27,39
27,40
28,37
28,291
28,301
29,35
29,36
29,39
30,35
30,40
30,49
31,46
32,41
33,42
34,43
35,44
35,46
35,47
36,45
36,219
37,302
38,46
38,47
38,48
38,49
39,49
39,54
40,46
41,50
42,53
43,53
44,51
45,52
46,53
46,54
46,55
47,54
47,55
47,56
47,57
48,121
49,145
50,59
51,62
52,61
53,58
53,63
53,66
53,72
53,232
54,60
54,63
54,64
54,68
54,189
55,65
55,67
55,69
55,70
55,71
55,189
56,63
56,64
57,63
57,64
58,73
59,74
60,76
61,77
62,79
63,75
63,414
63,426
64,78
64,79
65,79
65,81
65,94
66,86
67,82
68,79
68,80
68,84
69,79
69,80
69,81
70,79
70,80
71,85
72,83
72,157
72,178
72,256
73,91
74,87
75,88
76,92
77,89
78,90
79,95
79,127
80,94
81,344
81,382
82,92
82,93
82,94
82,97
83,323
84,92
84,93
84,96
84,231
84,232
85,93
85,113
85,232
85,256
86,92
86,93
86,256
87,98
88,99
89,101
90,104
91,100
92,102
92,106
93,103
93,104
93,112
94,103
94,109
94,127
95,107
95,108
95,109
96,104
96,105
96,111
96,113
96,256
97,103
97,110
97,256
98,114
99,115
100,116
101,118
102,119
103,117
103,120
103,121
104,120
104,121
105,521
105,540
106,120
106,125
106,126
106,127
107,124
108,120
108,128
108,272
109,122
110,162
111,217
112,120
113,123
114,129
115,136
116,131
117,133
118,132
119,134
120,130
120,145
121,135
121,136
121,137
121,139
121,144
121,156
122,136
122,137
122,138
122,139
122,141
123,142
123,456
123,485
123,637
123,700
124,138
124,194
125,254
125,415
126,136
126,143
126,146
126,270
127,140
128,320
128,356
128,621
129,147
130,150
131,148
132,153
133,151
134,152
135,154
136,346
136,477
137,149
137,157
137,160
137,272
138,155
139,159
139,417
140,486
140,492
141,158
143,486
143,810
143,816
144,155
144,162
144,344
145,155
145,156
145,157
146,156
146,161
147,173
148,164
149,165
150,166
151,170
152,171
153,172
154,173
155,163
155,173
155,174
155,175
155,176
156,167
156,284
157,168
157,177
158,169
159,575
159,612
160,178
161,636
162,174
163,179
164,180
165,181
166,182
167,183
168,184
169,185
170,186
171,187
172,189
173,188
173,190
174,205
175,187
175,191
175,192
176,704
176,792
176,893
176,920
177,193
177,194
177,219
178,230
179,199
180,197
181,202
182,198
183,200
184,202
185,204
186,201
187,195
187,388
187,407
188,196
189,313
190,365
190,778
190,801
190,948
191,203
191,205
191,372
192,203
192,206
193,202
193,207
193,217
193,258
194,310
195,208
196,210
197,209
198,213
199,212
200,214
201,214
202,406
203,211
203,260
204,215
204,216
204,217
205,323
206,219
207,218
207,356
208,220
209,221
210,222
211,224
212,223
213,227
214,225
214,228
215,226
215,231
216,232
216,256
217,229
217,233
218,228
218,310
219,230
220,234
221,235
222,237
223,238
224,239
225,240
226,242
227,243
228,236
228,241
228,292
229,248
230,244
230,245
231,418
231,428
232,244
233,246
233,247
234,254
235,256
236,249
237,250
238,257
239,252
240,254
241,253
242,258
243,254
244,251
244,259
244,295
245,290
246,262
246,366
246,375
247,255
248,260
248,261
248,284
249,266
250,267
251,264
252,265
253,268
254,446
254,532
255,263
255,269
255,274
255,279
256,272
257,268
258,270
258,273
259,271
259,327
260,268
260,348
260,384
260,488
261,268
262,572
263,275
264,279
265,276
266,277
267,278
268,282
268,283
269,282
269,699
271,284
272,279
272,474
272,477
272,502
273,279
273,280
273,281
274,292
275,286
276,288
277,287
278,285
279,288
279,469
280,289
280,290
280,295
281,345
281,717
281,756
282,288
283,291
283,293
284,288
284,292
284,294
285,301
286,298
287,299
288,297
288,576
289,296
289,300
289,302
290,435
290,491
290,539
291,389
291,390
291,509
291,569
292,300
292,301
293,300
294,728
294,806
294,840
296,303
297,306
298,304
299,308
300,305
300,309
300,320
300,325
300,493
301,312
301,313
302,307
302,308
302,310
302,311
303,314
304,315
305,317
306,318
307,316
307,319
307,323
308,320
308,492
310,320
310,322
310,324
310,329
311,321
311,326
311,327
311,330
312,325
312,383
313,328
314,331
315,334
316,335
317,332
318,333
319,336
321,496
321,669
322,337
323,337
323,426
324,624
324,655
324,784
324,792
325,429
325,500
326,382
326,416
326,433
327,338
327,503
328,337
329,337
330,337
331,339
332,340
333,341
334,342
335,343
336,344
337,342
337,348
337,349
338,345
338,346
338,347
338,356
338,432
338,523
339,350
340,351
341,352
342,353
342,354
342,358
342,474
343,356
343,393
344,941
345,840
346,743
347,357
347,415
347,592
349,355
350,360
351,359
352,365
353,361
354,363
355,362
355,364
355,368
355,369
355,370
355,373
355,375
356,372
357,374
357,724
358,365
358,366
358,367
358,371
358,376
358,392
359,377
360,380
361,381
362,378
363,382
364,379
366,407
367,384
367,433
367,550
367,630
368,941
369,383
370,456
371,436
371,472
371,550
373,613
373,753
374,416
374,643
375,521
376,459
376,532
377,388
378,385
379,389
380,386
381,387
381,393
381,394
381,629
382,390
382,392
382,396
383,391
383,395
384,810
384,877
385,398
386,397
387,400
388,399
389,407
389,535
390,401
391,401
391,404
391,406
391,428
392,461
392,613
393,401
393,403
393,458
394,402
395,405
396,401
397,408
398,410
399,412
400,411
401,409
401,415
401,640
402,413
402,686
403,752
403,923
404,418
405,414
405,461
405,487
406,414
406,416
406,417
407,414
408,426
409,419
410,428
411,421
412,422
413,423
414,420
414,424
414,425
414,431
414,432
414,433
414,483
414,493
414,610
415,425
415,436
415,510
416,713
416,717
416,801
417,425
417,429
417,430
417,436
417,456
418,427
418,434
418,435
419,439
420,440
421,442
422,443
423,444
424,445
425,437
425,438
425,522
425,609
426,446
427,441
427,446
428,754
429,455
429,621
431,482
432,738
433,940
434,447
434,519
434,640
434,668
435,714
435,739
436,473
436,589
437,449
438,450
439,448
440,451
441,452
442,454
443,455
444,455
445,455
446,453
446,455
446,456
446,457
446,458
446,459
446,461
446,462
447,460
448,463
449,465
450,469
451,464
452,466
453,467
454,468
455,592
455,619
456,472
456,477
457,551
458,471
458,472
458,475
458,538
458,688
459,469
459,476
459,703
460,469
461,473
461,669
462,470
462,474
462,553
463,482
464,478
465,479
466,480
467,483
468,481
469,494
469,496
470,488
470,491
471,482
471,493
472,490
473,485
474,492
474,495
474,663
476,487
476,489
476,538
477,484
477,486
477,570
478,497
479,498
480,501
481,504
482,502
482,505
482,686
483,500
484,499
484,500
484,780
485,500
485,681
486,886
487,509
488,557
489,500
489,503
489,504
489,506
491,871
491,895
491,943
492,508
493,716
493,893
494,500
494,531
495,510
496,507
497,513
498,515
499,518
500,511
500,514
500,517
500,702
501,864
501,984
502,512
502,521
502,523
503,516
503,539
503,717
504,724
506,574
507,520
508,519
508,523
509,909
510,522
511,524
512,525
513,532
514,526
515,533
516,528
517,530
518,535
519,527
520,529
520,540
520,753
521,534
521,536
521,539
522,531
522,538
523,537
524,541
525,553
526,544
527,543
528,546
529,548
530,547
531,542
532,556
532,597
533,557
533,742
533,755
534,545
534,549
534,554
534,639
534,778
535,863
536,596
536,664
536,754
537,596
538,549
538,641
538,713
539,558
540,550
540,551
540,552
540,555
541,559
542,564
543,569
544,565
545,566
546,568
547,567
548,572
549,560
549,575
549,577
549,595
549,685
549,726
550,561
550,809
551,562
551,577
552,563
552,570
553,573
553,574
553,703
554,811
555,631
556,882
557,576
557,738
557,757
558,571
559,582
560,578
561,579
562,580
563,581
564,589
565,590
566,584
567,586
568,588
569,587
569,592
569,594
570,583
570,596
570,664
571,585
571,589
571,595
572,589
572,597
572,685
574,592
575,920
576,591
577,593
577,597
577,619
578,598
579,601
580,602
581,599
582,600
583,603
584,609
585,604
586,606
587,607
588,610
589,608
590,611
590,654
591,605
591,726
592,608
592,612
592,669
593,724
596,613
598,614
599,619
600,619
601,616
602,617
603,619
604,620
605,618
606,619
607,621
608,615
608,624
608,627
608,754
609,627
609,921
609,973
610,629
611,622
611,623
611,625
612,626
612,628
612,631
612,778
613,630
614,632
615,633
616,636
617,637
618,634
619,644
620,639
621,680
622,642
622,829
622,886
623,909
624,641
625,644
625,663
625,738
626,638
626,895
628,635
628,643
629,640
630,635
630,643
630,645
631,886
631,944
631,963
632,646
633,647
634,652
635,648
637,836
638,649
638,878
639,650
639,654
640,651
640,653
640,656
641,651
641,783
642,757
643,730
643,780
644,655
646,658
647,657
648,660
649,661
650,662
651,659
651,666
651,800
652,663
652,664
652,668
652,669
652,670
652,758
653,664
654,667
655,665
655,671
657,673
658,678
659,679
660,674
661,682
662,683
663,672
663,688
664,675
664,702
664,925
665,676
665,961
666,677
666,681
667,737
668,680
668,686
668,791
669,684
669,685
670,680
670,681
670,753
671,687
671,880
672,690
673,691
674,692
675,693
676,694
677,695
678,697
679,700
680,689
680,798
680,860
681,696
681,701
681,702
681,704
681,861
682,837
683,836
684,698
684,770
685,897
685,987
686,703
687,699
687,944
688,863
689,705
690,706
691,707
692,713
693,714
694,715
695,709
696,710
697,711
698,712
699,708
699,717
700,716
701,805
702,950
703,724
703,923
705,718
706,724
707,719
708,720
709,725
710,721
711,723
712,722
713,726
713,727
713,799
714,782
715,939
716,728
717,729
717,730
718,736
719,731
720,733
721,732
722,736
723,735
724,743
725,738
725,740
726,734
726,737
726,741
727,742
727,853
727,950
728,739
728,811
730,750
730,947
731,744
732,749
733,747
734,748
735,753
737,745
737,750
737,758
737,770
738,746
738,752
739,755
739,757
739,818
739,923
740,751
741,750
741,751
741,756
742,997
743,754
744,759
745,761
746,762
747,763
748,765
749,767
750,760
750,942
750,956
751,764
751,770
751,841
751,877
752,766
752,768
752,808
752,864
754,790
755,801
756,771
756,798
758,769
759,773
760,772
761,777
762,778
763,774
764,775
765,777
766,776
767,779
769,783
769,784
770,781
770,782
770,950
771,780
771,964
772,785
773,788
774,787
775,789
776,790
777,786
777,792
778,849
778,960
779,898
780,999
782,947
783,791
784,880
785,794
786,795
787,796
788,793
789,797
790,799
790,801
791,798
791,800
793,802
794,805
795,803
796,805
797,804
798,807
798,808
798,809
798,811
799,818
800,806
800,810
802,813
803,812
804,814
805,815
805,816
805,859
805,972
807,948
808,994
810,818
810,819
810,878
811,817
811,939
811,940
811,976
812,820
813,821
814,822
815,824
816,823
816,828
816,829
816,943
817,825
817,826
817,829
818,830
819,827
820,833
821,831
822,835
823,834
824,836
825,832
827,840
828,841
830,837
830,838
830,839
831,842
832,843
833,844
834,847
835,848
836,845
837,846
837,849
837,871
837,899
838,850
838,853
840,852
840,899
840,964
841,851
841,949
842,858
843,855
844,857
845,854
846,856
847,858
848,858
850,859
850,861
850,862
850,863
852,860
852,863
852,864
854,871
855,865
856,872
857,867
858,869
858,870
859,866
859,998
860,868
861,963
865,877
866,873
867,878
868,874
869,875
870,876
871,879
871,881
871,883
872,880
872,882
872,884
872,885
872,886
873,887
874,893
875,892
876,891
877,895
878,899
879,888
879,898
879,978
880,889
880,896
881,890
882,894
882,897
882,921
882,949
882,976
884,924
886,996
887,900
888,902
889,903
890,905
891,901
892,904
893,932
894,906
895,909
895,910
896,908
897,907
899,960
899,984
900,911
901,913
902,912
903,918
904,915
905,916
906,917
907,914
907,1000
908,919
908,925
909,920
909,922
909,923
909,924
910,921
911,928
912,926
913,927
914,929
915,932
916,932
917,933
918,930
919,931
921,934
921,935
924,936
926,938
927,938
928,937
929,940
930,938
931,938
932,939
933,943
934,941
934,963
935,942
935,944
937,946
938,948
939,945
939,949
939,995
940,973
941,947
942,950
942,951
943,964
945,952
946,953
947,954
947,955
947,956
947,961
947,962
948,957
948,960
949,959
949,962
950,964
951,958
951,963
952,965
953,966
954,968
955,969
956,967
956,970
956,971
957,973
957,976
958,975
960,974
960,994
961,977
962,978
963,972
965,979
966,980
967,981
968,984
969,984
970,982
971,983
972,986
972,987
972,988
973,990
975,989
978,985
979,991
980,993
981,992
982,993
983,993
984,994
984,997
986,996
988,995
988,999
988,1000
990,998
<end>