<number of tasks>
50
<cycle time>
1000
<order strength>
0.202
<z_alpha>
1.960
<task times>
1 89 112.4153
2 76 77.1064
3 147 314.7907
4 290 1821.8669
5 95 188.1503
6 94 354.4087
7 124 833.2847
8 167 1051.1336
9 223 2866.9963
10 238 2652.7624
11 242 569.2726
12 66 126.4984
13 30 22.8140
14 145 459.4187
15 195 973.2163
16 121 416.8417
17 466 8680.0937
18 33 31.2609
19 36 21.6771
20 100 90.9695
21 163 1569.9577
22 69 277.3111
23 159 285.4173
24 106 13.7305
25 282 2913.7146
26 510 14241.3449
27 287 1033.4978
28 576 16027.4078
29 281 2832.9423
30 106 543.3899
31 88 38.2314
32 62 45.1698
33 496 10706.5678
34 86 432.2774
35 77 156.5262
36 116 759.3274
37 68 47.1313
38 115 231.0034
39 352 2043.5316
40 32 40.4899
41 76 279.9819
42 508 10253.5563
43 246 1424.1800
44 121 712.7235
45 473 13337.7644
46 346 1227.0048
47 168 1130.4703
48 556 5336.5208
49 59 173.4685
50 391 1176.1026
<precedence relations>
2,8
3,10
4,9
5,11
6,7
7,16
8,14
9,12
9,15
10,13
13,28
14,17
14,18
14,19
15,20
16,19
16,21
16,22
17,27
17,30
18,30
19,23
19,24
19,26
19,28
20,25
20,29
23,33
25,31
26,32
30,34
30,35
30,36
30,37
31,40
31,42
32,38
35,41
36,39
37,40
38,48
40,47
40,49
41,43
41,44
41,46
41,50
42,45
<end>