<number of tasks>
20
<cycle time>
1000
<order strength>
0.805
<z_alpha>
1.280
<task times>
1 520 20753.7991
2 516 24000.5102
3 222 1452.8287
4 129 1150.2562
5 179 5789.8989
6 45 401.7451
7 208 9111.0622
8 127 3600.1203
9 139 1638.8690
10 235 8798.4372
11 150 754.4797
12 130 716.2305
13 227 7961.9733
14 184 5406.7496
15 190 2065.5045
16 195 4630.0855
17 519 58317.3088
18 238 6130.9124
19 147 34.4521
20 450 36956.8649
<precedence relations>
1,4
1,5
2,3
3,6
4,6
4,7
5,6
6,8
6,9
6,10
7,8
7,9
7,10
8,11
9,11
10,11
11,12
11,13
11,14
13,15
15,16
15,17
15,18
16,19
17,20
<end>