<number of tasks>
100
<cycle time>
1000
<order strength>
0.896
<z_alpha>
1.960
<task times>
1 66 679.4633
2 73 650.7733
3 103 2516.0672
4 565 43608.2814
5 482 54255.7933
6 177 6500.9830
7 53 672.0448
8 118 1934.1741
9 468 132.2527
10 75 680.7682
11 216 11458.6449
12 572 28518.7933
13 177 5904.3871
14 334 10269.9666
15 117 520.1256
16 224 1360.2657
17 253 2028.8283
18 394 10235.0826
19 185 5915.0825
20 414 37010.7116
21 179 618.1943
22 180 689.8566
23 68 1028.3199
24 181 5129.0109
25 179 4867.4798
26 54 60.3101
27 601 13618.4939
28 584 40073.3494
29 26 111.5444
30 233 7800.1324
31 78 295.1691
32 69 824.9332
33 263 9598.5630
34 194 3844.3290
35 313 12611.5136
36 571 4966.1617
37 334 25131.7532
38 126 2264.8360
39 265 3473.4002
40 96 654.0235
41 34 204.6751
42 99 1761.6135
43 153 2035.4794
44 245 2792.0632
45 179 1463.1210
46 564 44094.5344
47 289 19947.6795
48 465 30997.4210
49 492 35196.0107
50 59 324.3400
51 35 227.8557
52 188 4837.4517
53 248 12358.3990
54 533 30591.3871
55 90 1957.0819
56 513 40286.2726
57 278 6578.8346
58 100 515.3682
59 55 745.1987
60 89 1005.2631
61 70 329.0191
62 149 3001.9239
63 136 973.3183
64 317 20359.0969
65 352 16560.1226
66 260 8779.7072
67 316 7808.6463
68 258 15289.1172
69 362 26503.6475
70 483 53241.1808
71 529 52966.6631
72 114 1336.1347
73 72 765.6184
74 393 22024.6273
75 244 10.3292
76 44 272.3030
77 102 1578.0639
78 180 4716.9066
79 184 2651.0836
80 101 1634.1804
81 181 5092.1214
82 514 3538.9566
83 137 4012.9481
84 126 3688.2204
85 411 25988.1734
86 477 23605.0839
87 95 1143.8072
88 456 36699.5367
89 443 45831.4288
90 203 6471.4465
91 561 39118.4245
92 314 22031.7483
93 232 12080.5227
94 107 741.9396
95 108 185.2621
96 121 104.7332
97 342 16939.7548
98 77 351.0758
99 590 41352.1671
100 82 477.4257
<precedence relations>
1,8
2,25
2,26
2,27
2,28
3,6
3,7
3,8
3,9
4,6
4,7
4,8
4,9
5,6
5,7
5,8
5,9
6,10
7,10
8,10
9,10
10,11
10,12
11,13
11,14
11,15
12,13
12,14
12,15
13,16
13,17
13,18
14,16
14,17
14,18
15,16
15,17
15,18
16,19
16,20
16,21
16,22
16,23
16,24
17,19
17,20
17,21
17,22
17,23
17,24
18,19
18,20
18,21
18,22
18,23
18,24
19,25
20,25
20,28
21,25
21,26
22,27
23,25
23,26
23,28
24,25
24,26
24,27
25,29
25,30
25,31
25,32
26,29
26,30
26,33
26,35
26,36
27,29
27,30
27,31
27,32
28,29
28,32
29,34
30,55
30,56
31,33
31,34
31,35
31,36
32,33
32,34
33,39
33,40
34,37
34,38
34,39
35,37
35,38
35,40
36,37
36,39
37,44
37,45
37,46
37,47
38,41
38,42
38,43
39,41
39,42
39,43
40,41
40,42
40,43
41,44
41,45
41,46
41,47
42,44
42,45
42,46
42,47
43,44
43,45
43,46
43,47
44,48
44,49
45,48
45,49
46,48
46,49
47,48
48,50
49,51
50,52
50,54
51,52
51,53
52,83
52,84
52,85
53,55
54,55
54,56
55,57
55,58
55,59
55,60
55,63
56,57
56,58
56,59
56,60
56,61
57,71
57,72
57,76
58,62
58,72
60,62
60,64
61,63
62,65
62,66
63,67
64,65
64,66
64,72
65,70
66,69
67,68
67,70
68,71
68,72
68,73
68,74
69,71
69,74
69,75
70,71
70,73
71,96
72,75
72,83
73,76
74,77
74,81
74,89
75,78
75,79
76,80
76,81
77,79
78,84
78,85
79,82
80,84
81,82
81,83
81,85
81,96
82,92
83,86
83,94
83,95
84,87
84,88
85,86
86,92
87,90
87,91
87,92
88,89
89,95
89,96
91,94
91,95
91,99
92,93
93,98
93,99
94,98
95,97
95,100
96,99
96,100
<end>