<number of tasks>
111
<cycle time>
8356
<order strength>
0.000
<z_alpha>
1.280
<task times>
1 1960 929875.6371
2 1715 156487.2704
3 735 113763.4372
4 1715 475906.7654
5 490 4392.0326
6 1225 362340.5515
7 169 5680.0339
8 2252 1062096.2732
9 1225 42588.9770
10 2319 789111.7584
11 1715 698584.5599
12 980 156066.5762
13 735 45534.2631
14 2281 711658.4680
15 2750 446802.7780
16 77 734.0051
17 89 751.4595
18 51 323.9639
19 364 25764.9212
20 405 12703.6127
21 3060 896505.0656
22 125 1420.3952
23 3429 951430.9099
24 43 32.6124
25 3430 1799904.4275
26 1960 285396.2646
27 29 182.7831
28 27 149.6436
29 15 48.0397
30 121 235.5006
31 1715 634342.3171
32 2127 714604.2249
33 1470 126948.5901
34 4037 139165.1436
35 68 14.8307
36 62 797.1601
37 42 22.7811
38 364 25083.4990
39 4998 713813.3664
40 1470 45328.0460
41 2963 371556.3427
42 5689 295068.6730
43 68 388.8236
44 18 36.6330
45 10 18.3219
46 81 1093.4374
47 5200 2485255.1230
48 39 35.4942
49 67 552.7702
50 27 170.5832
51 15 51.6398
52 121 166.6065
53 58 226.5656
54 1715 156920.6259
55 125 2608.8363
56 4010 742628.0654
57 1470 236831.7300
58 1470 329769.1181
59 2303 280857.6931
60 1960 880888.1632
61 2205 1091546.9590
62 4018 3641240.2185
63 2744 1854648.9563
64 2999 316175.8041
65 735 92151.1487
66 735 127701.7111
67 735 29970.8429
68 735 14844.5187
69 545 47590.7340
70 3386 1655005.3334
71 3234 2394327.9669
72 2205 646405.1661
73 2206 852516.4883
74 490 29198.4198
75 825 83073.0979
76 3528 1442031.5227
77 3568 2721786.0101
78 1200 218860.7866
79 618 56440.2426
80 1470 119274.6423
81 1715 74782.5242
82 735 68921.9687
83 1960 343145.1987
84 2889 1570587.0117
85 618 56992.0753
86 490 28993.1574
87 735 125326.1773
88 490 29417.3113
89 921 84851.1293
90 326 2010.9571
91 5390 2117963.6004
92 243 7258.7863
93 371 22389.0549
94 58 177.5132
95 5059 1939097.6799
96 1225 63740.3151
97 769 110102.4180
98 768 21458.2792
99 1670 542351.9491
100 1670 202232.6701
101 490 42256.9520
102 202 8658.7600
103 203 2681.9825
104 202 4168.3930
105 2744 1213170.4608
106 162 2318.6011
107 324 6666.3912
108 162 3401.9818
109 121 2454.8127
110 162 4911.3042
111 91 1145.9498
<precedence relations>
1,2
2,3
3,4
4,5
4,6
4,7
4,8
4,9
4,10
5,39
6,39
7,83
8,71
9,32
10,11
10,12
11,13
11,14
11,15
11,16
11,17
11,18
11,19
11,20
11,21
12,13
12,14
12,15
12,16
12,17
12,18
12,19
12,20
12,21
13,71
14,22
14,23
14,24
14,25
15,26
16,27
17,28
18,29
19,30
20,91
21,111
22,31
22,83
23,32
23,33
24,69
24,70
25,34
26,82
27,35
28,36
29,37
30,38
31,39
32,41
33,111
34,42
35,43
36,44
36,91
37,45
37,91
38,46
38,91
39,40
40,111
41,69
41,70
42,47
43,48
43,49
44,50
45,51
46,52
47,54
47,55
47,56
47,57
47,58
47,59
47,60
48,53
49,91
50,111
51,111
52,111
53,111
54,69
54,70
55,61
55,62
55,63
56,63
56,64
57,65
57,91
58,66
58,91
59,67
59,91
60,68
60,91
61,69
61,70
62,71
63,111
64,72
65,111
66,111
67,111
68,111
69,77
69,78
70,73
71,91
72,74
73,75
74,76
75,77
75,78
75,79
76,80
76,81
76,82
77,83
78,84
79,85
80,86
80,91
81,87
81,91
82,111
83,91
84,88
84,89
84,91
85,111
86,111
87,90
88,105
89,105
90,111
91,92
91,93
91,94
92,95
93,95
94,95
95,96
95,97
95,98
95,99
95,100
95,104
96,101
97,102
98,103
99,111
100,111
101,105
102,106
102,107
103,107
103,108
104,111
105,111
106,109
107,111
108,110
109,111
110,111
<end>