<number of tasks>
111
<cycle time>
17067
<order strength>
0.000
<z_alpha>
1.645
<task times>
1 1960 48517.6468
2 1715 53706.8169
3 735 5604.7905
4 1715 30768.1939
5 490 8137.4404
6 1225 37522.5949
7 169 1104.2408
8 2252 126406.9807
9 1225 72458.0251
10 2319 178811.3216
11 1715 55134.5836
12 980 31558.0687
13 735 6756.9366
14 2281 12422.2209
15 2750 69886.9648
16 77 107.7927
17 89 74.5914
18 51 117.6947
19 364 5175.6664
20 405 9815.1334
21 3060 506125.6091
22 125 83.5277
23 3429 552435.0405
24 43 99.1613
25 3430 251180.8016
26 1960 187043.6222
27 29 11.1982
28 27 15.4733
29 15 12.4658
30 121 716.6567
31 1715 114776.6080
32 2127 16979.5991
33 1470 29361.2592
34 4037 839126.3159
35 68 257.8601
36 62 238.1760
37 42 44.0103
38 364 2230.0176
39 4998 1287795.1015
40 1470 18000.0818
41 2963 5774.1931
42 5689 1238148.7002
43 68 116.0698
44 18 9.7033
45 10 4.3970
46 81 92.5063
47 5200 642766.0892
48 39 68.8045
49 67 138.8148
50 27 34.3241
51 15 4.8762
52 121 0.1029
53 58 175.3698
54 1715 144444.7676
55 125 842.1251
56 4010 560638.8644
57 1470 52368.0312
58 1470 77556.5580
59 2303 325576.2892
60 1960 137885.6212
61 2205 185993.4312
62 4018 249523.5776
63 2744 5991.6522
64 2999 136740.7959
65 735 11221.4715
66 735 9387.5087
67 735 12492.5054
68 735 13297.9368
69 545 13418.7270
70 3386 179785.7190
71 3234 498720.1167
72 2205 247598.7168
73 2206 8291.6465
74 490 14265.0025
75 825 39165.3991
76 3528 735824.1511
77 3568 210850.2310
78 1200 17868.7926
79 618 14027.8377
80 1470 99784.8263
81 1715 163448.9318
82 735 24553.4532
83 1960 18997.9644
84 2889 91595.1552
85 618 12933.1970
86 490 594.9406
87 735 29124.3138
88 490 9506.7069
89 921 17029.4213
90 326 5441.8290
91 5390 848390.2556
92 243 2335.6958
93 371 3525.2717
94 58 104.8457
95 5059 1566713.3660
96 1225 7379.6065
97 769 1864.2380
98 768 35221.1938
99 1670 57674.5254
100 1670 73790.6389
101 490 2608.5446
102 202 669.3733
103 203 1697.5752
104 202 1907.1896
105 2744 154112.0517
106 162 139.8383
107 324 3386.7634
108 162 751.1374
109 121 123.0615
110 162 736.4309
111 91 284.8059
<precedence relations>
1,2
2,3
3,4
4,5
4,6
4,7
4,8
4,9
4,10
5,39
6,39
7,83
8,71
9,32
10,11
10,12
11,13
11,14
11,15
11,16
11,17
11,18
11,19
11,20
11,21
12,13
12,14
12,15
12,16
12,17
12,18
12,19
12,20
12,21
13,71
14,22
14,23
14,24
14,25
15,26
16,27
17,28
18,29
19,30
20,91
21,111
22,31
22,83
23,32
23,33
24,69
24,70
25,34
26,82
27,35
28,36
29,37
30,38
31,39
32,41
33,111
34,42
35,43
36,44
36,91
37,45
37,91
38,46
38,91
39,40
40,111
41,69
41,70
42,47
43,48
43,49
44,50
45,51
46,52
47,54
47,55
47,56
47,57
47,58
47,59
47,60
48,53
49,91
50,111
51,111
52,111
53,111
54,69
54,70
55,61
55,62
55,63
56,63
56,64
57,65
57,91
58,66
58,91
59,67
59,91
60,68
60,91
61,69
61,70
62,71
63,111
64,72
65,111
66,111
67,111
68,111
69,77
69,78
70,73
71,91
72,74
73,75
74,76
75,77
75,78
75,79
76,80
76,81
76,82
77,83
78,84
79,85
80,86
80,91
81,87
81,91
82,111
83,91
84,88
84,89
84,91
85,111
86,111
87,90
88,105
89,105
90,111
91,92
91,93
91,94
92,95
93,95
94,95
95,96
95,97
95,98
95,99
95,100
95,104
96,101
97,102
98,103
99,111
100,111
101,105
102,106
102,107
103,107
103,108
104,111
105,111
106,109
107,111
108,110
109,111
110,111
<end>