<number of tasks>
111
<cycle time>
17067
<order strength>
0.000
<z_alpha>
1.645
<task times>
1 1960 225959.5519
2 1715 248201.0123
3 735 126973.6664
4 1715 67661.2243
5 490 56019.2860
6 1225 18384.3438
7 169 5862.9320
8 2252 783550.8803
9 1225 179364.5535
10 2319 487260.5934
11 1715 644285.5012
12 980 62245.7160
13 735 61168.1641
14 2281 45827.9619
15 2750 157744.1668
16 77 1450.7786
17 89 639.7460
18 51 138.1834
19 364 15206.9598
20 405 20218.5548
21 3060 830963.8613
22 125 2117.9679
23 3429 1330424.0657
24 43 310.8531
25 3430 810211.3288
26 1960 51440.7455
27 29 139.8999
28 27 135.5667
29 15 35.5124
30 121 3184.3161
31 1715 633327.6269
32 2127 292951.1078
33 1470 456808.6224
34 4037 3515539.4936
35 68 43.8128
36 62 871.9386
37 42 56.7622
38 364 397.7656
39 4998 1440260.3789
40 1470 5496.7668
41 2963 1895215.9324
42 5689 4289621.3256
43 68 139.7269
44 18 40.2456
45 10 3.1121
46 81 824.1146
47 5200 1958667.9804
48 39 226.0300
49 67 732.0134
50 27 72.1360
51 15 51.2532
52 121 3256.0118
53 58 625.0224
54 1715 278506.4771
55 125 1102.9533
56 4010 2895218.7387
57 1470 491900.6008
58 1470 260806.5695
59 2303 348988.4139
60 1960 954149.2606
61 2205 53608.0631
62 4018 1018448.9142
63 2744 1859003.2439
64 2999 941211.7891
65 735 107929.9127
66 735 120635.1160
67 735 66394.2363
68 735 56376.3442
69 545 49254.9120
70 3386 2528541.3496
71 3234 2413661.9014
72 2205 423950.1857
73 2206 223889.5424
74 490 48189.0025
75 825 13636.6550
76 3528 1354739.3478
77 3568 2672165.8051
78 1200 323192.2151
79 618 93116.2096
80 1470 360478.5796
81 1715 663500.5650
82 735 22066.7072
83 1960 823552.8904
84 2889 260781.1661
85 618 22985.6555
86 490 20013.7949
87 735 58914.9122
88 490 30719.0043
89 921 152705.8297
90 326 14718.2605
91 5390 6307830.6360
92 243 12867.1535
93 371 13573.0771
94 58 147.6131
95 5059 3433533.9264
96 1225 159621.6615
97 769 108300.2659
98 768 1968.1641
99 1670 74772.0957
100 1670 41201.0248
101 490 34211.6517
102 202 4018.4056
103 203 6561.1166
104 202 176.2141
105 2744 3481.5485
106 162 5696.9156
107 324 18627.7559
108 162 4009.1838
109 121 1016.4830
110 162 6031.4786
111 91 1259.1734
<precedence relations>
1,2
2,3
3,4
4,5
4,6
4,7
4,8
4,9
4,10
5,39
6,39
7,83
8,71
9,32
10,11
10,12
11,13
11,14
11,15
11,16
11,17
11,18
11,19
11,20
11,21
12,13
12,14
12,15
12,16
12,17
12,18
12,19
12,20
12,21
13,71
14,22
14,23
14,24
14,25
15,26
16,27
17,28
18,29
19,30
20,91
21,111
22,31
22,83
23,32
23,33
24,69
24,70
25,34
26,82
27,35
28,36
29,37
30,38
31,39
32,41
33,111
34,42
35,43
36,44
36,91
37,45
37,91
38,46
38,91
39,40
40,111
41,69
41,70
42,47
43,48
43,49
44,50
45,51
46,52
47,54
47,55
47,56
47,57
47,58
47,59
47,60
48,53
49,91
50,111
51,111
52,111
53,111
54,69
54,70
55,61
55,62
55,63
56,63
56,64
57,65
57,91
58,66
58,91
59,67
59,91
60,68
60,91
61,69
61,70
62,71
63,111
64,72
65,111
66,111
67,111
68,111
69,77
69,78
70,73
71,91
72,74
73,75
74,76
75,77
75,78
75,79
76,80
76,81
76,82
77,83
78,84
79,85
80,86
80,91
81,87
81,91
82,111
83,91
84,88
84,89
84,91
85,111
86,111
87,90
88,105
89,105
90,111
91,92
91,93
91,94
92,95
93,95
94,95
95,96
95,97
95,98
95,99
95,100
95,104
96,101
97,102
98,103
99,111
100,111
101,105
102,106
102,107
103,107
103,108
104,111
105,111
106,109
107,111
108,110
109,111
110,111
<end>