<number of tasks>
21
<cycle time>
21
<order strength>
0.000
<z_alpha>
1.645
<task times>
1 4 1.0624
2 3 1.6415
3 9 18.0025
4 5 2.7991
5 9 19.3494
6 4 2.2677
7 8 8.2404
8 7 10.8176
9 5 5.4484
10 1 0.1624
11 3 0.6681
12 1 0.1835
13 5 3.0758
14 3 1.4410
15 5 0.2681
16 3 1.0007
17 13 3.0497
18 5 0.8094
19 2 0.8608
20 3 0.0793
21 7 1.9851
<precedence relations>
1,2
1,3
2,21
3,4
4,5
4,21
5,6
5,7
6,8
7,8
7,14
8,9
9,10
9,11
9,12
9,13
10,15
11,15
12,15
13,17
13,18
14,19
15,16
15,18
16,17
17,20
18,19
<end>