<number of tasks>
29
<cycle time>
33
<order strength>
0.000
<z_alpha>
1.960
<task times>
1 7 0.7530
2 19 34.8752
3 15 1.0424
4 5 4.5588
5 12 19.2411
6 10 19.8075
7 8 13.7935
8 16 62.9814
9 2 0.0480
10 6 1.7417
11 21 6.0467
12 10 5.2950
13 9 14.5693
14 4 3.5558
15 14 47.8740
16 7 4.3934
17 14 28.7024
18 17 45.7567
19 10 14.6981
20 16 28.3711
21 1 0.0198
22 9 14.7592
23 25 14.5094
24 14 35.7618
25 14 29.9913
26 2 0.6824
27 10 19.3120
28 7 5.2893
29 20 3.5562
<precedence relations>
1,3
1,25
2,6
2,26
3,4
4,5
5,8
5,13
6,8
7,9
7,12
7,25
8,11
8,16
9,10
10,14
10,15
11,17
12,15
13,17
14,16
15,19
16,18
17,20
18,22
19,21
20,23
21,22
22,23
23,24
23,28
24,29
25,29
26,27
27,29
28,29
<end>