<number of tasks>
29
<cycle time>
54
<order strength>
0.000
<z_alpha>
1.960
<task times>
1 7 2.1799
2 19 17.5385
3 15 11.1461
4 5 0.2742
5 12 2.7727
6 10 3.0398
7 8 1.8180
8 16 7.3725
9 2 0.0993
10 6 2.0407
11 21 2.4035
12 10 2.4603
13 9 3.0764
14 4 0.0721
15 14 7.9374
16 7 1.4157
17 14 2.9207
18 17 7.8914
19 10 1.4156
20 16 2.7216
21 1 0.0486
22 9 3.0133
23 25 38.8628
24 14 6.0373
25 14 5.8512
26 2 0.2319
27 10 2.7116
28 7 0.4926
29 20 2.5806
<precedence relations>
1,3
1,25
2,6
2,26
3,4
4,5
5,8
5,13
6,8
7,9
7,12
7,25
8,11
8,16
9,10
10,14
10,15
11,17
12,15
13,17
14,16
15,19
16,18
17,20
18,22
19,21
20,23
21,22
22,23
23,24
23,28
24,29
25,29
26,27
27,29
28,29
<end>