<number of tasks>
30
<cycle time>
47
<order strength>
0.000
<z_alpha>
1.280
<task times>
1 8 9.2892
2 7 3.5128
3 19 55.8830
4 10 4.0755
5 2 0.2172
6 6 7.2778
7 14 36.2215
8 10 11.7651
9 1 0.1911
10 4 1.9292
11 14 13.1869
12 15 37.6767
13 5 4.1225
14 12 31.8906
15 9 7.2237
16 10 18.5863
17 2 0.1424
18 10 9.2301
19 18 77.6531
20 16 36.8361
21 21 98.6405
22 14 28.9185
23 16 55.1454
24 7 3.0024
25 17 7.3437
26 9 3.9923
27 25 101.3883
28 7 10.0461
29 14 46.5297
30 2 0.1502
<precedence relations>
1,4
1,5
2,11
2,12
3,16
3,17
4,7
5,6
6,7
7,8
8,9
9,26
10,24
12,13
13,14
14,15
14,20
15,22
16,20
17,18
18,19
20,21
20,24
21,22
22,23
23,27
24,25
25,26
26,27
27,28
27,29
29,30
<end>