<number of tasks>
30
<cycle time>
75
<order strength>
0.000
<z_alpha>
1.960
<task times>
1 8 7.4552
2 7 0.5363
3 19 54.1131
4 10 12.0784
5 2 0.5425
6 6 1.3771
7 14 7.6174
8 10 11.8113
9 1 0.0200
10 4 0.7014
11 14 14.7190
12 15 39.1122
13 5 2.1261
14 12 6.7048
15 9 3.4906
16 10 6.4847
17 2 0.8062
18 10 23.7705
19 18 12.2429
20 16 16.9434
21 21 77.0645
22 14 12.5614
23 16 52.8708
24 7 10.9706
25 17 53.1357
26 9 1.9430
27 25 131.5209
28 7 7.2644
29 14 7.8623
30 2 0.7813
<precedence relations>
1,4
1,5
2,11
2,12
3,16
3,17
4,7
5,6
6,7
7,8
8,9
9,26
10,24
12,13
13,14
14,15
14,20
15,22
16,20
17,18
18,19
20,21
20,24
21,22
22,23
23,27
24,25
25,26
26,27
27,28
27,29
29,30
<end>