<number of tasks>
30
<cycle time>
36
<order strength>
0.000
<z_alpha>
1.280
<task times>
1 8 10.4648
2 7 9.8005
3 19 62.8922
4 10 1.7864
5 2 0.7422
6 6 4.9263
7 14 45.1831
8 10 5.8773
9 1 0.2240
10 4 2.7587
11 14 15.6676
12 15 5.3204
13 5 3.9183
14 12 33.5088
15 9 19.3458
16 10 7.2756
17 2 0.5600
18 10 18.3738
19 18 62.6186
20 16 29.4362
21 21 52.3073
22 14 16.3468
23 16 5.3831
24 7 6.6231
25 17 52.5452
26 9 7.3100
27 25 28.2668
28 7 9.2957
29 14 38.0741
30 2 0.3078
<precedence relations>
1,4
1,5
2,11
2,12
3,16
3,17
4,7
5,6
6,7
7,8
8,9
9,26
10,24
12,13
13,14
14,15
14,20
15,22
16,20
17,18
18,19
20,21
20,24
21,22
22,23
23,27
24,25
25,26
26,27
27,28
27,29
29,30
<end>