<number of tasks>
30
<cycle time>
36
<order strength>
0.000
<z_alpha>
1.960
<task times>
1 8 1.1102
2 7 2.0535
3 19 6.9427
4 10 1.5083
5 2 0.2360
6 6 0.7666
7 14 6.3819
8 10 4.9921
9 1 0.0106
10 4 0.6965
11 14 3.2415
12 15 13.8300
13 5 1.0622
14 12 5.8438
15 9 4.7643
16 10 3.1859
17 2 0.0532
18 10 5.1090
19 18 7.2554
20 16 15.4949
21 21 6.0013
22 14 11.6985
23 16 15.2404
24 7 1.9864
25 17 16.1654
26 9 1.0411
27 25 3.3236
28 7 1.5863
29 14 8.1529
30 2 0.1072
<precedence relations>
1,4
1,5
2,11
2,12
3,16
3,17
4,7
5,6
6,7
7,8
8,9
9,26
10,24
12,13
13,14
14,15
14,20
15,22
16,20
17,18
18,19
20,21
20,24
21,22
22,23
23,27
24,25
25,26
26,27
27,28
27,29
29,30
<end>