<number of tasks>
32
<cycle time>
1572
<order strength>
0.000
<z_alpha>
1.645
<task times>
1 458 22574.6432
2 276 12396.3729
3 520 46503.5603
4 1400 6162.0861
5 352 1172.0857
6 196 7163.6318
7 214 8631.3583
8 456 36796.9896
9 646 97195.8147
10 512 24893.2250
11 408 10293.0610
12 262 3523.6875
13 544 61640.0863
14 202 55.9311
15 458 44823.8314
16 694 86657.3250
17 616 448.4563
18 678 18701.0701
19 328 19032.7659
20 324 9073.2412
21 100 1455.7915
22 352 24474.7906
23 544 66120.8775
24 500 40096.4742
25 382 23071.7121
26 858 79621.1605
27 388 29142.4946
28 352 5302.2164
29 428 27990.5844
30 238 4164.9747
31 258 9592.9145
32 196 8143.2628
<precedence relations>
1,5
2,6
3,9
4,15
5,6
6,7
6,8
6,9
7,21
8,21
9,10
9,11
10,16
11,12
12,13
13,14
13,15
14,16
14,17
15,17
16,18
17,19
18,21
19,20
20,21
21,22
21,23
21,24
22,25
23,32
24,32
25,26
26,27
27,28
28,29
29,30
30,31
31,32
<end>