<number of tasks>
35
<cycle time>
44
<order strength>
0.000
<z_alpha>
1.645
<task times>
1 29 45.8941
2 3 1.5336
3 5 3.7934
4 22 75.1874
5 6 5.0081
6 14 47.7394
7 2 0.6533
8 5 1.7338
9 22 106.5441
10 30 9.4671
11 23 31.4505
12 30 28.8759
13 23 44.2382
14 2 0.4432
15 19 51.0387
16 29 52.9822
17 2 0.1692
18 2 0.1678
19 19 20.7506
20 29 44.4864
21 6 6.6635
22 10 7.1346
23 16 18.9237
24 23 96.8194
25 5 2.7482
26 5 1.4156
27 5 2.4819
28 40 2.1923
29 2 0.7050
30 5 1.8913
31 5 6.2427
32 1 0.1621
33 40 3.7157
34 2 0.1076
35 2 0.8880
<precedence relations>
1,2
1,5
1,7
1,10
1,12
2,3
3,4
4,11
5,6
6,7
6,8
7,14
7,18
8,9
9,13
10,14
11,28
11,33
12,18
13,28
13,33
14,15
15,16
16,21
17,20
18,19
19,20
20,21
21,22
21,25
21,30
21,32
22,23
23,24
24,27
25,26
26,27
27,28
27,33
27,34
28,29
30,31
31,32
32,33
33,35
<end>