<number of tasks>
70
<cycle time>
195
<order strength>
0.000
<z_alpha>
1.280
<task times>
1 17 42.3220
2 66 274.0136
3 54 587.1918
4 52 20.9321
5 6 6.6200
6 88 732.7800
7 21 42.5543
8 128 192.1834
9 68 191.7044
10 70 470.0871
11 85 1585.6614
12 21 25.6457
13 134 295.7715
14 135 632.5200
15 94 1077.5228
16 90 74.5719
17 50 300.9479
18 143 679.3836
19 19 9.4208
20 54 376.6663
21 50 361.9142
22 40 107.4850
23 73 969.3733
24 12 24.5547
25 152 454.5368
26 42 323.5726
27 45 168.0294
28 74 89.6058
29 26 44.1039
30 11 23.1991
31 31 125.5902
32 50 182.5711
33 102 1349.1964
34 46 324.1892
35 35 258.0452
36 40 242.9009
37 2 0.2637
38 1 0.0703
39 3 1.3412
40 13 1.7901
41 16 31.2963
42 25 57.6311
43 21 67.8764
44 43 147.5336
45 30 179.3318
46 83 83.6643
47 89 1569.1835
48 56 534.8653
49 59 192.4112
50 43 398.9445
51 11 17.3228
52 26 98.6619
53 44 341.5425
54 121 102.2410
55 38 298.1828
56 68 1099.2097
57 22 61.5760
58 7 7.8502
59 16 30.5491
60 32 58.7887
61 25 139.5899
62 27 125.3624
63 156 127.7887
64 28 187.3313
65 15 11.1815
66 26 106.1239
67 18 29.6955
68 72 844.9016
69 23 54.1271
70 27 130.1249
<precedence relations>
1,2
1,41
1,69
1,70
2,3
3,4
3,68
4,6
4,7
5,6
5,24
5,30
6,8
7,8
8,12
9,10
10,11
11,12
12,13
12,14
13,23
14,23
15,16
16,17
16,18
17,19
18,19
19,20
19,22
19,57
20,21
21,23
22,23
23,25
23,31
23,33
24,25
25,26
25,27
25,28
25,29
26,35
27,35
28,35
29,35
30,31
31,32
32,35
33,34
34,35
35,36
35,44
35,48
35,51
35,53
35,56
35,60
35,61
35,62
36,37
37,38
38,39
39,40
40,42
41,42
42,43
43,50
44,45
45,46
46,47
47,50
48,49
49,50
51,52
52,54
53,54
54,55
57,58
58,59
59,60
61,65
62,63
63,64
64,65
64,66
64,67
<end>