<number of tasks>
70
<cycle time>
251
<order strength>
0.000
<z_alpha>
1.280
<task times>
1 17 59.2432
2 66 582.9810
3 54 493.8510
4 52 259.1270
5 6 4.2781
6 88 1624.9935
7 21 102.9712
8 128 3645.6280
9 68 154.3770
10 70 223.6622
11 85 650.6255
12 21 74.3473
13 134 2768.8134
14 135 3189.6796
15 94 1142.0452
16 90 451.5187
17 50 20.6587
18 143 1729.6566
19 19 31.8677
20 54 621.0546
21 50 425.1545
22 40 255.0510
23 73 1257.5646
24 12 10.9459
25 152 214.2323
26 42 371.3843
27 45 447.5044
28 74 708.8087
29 26 6.3829
30 11 15.3059
31 31 106.6955
32 50 248.9882
33 102 933.3911
34 46 149.8860
35 35 129.4750
36 40 7.1340
37 2 0.1280
38 1 0.0572
39 3 0.6070
40 13 4.4078
41 16 47.1430
42 25 55.8456
43 21 47.9015
44 43 381.5891
45 30 103.2834
46 83 102.9438
47 89 1181.4083
48 56 437.0964
49 59 342.4738
50 43 92.4089
51 11 25.4666
52 26 26.1409
53 44 225.7911
54 121 1436.6146
55 38 347.3280
56 68 970.1934
57 22 104.1085
58 7 3.3648
59 16 4.5465
60 32 243.5463
61 25 22.9274
62 27 24.8769
63 156 944.3155
64 28 52.3563
65 15 11.1921
66 26 112.2648
67 18 46.1436
68 72 171.7714
69 23 36.7868
70 27 66.3483
<precedence relations>
1,2
1,41
1,69
1,70
2,3
3,4
3,68
4,6
4,7
5,6
5,24
5,30
6,8
7,8
8,12
9,10
10,11
11,12
12,13
12,14
13,23
14,23
15,16
16,17
16,18
17,19
18,19
19,20
19,22
19,57
20,21
21,23
22,23
23,25
23,31
23,33
24,25
25,26
25,27
25,28
25,29
26,35
27,35
28,35
29,35
30,31
31,32
32,35
33,34
34,35
35,36
35,44
35,48
35,51
35,53
35,56
35,60
35,61
35,62
36,37
37,38
38,39
39,40
40,42
41,42
42,43
43,50
44,45
45,46
46,47
47,50
48,49
49,50
51,52
52,54
53,54
54,55
57,58
58,59
59,60
61,65
62,63
63,64
64,65
64,66
64,67
<end>