<number of tasks>
70
<cycle time>
234
<order strength>
0.000
<z_alpha>
1.280
<task times>
1 17 59.2533
2 66 375.8478
3 54 330.8179
4 52 531.0663
5 6 6.3573
6 88 1629.8078
7 21 105.0019
8 128 352.2834
9 68 1015.0842
10 70 482.4752
11 85 92.7053
12 21 90.2678
13 134 205.5767
14 135 2529.5524
15 94 624.7785
16 90 950.3649
17 50 171.2399
18 143 1980.7279
19 19 34.4348
20 54 460.4702
21 50 554.5211
22 40 132.9786
23 73 1282.0119
24 12 26.4345
25 152 120.5765
26 42 340.3512
27 45 499.7666
28 74 947.5357
29 26 78.4668
30 11 5.8216
31 31 214.7195
32 50 322.9813
33 102 38.9994
34 46 51.2733
35 35 99.1841
36 40 221.2720
37 2 0.6586
38 1 0.1262
39 3 0.4112
40 13 41.3835
41 16 1.8766
42 25 7.7717
43 21 97.6902
44 43 349.3676
45 30 89.8500
46 83 351.1641
47 89 1175.2902
48 56 524.6888
49 59 165.1667
50 43 85.8050
51 11 7.2165
52 26 32.1046
53 44 92.9505
54 121 1907.8738
55 38 16.3450
56 68 584.2309
57 22 53.2732
58 7 3.4760
59 16 44.9719
60 32 248.4733
61 25 149.6828
62 27 112.5168
63 156 1247.2911
64 28 38.4076
65 15 20.1954
66 26 47.7159
67 18 15.7297
68 72 542.2477
69 23 7.4524
70 27 39.2770
<precedence relations>
1,2
1,41
1,69
1,70
2,3
3,4
3,68
4,6
4,7
5,6
5,24
5,30
6,8
7,8
8,12
9,10
10,11
11,12
12,13
12,14
13,23
14,23
15,16
16,17
16,18
17,19
18,19
19,20
19,22
19,57
20,21
21,23
22,23
23,25
23,31
23,33
24,25
25,26
25,27
25,28
25,29
26,35
27,35
28,35
29,35
30,31
31,32
32,35
33,34
34,35
35,36
35,44
35,48
35,51
35,53
35,56
35,60
35,61
35,62
36,37
37,38
38,39
39,40
40,42
41,42
42,43
43,50
44,45
45,46
46,47
47,50
48,49
49,50
51,52
52,54
53,54
54,55
57,58
58,59
59,60
61,65
62,63
63,64
64,65
64,66
64,67
<end>