<number of tasks>
75
<cycle time>
34
<order strength>
0.000
<z_alpha>
1.960
<task times>
1 23 15.6850
2 24 20.7895
3 25 5.2975
4 26 14.4742
5 23 5.1653
6 22 22.3522
7 6 6.5075
8 22 25.5450
9 23 9.7691
10 21 18.7598
11 22 27.7331
12 15 24.8092
13 5 1.4349
14 23 31.3374
15 4 2.0325
16 26 3.4028
17 21 6.4235
18 5 0.3586
19 24 20.5871
20 25 12.6327
21 26 8.0934
22 26 14.9919
23 24 16.7840
24 27 5.1115
25 20 37.6063
26 23 3.7335
27 25 1.8284
28 13 2.5880
29 3 0.5123
30 11 3.7177
31 21 26.9831
32 22 33.3721
33 21 35.1537
34 22 7.7199
35 25 9.2860
36 8 11.0374
37 22 2.2156
38 24 7.4188
39 22 12.5433
40 21 36.5117
41 6 5.1983
42 26 11.5449
43 22 19.1249
44 6 8.9667
45 21 40.6655
46 25 18.8419
47 11 29.4578
48 22 29.1800
49 21 31.5814
50 25 14.3446
51 22 21.9675
52 22 13.4864
53 23 21.3090
54 22 23.9197
55 22 20.1618
56 25 12.2681
57 23 28.0605
58 21 19.9750
59 22 0.1375
60 22 24.2598
61 22 8.2895
62 22 27.9818
63 21 43.3190
64 27 4.1759
65 23 17.6588
66 2 0.8839
67 26 12.7271
68 25 0.7617
69 24 3.9551
70 22 3.9845
71 24 12.2044
72 4 0.6535
73 22 28.7719
74 10 16.9646
75 25 13.0388
<precedence relations>
1,2
1,3
1,4
1,5
1,6
1,7
2,15
3,13
3,24
4,8
4,14
4,16
5,12
5,15
6,9
6,10
6,11
6,13
9,20
9,24
10,18
12,19
13,22
15,17
15,20
15,23
16,21
16,26
17,30
18,26
18,30
20,27
21,33
24,25
25,28
25,30
25,33
25,34
26,31
26,32
26,41
27,29
27,35
27,36
31,37
31,39
32,44
32,45
33,41
35,38
35,42
36,40
36,43
39,51
40,46
42,47
43,48
43,50
46,48
46,51
47,49
47,50
47,52
47,53
49,59
49,61
49,62
50,54
50,55
50,60
50,62
52,56
52,57
53,58
55,63
58,65
59,64
59,66
62,67
66,68
68,69
68,70
68,71
68,72
68,73
68,74
68,75
<end>