<number of tasks>
75
<cycle time>
36
<order strength>
0.000
<z_alpha>
1.645
<task times>
1 23 11.4043
2 24 19.6104
3 25 9.2419
4 26 13.8139
5 23 10.8388
6 22 6.4456
7 6 0.8923
8 22 1.6905
9 23 1.9229
10 21 22.2057
11 22 29.9694
12 15 13.6096
13 5 1.3834
14 23 29.4337
15 4 0.7537
16 26 16.3549
17 21 23.1223
18 5 0.7666
19 24 33.0629
20 25 23.2208
21 26 11.0086
22 26 9.7157
23 24 5.7039
24 27 2.9618
25 20 5.3600
26 23 19.1783
27 25 17.2444
28 13 2.4149
29 3 0.2930
30 11 2.5626
31 21 25.7612
32 22 28.4916
33 21 15.8372
34 22 7.9533
35 25 16.6612
36 8 2.6424
37 22 18.8014
38 24 32.8844
39 22 25.6226
40 21 4.4849
41 6 0.9904
42 26 18.6915
43 22 0.6574
44 6 1.2979
45 21 9.6638
46 25 12.0712
47 11 3.5984
48 22 24.9284
49 21 8.2242
50 25 15.2964
51 22 14.7575
52 22 28.5049
53 23 14.1683
54 22 4.1073
55 22 7.9715
56 25 28.9691
57 23 25.6280
58 21 2.2355
59 22 26.0614
60 22 1.6942
61 22 12.6563
62 22 8.1134
63 21 24.2810
64 27 3.3488
65 23 9.6665
66 2 0.0742
67 26 16.9981
68 25 20.0963
69 24 18.7218
70 22 12.9608
71 24 34.7295
72 4 0.9777
73 22 25.1713
74 10 2.9705
75 25 5.0452
<precedence relations>
1,2
1,3
1,4
1,5
1,6
1,7
2,15
3,13
3,24
4,8
4,14
4,16
5,12
5,15
6,9
6,10
6,11
6,13
9,20
9,24
10,18
12,19
13,22
15,17
15,20
15,23
16,21
16,26
17,30
18,26
18,30
20,27
21,33
24,25
25,28
25,30
25,33
25,34
26,31
26,32
26,41
27,29
27,35
27,36
31,37
31,39
32,44
32,45
33,41
35,38
35,42
36,40
36,43
39,51
40,46
42,47
43,48
43,50
46,48
46,51
47,49
47,50
47,52
47,53
49,59
49,61
49,62
50,54
50,55
50,60
50,62
52,56
52,57
53,58
55,63
58,65
59,64
59,66
62,67
66,68
68,69
68,70
68,71
68,72
68,73
68,74
68,75
<end>