<number of tasks>
75
<cycle time>
40
<order strength>
0.000
<z_alpha>
1.960
<task times>
1 23 28.3357
2 24 18.4986
3 25 0.3508
4 26 32.8192
5 23 0.0190
6 22 24.2307
7 6 0.5807
8 22 24.7956
9 23 15.2351
10 21 17.5189
11 22 14.2408
12 15 10.2539
13 5 0.8759
14 23 17.3874
15 4 0.6582
16 26 31.2824
17 21 20.1982
18 5 0.5412
19 24 4.6023
20 25 1.4158
21 26 2.5971
22 26 34.1451
23 24 10.3378
24 27 9.7780
25 20 2.3010
26 23 7.2948
27 25 36.3470
28 13 2.8618
29 3 0.3683
30 11 5.5820
31 21 22.9001
32 22 20.6982
33 21 17.4414
34 22 26.5445
35 25 21.5918
36 8 1.1534
37 22 18.6232
38 24 4.5649
39 22 26.2818
40 21 18.3685
41 6 2.2329
42 26 0.7059
43 22 13.0980
44 6 0.9345
45 21 21.8148
46 25 15.5014
47 11 4.4722
48 22 10.4402
49 21 18.8439
50 25 33.1244
51 22 26.8718
52 22 1.8113
53 23 25.7024
54 22 13.1498
55 22 24.6824
56 25 20.8709
57 23 15.8068
58 21 12.0549
59 22 18.7267
60 22 23.1645
61 22 8.6216
62 22 12.0688
63 21 18.2013
64 27 12.3750
65 23 20.1257
66 2 0.1636
67 26 30.7737
68 25 10.1288
69 24 6.9717
70 22 23.7935
71 24 28.6198
72 4 0.2725
73 22 25.0699
74 10 4.0196
75 25 26.2264
<precedence relations>
1,2
1,3
1,4
1,5
1,6
1,7
2,15
3,13
3,24
4,8
4,14
4,16
5,12
5,15
6,9
6,10
6,11
6,13
9,20
9,24
10,18
12,19
13,22
15,17
15,20
15,23
16,21
16,26
17,30
18,26
18,30
20,27
21,33
24,25
25,28
25,30
25,33
25,34
26,31
26,32
26,41
27,29
27,35
27,36
31,37
31,39
32,44
32,45
33,41
35,38
35,42
36,40
36,43
39,51
40,46
42,47
43,48
43,50
46,48
46,51
47,49
47,50
47,52
47,53
49,59
49,61
49,62
50,54
50,55
50,60
50,62
52,56
52,57
53,58
55,63
58,65
59,64
59,66
62,67
66,68
68,69
68,70
68,71
68,72
68,73
68,74
68,75
<end>