<number of tasks>
75
<cycle time>
56
<order strength>
0.000
<z_alpha>
1.645
<task times>
1 23 30.0166
2 24 24.9046
3 25 19.4109
4 26 7.4793
5 23 2.2864
6 22 19.3358
7 6 0.1645
8 22 19.2002
9 23 1.6331
10 21 8.9235
11 22 7.1779
12 15 9.6829
13 5 1.2597
14 23 18.5733
15 4 0.3523
16 26 26.1571
17 21 1.9710
18 5 0.5543
19 24 6.8249
20 25 38.1033
21 26 17.3038
22 26 34.2380
23 24 18.2864
24 27 39.1722
25 20 19.4828
26 23 16.7119
27 25 9.7212
28 13 3.4261
29 3 0.3484
30 11 6.3537
31 21 24.9381
32 22 25.1854
33 21 22.0446
34 22 19.2873
35 25 28.5860
36 8 0.3447
37 22 1.0693
38 24 7.5565
39 22 23.6781
40 21 11.4003
41 6 1.1814
42 26 32.2627
43 22 23.8928
44 6 1.5282
45 21 13.3598
46 25 22.8895
47 11 3.5595
48 22 28.9101
49 21 3.9955
50 25 28.6229
51 22 20.5127
52 22 4.2218
53 23 2.1602
54 22 5.9036
55 22 8.6120
56 25 23.1866
57 23 1.6034
58 21 9.5427
59 22 6.7133
60 22 11.2635
61 22 23.8107
62 22 2.6660
63 21 3.7790
64 27 2.8131
65 23 4.3026
66 2 0.0173
67 26 20.1126
68 25 30.4818
69 24 23.8137
70 22 28.5583
71 24 34.7201
72 4 0.7226
73 22 3.4421
74 10 3.7991
75 25 21.3723
<precedence relations>
1,2
1,3
1,4
1,5
1,6
1,7
2,15
3,13
3,24
4,8
4,14
4,16
5,12
5,15
6,9
6,10
6,11
6,13
9,20
9,24
10,18
12,19
13,22
15,17
15,20
15,23
16,21
16,26
17,30
18,26
18,30
20,27
21,33
24,25
25,28
25,30
25,33
25,34
26,31
26,32
26,41
27,29
27,35
27,36
31,37
31,39
32,44
32,45
33,41
35,38
35,42
36,40
36,43
39,51
40,46
42,47
43,48
43,50
46,48
46,51
47,49
47,50
47,52
47,53
49,59
49,61
49,62
50,54
50,55
50,60
50,62
52,56
52,57
53,58
55,63
58,65
59,64
59,66
62,67
66,68
68,69
68,70
68,71
68,72
68,73
68,74
68,75
<end>