<number of tasks>
75
<cycle time>
31
<order strength>
0.000
<z_alpha>
1.280
<task times>
1 23 11.6606
2 24 0.6811
3 25 7.3181
4 26 0.2384
5 23 13.1016
6 22 15.3628
7 6 8.7385
8 22 19.4736
9 23 0.1163
10 21 21.0132
11 22 10.4468
12 15 13.8849
13 5 5.1319
14 23 8.3794
15 4 3.5290
16 26 3.6653
17 21 11.8325
18 5 0.6788
19 24 0.6442
20 25 3.8063
21 26 0.2377
22 26 4.5490
23 24 9.1031
24 27 3.9419
25 20 16.3742
26 23 13.4583
27 25 5.2863
28 13 23.8095
29 3 1.3383
30 11 23.1096
31 21 0.1000
32 22 19.9404
33 21 5.2720
34 22 12.4346
35 25 3.8465
36 8 13.4606
37 22 3.1719
38 24 2.9887
39 22 17.4495
40 21 25.3686
41 6 5.2054
42 26 2.1434
43 22 6.3644
44 6 4.6866
45 21 4.8508
46 25 6.0514
47 11 13.3910
48 22 0.3903
49 21 13.7102
50 25 4.6368
51 22 19.9712
52 22 11.4933
53 23 5.0784
54 22 3.7437
55 22 10.7531
56 25 0.3468
57 23 3.3629
58 21 25.5643
59 22 12.9636
60 22 8.5567
61 22 20.7625
62 22 13.4245
63 21 13.2196
64 27 1.4889
65 23 2.6970
66 2 0.7534
67 26 2.4976
68 25 4.8350
69 24 6.0321
70 22 8.6217
71 24 1.4620
72 4 1.8271
73 22 20.9587
74 10 16.3042
75 25 4.2617
<precedence relations>
1,2
1,3
1,4
1,5
1,6
1,7
2,15
3,13
3,24
4,8
4,14
4,16
5,12
5,15
6,9
6,10
6,11
6,13
9,20
9,24
10,18
12,19
13,22
15,17
15,20
15,23
16,21
16,26
17,30
18,26
18,30
20,27
21,33
24,25
25,28
25,30
25,33
25,34
26,31
26,32
26,41
27,29
27,35
27,36
31,37
31,39
32,44
32,45
33,41
35,38
35,42
36,40
36,43
39,51
40,46
42,47
43,48
43,50
46,48
46,51
47,49
47,50
47,52
47,53
49,59
49,61
49,62
50,54
50,55
50,60
50,62
52,56
52,57
53,58
55,63
58,65
59,64
59,66
62,67
66,68
68,69
68,70
68,71
68,72
68,73
68,74
68,75
<end>