<number of tasks>
75
<cycle time>
45
<order strength>
0.000
<z_alpha>
1.645
<task times>
1 23 57.2394
2 24 58.0631
3 25 6.0458
4 26 4.6432
5 23 91.4229
6 22 41.0721
7 6 8.0898
8 22 50.8730
9 23 51.6715
10 21 43.9647
11 22 3.1063
12 15 53.5282
13 5 1.2894
14 23 69.3400
15 4 2.8164
16 26 56.2833
17 21 46.1097
18 5 3.0379
19 24 54.4763
20 25 101.2842
21 26 37.8313
22 26 81.4235
23 24 37.1850
24 27 50.9711
25 20 5.5773
26 23 12.9177
27 25 15.2536
28 13 2.8422
29 3 0.9437
30 11 23.8764
31 21 83.9236
32 22 92.7716
33 21 49.6627
34 22 35.1311
35 25 95.4775
36 8 4.1280
37 22 83.9757
38 24 65.6156
39 22 54.7265
40 21 100.0976
41 6 3.9297
42 26 86.0921
43 22 45.3032
44 6 6.0794
45 21 88.7974
46 25 40.7463
47 11 8.1452
48 22 89.9814
49 21 21.1115
50 25 95.9182
51 22 31.3606
52 22 20.0981
53 23 66.7291
54 22 12.0350
55 22 115.6074
56 25 26.2327
57 23 33.2189
58 21 72.3582
59 22 61.6575
60 22 69.6927
61 22 18.9321
62 22 107.5633
63 21 24.1054
64 27 39.9017
65 23 3.9850
66 2 0.8586
67 26 49.8204
68 25 84.7329
69 24 96.3877
70 22 1.3935
71 24 66.5891
72 4 2.4921
73 22 109.6015
74 10 14.3124
75 25 72.8365
<precedence relations>
1,2
1,3
1,4
1,5
1,6
1,7
2,15
3,13
3,24
4,8
4,14
4,16
5,12
5,15
6,9
6,10
6,11
6,13
9,20
9,24
10,18
12,19
13,22
15,17
15,20
15,23
16,21
16,26
17,30
18,26
18,30
20,27
21,33
24,25
25,28
25,30
25,33
25,34
26,31
26,32
26,41
27,29
27,35
27,36
31,37
31,39
32,44
32,45
33,41
35,38
35,42
36,40
36,43
39,51
40,46
42,47
43,48
43,50
46,48
46,51
47,49
47,50
47,52
47,53
49,59
49,61
49,62
50,54
50,55
50,60
50,62
52,56
52,57
53,58
55,63
58,65
59,64
59,66
62,67
66,68
68,69
68,70
68,71
68,72
68,73
68,74
68,75
<end>