<number of tasks>
75
<cycle time>
29
<order strength>
0.000
<z_alpha>
1.645
<task times>
1 23 7.0065
2 24 4.9272
3 25 0.4057
4 26 2.2456
5 23 8.6764
6 22 11.4661
7 6 2.1922
8 22 5.3528
9 23 4.0581
10 21 9.0793
11 22 1.2397
12 15 9.2287
13 5 1.4046
14 23 6.6797
15 4 0.8101
16 26 0.6846
17 21 5.5982
18 5 0.1338
19 24 4.2086
20 25 2.8128
21 26 2.1727
22 26 0.5667
23 24 2.8491
24 27 0.4582
25 20 3.8393
26 23 7.5866
27 25 2.8347
28 13 0.2313
29 3 0.3641
30 11 7.5019
31 21 5.9210
32 22 0.9883
33 21 12.0243
34 22 10.5934
35 25 4.0887
36 8 1.9691
37 22 2.6460
38 24 4.4923
39 22 8.0619
40 21 11.8284
41 6 1.8808
42 26 1.6796
43 22 4.3297
44 6 1.0010
45 21 6.6035
46 25 4.0204
47 11 3.0453
48 22 1.6361
49 21 16.4790
50 25 0.2399
51 22 6.3612
52 22 2.1705
53 23 1.5258
54 22 5.0824
55 22 1.8486
56 25 0.4459
57 23 0.6129
58 21 5.4260
59 22 7.8050
60 22 7.7373
61 22 1.4313
62 22 9.5827
63 21 0.0040
64 27 0.3251
65 23 4.3172
66 2 0.1859
67 26 0.4704
68 25 4.0517
69 24 1.5194
70 22 0.5095
71 24 5.6394
72 4 0.3624
73 22 10.8447
74 10 0.1199
75 25 3.3332
<precedence relations>
1,2
1,3
1,4
1,5
1,6
1,7
2,15
3,13
3,24
4,8
4,14
4,16
5,12
5,15
6,9
6,10
6,11
6,13
9,20
9,24
10,18
12,19
13,22
15,17
15,20
15,23
16,21
16,26
17,30
18,26
18,30
20,27
21,33
24,25
25,28
25,30
25,33
25,34
26,31
26,32
26,41
27,29
27,35
27,36
31,37
31,39
32,44
32,45
33,41
35,38
35,42
36,40
36,43
39,51
40,46
42,47
43,48
43,50
46,48
46,51
47,49
47,50
47,52
47,53
49,59
49,61
49,62
50,54
50,55
50,60
50,62
52,56
52,57
53,58
55,63
58,65
59,64
59,66
62,67
66,68
68,69
68,70
68,71
68,72
68,73
68,74
68,75
<end>