<number of tasks>
75
<cycle time>
39
<order strength>
0.000
<z_alpha>
1.280
<task times>
1 23 32.5326
2 24 33.0509
3 25 7.9209
4 26 17.2662
5 23 29.4155
6 22 55.4783
7 6 4.8400
8 22 40.7727
9 23 42.0287
10 21 3.3452
11 22 46.5258
12 15 9.8637
13 5 2.3912
14 23 17.7303
15 4 3.9020
16 26 31.1258
17 21 59.3464
18 5 5.4107
19 24 27.4444
20 25 20.0360
21 26 33.3474
22 26 20.5164
23 24 19.1825
24 27 2.3507
25 20 22.2828
26 23 59.6135
27 25 41.4427
28 13 31.9777
29 3 1.6252
30 11 18.0357
31 21 19.2328
32 22 70.9114
33 21 51.9536
34 22 2.5905
35 25 9.2328
36 8 15.0027
37 22 14.2920
38 24 53.3367
39 22 32.4287
40 21 82.5266
41 6 6.7542
42 26 26.3550
43 22 49.1196
44 6 5.3628
45 21 75.8141
46 25 50.3747
47 11 8.4560
48 22 12.7945
49 21 72.7121
50 25 47.2912
51 22 35.4881
52 22 41.4714
53 23 31.9149
54 22 2.9878
55 22 74.6191
56 25 6.0710
57 23 22.0292
58 21 70.9602
59 22 17.4200
60 22 15.5037
61 22 20.6196
62 22 18.9286
63 21 35.9338
64 27 3.1731
65 23 3.0627
66 2 0.1613
67 26 35.0197
68 25 47.1024
69 24 57.0644
70 22 61.4109
71 24 44.9053
72 4 2.6444
73 22 72.0160
74 10 1.5940
75 25 41.1698
<precedence relations>
1,2
1,3
1,4
1,5
1,6
1,7
2,15
3,13
3,24
4,8
4,14
4,16
5,12
5,15
6,9
6,10
6,11
6,13
9,20
9,24
10,18
12,19
13,22
15,17
15,20
15,23
16,21
16,26
17,30
18,26
18,30
20,27
21,33
24,25
25,28
25,30
25,33
25,34
26,31
26,32
26,41
27,29
27,35
27,36
31,37
31,39
32,44
32,45
33,41
35,38
35,42
36,40
36,43
39,51
40,46
42,47
43,48
43,50
46,48
46,51
47,49
47,50
47,52
47,53
49,59
49,61
49,62
50,54
50,55
50,60
50,62
52,56
52,57
53,58
55,63
58,65
59,64
59,66
62,67
66,68
68,69
68,70
68,71
68,72
68,73
68,74
68,75
<end>