<number of tasks>
75
<cycle time>
31
<order strength>
0.000
<z_alpha>
1.960
<task times>
1 23 15.4839
2 24 7.7426
3 25 1.3213
4 26 0.9149
5 23 4.5824
6 22 0.5427
7 6 2.0343
8 22 1.9437
9 23 12.5107
10 21 21.6010
11 22 10.5877
12 15 1.0277
13 5 1.0659
14 23 7.1741
15 4 0.8912
16 26 6.0081
17 21 14.0856
18 5 1.2432
19 24 5.8883
20 25 7.1680
21 26 4.9919
22 26 6.2180
23 24 1.4077
24 27 2.7023
25 20 13.1138
26 23 0.3829
27 25 6.2512
28 13 6.5897
29 3 0.2282
30 11 5.7405
31 21 21.3865
32 22 7.4555
33 21 20.4610
34 22 20.8942
35 25 6.9626
36 8 2.9778
37 22 15.6861
38 24 2.8466
39 22 0.5079
40 21 20.8396
41 6 0.6827
42 26 2.0648
43 22 4.9817
44 6 0.0515
45 21 0.9191
46 25 7.8481
47 11 6.9616
48 22 3.2032
49 21 5.9171
50 25 1.4448
51 22 15.9879
52 22 0.4374
53 23 14.3537
54 22 11.9220
55 22 0.2496
56 25 6.7848
57 23 7.6735
58 21 10.2567
59 22 3.9467
60 22 19.7721
61 22 16.1222
62 22 15.4080
63 21 18.7158
64 27 2.1217
65 23 10.0443
66 2 0.1878
67 26 1.5852
68 25 4.3884
69 24 2.6098
70 22 1.2767
71 24 3.7274
72 4 0.6325
73 22 3.6128
74 10 1.1073
75 25 0.3057
<precedence relations>
1,2
1,3
1,4
1,5
1,6
1,7
2,15
3,13
3,24
4,8
4,14
4,16
5,12
5,15
6,9
6,10
6,11
6,13
9,20
9,24
10,18
12,19
13,22
15,17
15,20
15,23
16,21
16,26
17,30
18,26
18,30
20,27
21,33
24,25
25,28
25,30
25,33
25,34
26,31
26,32
26,41
27,29
27,35
27,36
31,37
31,39
32,44
32,45
33,41
35,38
35,42
36,40
36,43
39,51
40,46
42,47
43,48
43,50
46,48
46,51
47,49
47,50
47,52
47,53
49,59
49,61
49,62
50,54
50,55
50,60
50,62
52,56
52,57
53,58
55,63
58,65
59,64
59,66
62,67
66,68
68,69
68,70
68,71
68,72
68,73
68,74
68,75
<end>