<number of tasks>
83
<cycle time>
4206
<order strength>
0.000
<z_alpha>
1.280
<task times>
1 1673 583063.4989
2 985 191621.6929
3 1836 319571.5844
4 973 32194.8203
5 1700 504819.4491
6 2881 107448.7875
7 2231 580793.3912
8 1040 17237.8291
9 1793 497693.7027
10 1250 281181.7517
11 700 62722.4868
12 464 48479.0565
13 500 47848.5625
14 1133 285690.5683
15 577 37339.2277
16 483 20819.1628
17 880 53599.9107
18 667 13197.2658
19 600 47954.8287
20 233 11560.3473
21 408 27276.8639
22 847 90312.9010
23 767 99188.2302
24 850 180170.0077
25 780 35609.0981
26 912 139446.3274
27 748 70676.7478
28 1863 696505.4005
29 714 66787.9633
30 1004 96863.3499
31 713 13311.2029
32 642 7903.2426
33 629 76441.1409
34 1234 73731.1402
35 1143 303020.0448
36 1266 386643.5434
37 792 21198.6755
38 1251 743.1265
39 1310 97728.0819
40 663 16050.3848
41 494 16677.8685
42 1288 287259.0477
43 792 101447.7483
44 578 40531.6374
45 594 85985.6441
46 578 45913.9449
47 622 74048.7916
48 578 78169.8544
49 564 43882.9413
50 578 76376.5747
51 578 39993.7172
52 578 11759.7697
53 578 49302.6513
54 578 64271.8144
55 578 51986.0785
56 578 81292.7861
57 578 365.2802
58 578 23185.6159
59 578 16068.6721
60 578 28925.7454
61 578 82755.6949
62 578 16943.3540
63 578 39730.3343
64 578 31250.2609
65 578 41606.5676
66 578 61619.7885
67 578 70570.6686
68 578 48445.7742
69 467 20527.7045
70 887 69275.3983
71 396 29622.9572
72 1296 273753.5389
73 1100 104421.0230
74 2543 522247.2773
75 764 55204.3815
76 357 21650.5627
77 701 106013.2920
78 1164 215772.7176
79 286 1118.8483
80 2100 32786.4065
81 450 48392.6355
82 1300 289755.0708
83 3691 16768.0541
<precedence relations>
1,2
2,3
2,4
2,5
3,6
4,6
4,7
5,8
6,9
6,10
7,11
8,77
8,78
9,12
10,13
10,14
10,25
11,15
12,16
13,17
13,18
13,20
14,19
15,20
15,39
16,77
16,78
17,21
17,22
17,28
18,23
19,24
20,26
21,27
22,27
23,74
24,28
24,29
25,32
26,74
27,69
28,32
29,30
30,31
31,39
32,33
32,34
32,35
32,36
33,37
34,77
34,78
35,77
35,78
36,38
36,39
37,40
38,41
39,42
39,43
39,44
39,75
40,77
40,78
41,45
42,77
42,78
43,77
43,78
44,46
45,47
46,48
47,49
48,50
49,69
50,51
51,52
52,53
53,54
54,55
55,56
56,57
57,58
58,59
59,60
60,61
61,62
62,63
63,64
64,65
65,66
66,67
67,68
68,74
68,75
69,70
69,71
70,72
71,73
72,73
73,74
73,75
74,76
75,76
76,77
76,78
77,79
78,79
79,80
79,81
80,82
81,83
82,83
<end>