<number of tasks>
83
<cycle time>
6883
<order strength>
0.000
<z_alpha>
1.960
<task times>
1 1673 398660.7817
2 985 8942.5655
3 1836 378031.1306
4 973 49537.4041
5 1700 643241.1741
6 2881 294135.5379
7 2231 737895.5812
8 1040 78479.8533
9 1793 42053.6930
10 1250 368170.5241
11 700 110246.8906
12 464 11141.7654
13 500 34511.2319
14 1133 50759.8941
15 577 24410.5683
16 483 22607.9492
17 880 54020.1947
18 667 44231.8090
19 600 4595.2102
20 233 6588.4816
21 408 22262.1590
22 847 59165.8205
23 767 14202.2831
24 850 179007.6382
25 780 82498.6233
26 912 43987.8725
27 748 54653.8600
28 1863 189169.0590
29 714 29421.1523
30 1004 62392.2262
31 713 23253.8343
32 642 67300.5436
33 629 73067.4433
34 1234 198197.8617
35 1143 228209.7499
36 1266 213748.7737
37 792 60137.6549
38 1251 136999.5488
39 1310 20796.6835
40 663 101698.5941
41 494 50042.6327
42 1288 128041.0730
43 792 17904.1235
44 578 12656.3957
45 594 39457.3687
46 578 1494.4343
47 622 23073.9430
48 578 72817.0150
49 564 62757.7705
50 578 70810.8437
51 578 71631.1120
52 578 80750.8209
53 578 55535.9943
54 578 26965.6711
55 578 71661.2990
56 578 21485.1309
57 578 63632.9066
58 578 18177.1500
59 578 20771.7477
60 578 3191.0004
61 578 50875.8145
62 578 79257.0402
63 578 4899.4480
64 578 9713.7356
65 578 29074.1666
66 578 22114.8709
67 578 13485.6916
68 578 70559.8469
69 467 36383.6068
70 887 52103.8652
71 396 4991.9720
72 1296 98268.6922
73 1100 73177.5840
74 2543 198127.9327
75 764 138244.6514
76 357 10897.7347
77 701 22147.6069
78 1164 171482.5871
79 286 8695.7187
80 2100 522051.9588
81 450 41063.4421
82 1300 52296.3268
83 3691 2502405.8632
<precedence relations>
1,2
2,3
2,4
2,5
3,6
4,6
4,7
5,8
6,9
6,10
7,11
8,77
8,78
9,12
10,13
10,14
10,25
11,15
12,16
13,17
13,18
13,20
14,19
15,20
15,39
16,77
16,78
17,21
17,22
17,28
18,23
19,24
20,26
21,27
22,27
23,74
24,28
24,29
25,32
26,74
27,69
28,32
29,30
30,31
31,39
32,33
32,34
32,35
32,36
33,37
34,77
34,78
35,77
35,78
36,38
36,39
37,40
38,41
39,42
39,43
39,44
39,75
40,77
40,78
41,45
42,77
42,78
43,77
43,78
44,46
45,47
46,48
47,49
48,50
49,69
50,51
51,52
52,53
53,54
54,55
55,56
56,57
57,58
58,59
59,60
60,61
61,62
62,63
63,64
64,65
65,66
66,67
67,68
68,74
68,75
69,70
69,71
70,72
71,73
72,73
73,74
73,75
74,76
75,76
76,77
76,78
77,79
78,79
79,80
79,81
80,82
81,83
82,83
<end>