<number of tasks>
89
<cycle time>
11
<order strength>
0.000
<z_alpha>
1.960
<task times>
1 1 0.0048
2 2 0.0075
3 3 0.4682
4 4 0.2005
5 5 0.2006
6 6 1.9872
7 7 2.7451
8 8 1.4513
9 9 0.7871
10 10 0.2238
11 1 0.0034
12 2 0.0617
13 3 0.1239
14 4 0.5741
15 5 0.7874
16 6 2.2043
17 7 3.0249
18 8 1.8996
19 9 0.4465
20 10 0.1376
21 1 0.0324
22 2 0.1940
23 3 0.5030
24 4 0.9172
25 5 0.9933
26 6 1.2327
27 7 2.2849
28 8 0.4040
29 9 0.0042
30 10 0.1619
31 1 0.0047
32 2 0.1698
33 3 0.1630
34 4 0.1124
35 5 1.1776
36 6 1.8467
37 7 0.3483
38 8 0.9330
39 9 0.7424
40 10 0.1668
41 1 0.0144
42 2 0.1267
43 3 0.1495
44 4 0.7994
45 5 0.7129
46 6 1.5826
47 7 2.1066
48 8 0.7585
49 9 0.2989
50 10 0.1328
51 1 0.0122
52 2 0.1628
53 3 0.0971
54 4 0.6147
55 5 1.4945
56 6 1.4991
57 7 2.6127
58 8 1.2974
59 9 0.3497
60 10 0.2294
61 1 0.0480
62 2 0.0559
63 3 0.3983
64 4 0.3355
65 5 0.9380
66 6 0.6732
67 7 0.0442
68 8 1.0911
69 9 0.2210
70 10 0.0771
71 1 0.0009
72 2 0.1368
73 3 0.4178
74 4 0.6332
75 5 1.4368
76 6 0.0188
77 7 2.3962
78 8 0.6731
79 9 0.6916
80 10 0.1690
81 1 0.0556
82 2 0.0098
83 3 0.3929
84 4 0.9795
85 5 1.4928
86 6 0.1515
87 7 1.5910
88 8 1.1662
89 9 0.4269
<precedence relations>
1,2
2,3
3,4
4,5
4,6
4,7
4,8
4,9
5,10
6,11
7,12
8,18
9,18
10,14
11,12
12,13
13,14
14,15
14,16
15,17
16,54
17,18
18,19
18,20
19,22
20,21
20,28
21,54
22,23
23,24
24,25
25,26
25,27
25,29
26,37
27,33
28,29
29,31
30,54
31,32
32,33
33,34
34,35
35,36
35,37
36,38
37,38
38,39
39,40
39,41
39,42
39,43
40,44
41,53
42,53
43,45
44,52
45,46
46,47
47,48
47,49
49,50
50,51
51,52
52,53
53,68
53,69
53,70
53,71
54,55
55,56
56,57
57,58
57,59
57,60
57,61
57,62
57,63
57,64
57,65
57,66
58,67
59,67
60,67
61,67
62,67
63,67
64,67
65,67
66,67
67,73
68,72
69,72
70,72
71,73
72,78
72,80
73,74
74,75
74,76
75,77
76,81
77,78
78,79
79,81
80,81
80,87
81,82
81,84
81,85
82,83
83,86
84,86
85,86
86,87
86,89
87,88
87,89
<end>