<number of tasks>
89
<cycle time>
21
<order strength>
0.000
<z_alpha>
1.645
<task times>
1 1 0.0428
2 2 0.0119
3 3 0.5331
4 4 0.0168
5 5 1.2979
6 6 2.0203
7 7 2.9631
8 8 2.2139
9 9 1.3525
10 10 4.7121
11 1 0.0573
12 2 0.1497
13 3 0.4833
14 4 0.1097
15 5 0.8625
16 6 1.4877
17 7 1.0126
18 8 2.4540
19 9 0.5136
20 10 3.9154
21 1 0.0549
22 2 0.0032
23 3 0.4794
24 4 0.7194
25 5 0.9568
26 6 0.8323
27 7 2.7268
28 8 1.7088
29 9 1.4989
30 10 1.0851
31 1 0.0003
32 2 0.1827
33 3 0.2047
34 4 0.2776
35 5 0.0223
36 6 1.7433
37 7 1.4908
38 8 3.8064
39 9 0.4790
40 10 3.9587
41 1 0.0054
42 2 0.2349
43 3 0.1034
44 4 0.4529
45 5 1.1156
46 6 1.4472
47 7 2.5788
48 8 2.5774
49 9 2.3782
50 10 0.8534
51 1 0.0454
52 2 0.0430
53 3 0.1670
54 4 0.6525
55 5 0.2605
56 6 2.1042
57 7 1.1229
58 8 3.1588
59 9 3.6743
60 10 3.8779
61 1 0.0030
62 2 0.1618
63 3 0.4196
64 4 0.2404
65 5 0.2201
66 6 1.9248
67 7 0.9335
68 8 2.3452
69 9 0.5855
70 10 0.5698
71 1 0.0363
72 2 0.0300
73 3 0.3117
74 4 0.9327
75 5 0.2212
76 6 0.2206
77 7 1.5280
78 8 1.1012
79 9 2.4977
80 10 3.8213
81 1 0.0607
82 2 0.0146
83 3 0.3657
84 4 0.8330
85 5 1.2688
86 6 1.4857
87 7 1.7095
88 8 2.0143
89 9 2.6338
<precedence relations>
1,2
2,3
3,4
4,5
4,6
4,7
4,8
4,9
5,10
6,11
7,12
8,18
9,18
10,14
11,12
12,13
13,14
14,15
14,16
15,17
16,54
17,18
18,19
18,20
19,22
20,21
20,28
21,54
22,23
23,24
24,25
25,26
25,27
25,29
26,37
27,33
28,29
29,31
30,54
31,32
32,33
33,34
34,35
35,36
35,37
36,38
37,38
38,39
39,40
39,41
39,42
39,43
40,44
41,53
42,53
43,45
44,52
45,46
46,47
47,48
47,49
49,50
50,51
51,52
52,53
53,68
53,69
53,70
53,71
54,55
55,56
56,57
57,58
57,59
57,60
57,61
57,62
57,63
57,64
57,65
57,66
58,67
59,67
60,67
61,67
62,67
63,67
64,67
65,67
66,67
67,73
68,72
69,72
70,72
71,73
72,78
72,80
73,74
74,75
74,76
75,77
76,81
77,78
78,79
79,81
80,81
80,87
81,82
81,84
81,85
82,83
83,86
84,86
85,86
86,87
86,89
87,88
87,89
<end>