<number of tasks>
89
<cycle time>
103
<order strength>
0.000
<z_alpha>
1.960
<task times>
1 28 77.5085
2 17 54.4014
3 7 0.5969
4 10 8.1532
5 12 27.7470
6 16 20.1118
7 13 24.0702
8 8 11.3784
9 13 20.6039
10 24 62.6460
11 16 15.6987
12 24 114.5956
13 12 5.1960
14 20 29.3233
15 22 9.0607
16 22 5.2336
17 22 11.5370
18 47 542.1785
19 6 8.0200
20 12 9.6465
21 6 5.2807
22 22 21.3996
23 7 3.6900
24 14 3.6370
25 68 162.3242
26 15 49.1565
27 8 10.5586
28 74 30.1699
29 32 66.7105
30 11 20.6392
31 18 29.2692
32 15 54.7977
33 42 177.1134
34 27 74.6780
35 38 56.1536
36 38 241.3303
37 26 19.5249
38 35 145.4750
39 31 175.8202
40 8 0.6467
41 14 12.2498
42 8 3.9549
43 8 3.3310
44 8 3.7072
45 17 25.6645
46 7 2.1229
47 19 52.6735
48 12 0.2442
49 24 19.3258
50 26 94.6240
51 22 27.1267
52 14 46.4791
53 27 41.8149
54 60 322.3645
55 4 2.0790
56 2 0.1575
57 1 0.1578
58 9 13.7620
59 5 3.4621
60 6 6.2650
61 7 3.4801
62 12 29.4513
63 2 0.2155
64 11 6.5707
65 14 30.4030
66 6 8.7197
67 21 106.0667
68 14 7.7361
69 1 0.2179
70 6 3.1127
71 21 72.1882
72 11 16.9903
73 14 13.7930
74 28 27.8679
75 12 22.5976
76 11 2.5815
77 30 9.7536
78 22 90.6115
79 14 13.0710
80 31 141.9934
81 18 36.2914
82 16 62.1475
83 7 11.4360
84 38 271.2647
85 8 4.2559
86 31 201.0523
87 29 195.4083
88 12 2.6291
89 18 69.5182
<precedence relations>
1,2
2,3
3,4
4,5
4,6
4,7
4,8
4,9
5,10
6,11
7,12
8,18
9,18
10,14
11,12
12,13
13,14
14,15
14,16
15,17
16,54
17,18
18,19
18,20
19,22
20,21
20,28
21,54
22,23
23,24
24,25
25,26
25,27
25,29
26,37
27,33
28,29
29,31
30,54
31,32
32,33
33,34
34,35
35,36
35,37
36,38
37,38
38,39
39,40
39,41
39,42
39,43
40,44
41,53
42,53
43,45
44,52
45,46
46,47
47,48
47,49
49,50
50,51
51,52
52,53
53,68
53,69
53,70
53,71
54,55
55,56
56,57
57,58
57,59
57,60
57,61
57,62
57,63
57,64
57,65
57,66
58,67
59,67
60,67
61,67
62,67
63,67
64,67
65,67
66,67
67,73
68,72
69,72
70,72
71,73
72,78
72,80
73,74
74,75
74,76
75,77
76,81
77,78
78,79
79,81
80,81
80,87
81,82
81,84
81,85
82,83
83,86
84,86
85,86
86,87
86,89
87,88
87,89
<end>