<number of tasks>
89
<cycle time>
13
<order strength>
0.000
<z_alpha>
1.280
<task times>
1 1 0.0806
2 2 0.3020
3 3 2.1026
4 4 0.8701
5 5 5.8260
6 6 2.6072
7 7 8.8155
8 8 5.2800
9 9 0.1053
10 10 0.8724
11 1 0.1689
12 2 0.2061
13 3 0.6789
14 4 2.5718
15 5 2.6646
16 6 7.5724
17 7 1.8098
18 8 5.2155
19 9 3.4367
20 10 1.6548
21 1 0.0041
22 2 0.2582
23 3 0.0665
24 4 2.1070
25 5 2.1236
26 6 5.4728
27 7 1.0877
28 8 4.7179
29 9 3.4607
30 10 0.8225
31 1 0.2315
32 2 0.5806
33 3 1.6923
34 4 0.1186
35 5 1.7185
36 6 3.6222
37 7 0.7299
38 8 0.6184
39 9 2.4311
40 10 0.9845
41 1 0.1208
42 2 0.2085
43 3 0.4481
44 4 2.5188
45 5 5.7033
46 6 2.6204
47 7 6.2358
48 8 2.0293
49 9 1.4800
50 10 0.4286
51 1 0.0113
52 2 0.7604
53 3 1.0294
54 4 1.6062
55 5 2.3807
56 6 3.2010
57 7 5.5556
58 8 4.1998
59 9 2.5636
60 10 2.0248
61 1 0.1425
62 2 0.8065
63 3 0.6355
64 4 1.8103
65 5 3.4860
66 6 3.7709
67 7 8.6257
68 8 5.4313
69 9 1.7626
70 10 1.4824
71 1 0.1643
72 2 0.8223
73 3 1.9729
74 4 0.2448
75 5 5.6893
76 6 5.7756
77 7 4.4719
78 8 3.4629
79 9 0.4884
80 10 0.2134
81 1 0.0896
82 2 0.0244
83 3 0.7853
84 4 2.1521
85 5 2.2650
86 6 7.3637
87 7 0.7782
88 8 6.1300
89 9 2.1185
<precedence relations>
1,2
2,3
3,4
4,5
4,6
4,7
4,8
4,9
5,10
6,11
7,12
8,18
9,18
10,14
11,12
12,13
13,14
14,15
14,16
15,17
16,54
17,18
18,19
18,20
19,22
20,21
20,28
21,54
22,23
23,24
24,25
25,26
25,27
25,29
26,37
27,33
28,29
29,31
30,54
31,32
32,33
33,34
34,35
35,36
35,37
36,38
37,38
38,39
39,40
39,41
39,42
39,43
40,44
41,53
42,53
43,45
44,52
45,46
46,47
47,48
47,49
49,50
50,51
51,52
52,53
53,68
53,69
53,70
53,71
54,55
55,56
56,57
57,58
57,59
57,60
57,61
57,62
57,63
57,64
57,65
57,66
58,67
59,67
60,67
61,67
62,67
63,67
64,67
65,67
66,67
67,73
68,72
69,72
70,72
71,73
72,78
72,80
73,74
74,75
74,76
75,77
76,81
77,78
78,79
79,81
80,81
80,87
81,82
81,84
81,85
82,83
83,86
84,86
85,86
86,87
86,89
87,88
87,89
<end>