<number of tasks>
89
<cycle time>
11
<order strength>
0.000
<z_alpha>
1.645
<task times>
1 1 0.1971
2 2 0.7188
3 3 1.4874
4 4 3.9779
5 5 1.4990
6 6 1.5898
7 7 3.2862
8 8 0.4878
9 9 0.7080
10 10 0.0432
11 1 0.0648
12 2 0.0457
13 3 0.2492
14 4 1.4048
15 5 2.4651
16 6 0.3143
17 7 0.2802
18 8 2.1035
19 9 0.9078
20 10 0.0380
21 1 0.1022
22 2 0.6776
23 3 0.5582
24 4 0.4895
25 5 5.2015
26 6 2.6157
27 7 1.1896
28 8 0.5240
29 9 0.8062
30 10 0.2336
31 1 0.2221
32 2 0.3330
33 3 1.7222
34 4 3.2155
35 5 0.0594
36 6 4.7702
37 7 3.6523
38 8 1.5825
39 9 0.1952
40 10 0.2517
41 1 0.2407
42 2 0.3643
43 3 0.3605
44 4 0.1391
45 5 1.2196
46 6 2.7678
47 7 3.2982
48 8 1.4645
49 9 0.9167
50 10 0.0524
51 1 0.2344
52 2 0.8266
53 3 0.0625
54 4 0.3351
55 5 5.5850
56 6 1.0441
57 7 0.0522
58 8 0.9841
59 9 0.7148
60 10 0.2421
61 1 0.0853
62 2 0.8581
63 3 0.9315
64 4 0.0749
65 5 0.3768
66 6 0.1719
67 7 4.0230
68 8 0.7692
69 9 0.0826
70 10 0.0149
71 1 0.1778
72 2 0.2225
73 3 1.9540
74 4 0.0952
75 5 1.1156
76 6 5.7853
77 7 1.3354
78 8 1.6862
79 9 0.9353
80 10 0.1144
81 1 0.0083
82 2 0.3612
83 3 0.0300
84 4 3.5188
85 5 4.1408
86 6 3.3878
87 7 1.7227
88 8 0.1275
89 9 1.0256
<precedence relations>
1,2
2,3
3,4
4,5
4,6
4,7
4,8
4,9
5,10
6,11
7,12
8,18
9,18
10,14
11,12
12,13
13,14
14,15
14,16
15,17
16,54
17,18
18,19
18,20
19,22
20,21
20,28
21,54
22,23
23,24
24,25
25,26
25,27
25,29
26,37
27,33
28,29
29,31
30,54
31,32
32,33
33,34
34,35
35,36
35,37
36,38
37,38
38,39
39,40
39,41
39,42
39,43
40,44
41,53
42,53
43,45
44,52
45,46
46,47
47,48
47,49
49,50
50,51
51,52
52,53
53,68
53,69
53,70
53,71
54,55
55,56
56,57
57,58
57,59
57,60
57,61
57,62
57,63
57,64
57,65
57,66
58,67
59,67
60,67
61,67
62,67
63,67
64,67
65,67
66,67
67,73
68,72
69,72
70,72
71,73
72,78
72,80
73,74
74,75
74,76
75,77
76,81
77,78
78,79
79,81
80,81
80,87
81,82
81,84
81,85
82,83
83,86
84,86
85,86
86,87
86,89
87,88
87,89
<end>