<number of tasks>
94
<cycle time>
176
<order strength>
0.000
<z_alpha>
1.645
<task times>
1 158 28.6205
2 42 98.5988
3 17 7.8066
4 24 27.6747
5 71 298.3951
6 66 153.0228
7 50 151.2673
8 55 107.5057
9 30 51.7905
10 28 27.3213
11 113 716.3042
12 114 425.8529
13 57 154.0886
14 65 131.3762
15 15 4.6157
16 11 7.3483
17 10 1.2596
18 19 6.3601
19 8 1.1684
20 17 2.0991
21 57 175.9580
22 40 49.8786
23 17 15.0004
24 11 7.3046
25 17 13.7105
26 27 40.0945
27 17 2.0023
28 18 4.3538
29 16 8.2863
30 18 15.1747
31 50 38.9844
32 18 7.6094
33 13 7.2361
34 21 18.4461
35 63 25.7022
36 8 1.1781
37 63 180.2373
38 9 2.0361
39 20 5.6446
40 72 196.0145
41 30 51.3134
42 69 73.2232
43 27 43.2468
44 9 2.8186
45 41 20.2123
46 38 63.0978
47 76 272.7457
48 31 20.7072
49 11 5.9879
50 29 25.8355
51 48 0.8166
52 8 0.9600
53 171 4.4199
54 48 68.6873
55 43 69.2874
56 18 3.2301
57 94 275.8197
58 9 1.2561
59 19 18.6326
60 24 25.7830
61 8 3.6022
62 34 7.6488
63 62 82.4695
64 12 5.7450
65 8 3.6927
66 47 97.4076
67 27 21.9540
68 18 17.1399
69 52 90.1180
70 65 25.2862
71 72 131.3504
72 51 78.6232
73 58 138.3072
74 53 94.6437
75 76 293.5703
76 93 315.7285
77 86 249.1323
78 76 247.1101
79 9 0.9259
80 14 5.7222
81 55 26.0750
82 32 34.0650
83 22 27.0302
84 35 18.2638
85 63 182.3807
86 59 35.4633
87 149 38.3900
88 40 61.4792
89 24 19.9052
90 123 674.3966
91 25 10.5833
92 115 52.2713
93 103 300.1124
94 54 25.5022
<precedence relations>
1,2
1,3
1,4
1,5
1,6
1,7
1,8
1,9
1,10
2,11
2,17
3,12
4,11
4,16
5,11
5,13
5,16
5,18
6,11
6,13
6,15
6,19
7,42
8,29
9,11
10,19
10,37
10,48
10,50
11,14
12,20
12,52
12,61
13,82
14,21
14,22
14,23
14,24
14,25
14,26
14,27
14,28
14,29
14,30
14,31
14,32
15,81
16,75
17,82
18,75
19,75
20,78
21,39
21,40
21,41
21,53
21,60
21,71
22,38
22,49
22,58
22,72
23,34
23,35
24,37
24,44
25,33
25,56
25,57
25,60
25,63
25,65
25,73
26,41
26,43
27,54
27,55
27,56
27,58
27,62
28,33
28,35
28,40
28,43
28,49
28,51
28,52
28,54
29,75
30,36
30,42
30,59
31,74
32,36
32,44
32,45
32,46
32,47
32,48
32,50
32,60
32,69
33,78
34,78
35,78
36,82
37,61
37,62
37,64
37,66
37,67
37,68
37,69
37,70
37,71
37,72
37,73
38,82
39,82
40,78
41,78
42,74
43,78
44,75
45,75
46,75
46,76
47,75
48,75
49,78
50,75
51,78
52,78
53,76
53,77
54,78
55,77
56,77
57,76
57,77
58,77
59,82
60,77
61,77
62,77
63,77
64,74
65,74
66,75
66,76
67,74
68,82
69,75
69,77
70,76
70,77
71,76
72,76
73,77
74,82
75,82
76,82
77,78
78,79
78,80
79,81
80,81
81,82
82,83
83,84
83,85
84,86
85,86
86,87
87,88
88,89
88,90
89,92
90,91
90,93
92,94
<end>