<number of tasks>
94
<cycle time>
201
<order strength>
0.000
<z_alpha>
1.645
<task times>
1 158 1.6217
2 42 25.5568
3 17 17.4835
4 24 26.3038
5 71 17.5500
6 66 101.0020
7 50 97.7435
8 55 87.8871
9 30 38.3410
10 28 8.9457
11 113 463.8849
12 114 727.4604
13 57 153.9550
14 65 72.6633
15 15 12.9770
16 11 6.5347
17 10 1.2595
18 19 10.7070
19 8 1.4188
20 17 3.9617
21 57 104.0078
22 40 72.6253
23 17 0.7697
24 11 6.1971
25 17 17.2229
26 27 22.3620
27 17 5.4393
28 18 18.0917
29 16 1.3571
30 18 10.4367
31 50 55.1913
32 18 16.0714
33 13 1.4054
34 21 14.1839
35 63 133.2861
36 8 1.8189
37 63 35.1333
38 9 3.8549
39 20 2.3508
40 72 289.1849
41 30 45.3587
42 69 55.5695
43 27 17.8170
44 9 1.0424
45 41 84.6932
46 38 34.3400
47 76 23.6559
48 31 47.2480
49 11 6.7458
50 29 33.9089
51 48 90.9627
52 8 1.8479
53 171 116.5330
54 48 98.8331
55 43 36.2844
56 18 11.2499
57 94 457.1936
58 9 2.1542
59 19 11.8976
60 24 24.4524
61 8 0.3790
62 34 57.2415
63 62 150.1764
64 12 5.8127
65 8 1.9520
66 47 57.4297
67 27 2.5413
68 18 11.0672
69 52 124.7114
70 65 122.0294
71 72 288.2646
72 51 41.0974
73 58 3.8639
74 53 111.5721
75 76 331.9699
76 93 500.7370
77 86 216.3653
78 76 51.8688
79 9 4.0960
80 14 0.9879
81 55 158.2099
82 32 49.3622
83 22 20.1626
84 35 59.7284
85 63 158.6972
86 59 141.9287
87 149 388.7881
88 40 50.6168
89 24 23.8138
90 123 940.7763
91 25 29.2087
92 115 609.9801
93 103 147.1838
94 54 78.5620
<precedence relations>
1,2
1,3
1,4
1,5
1,6
1,7
1,8
1,9
1,10
2,11
2,17
3,12
4,11
4,16
5,11
5,13
5,16
5,18
6,11
6,13
6,15
6,19
7,42
8,29
9,11
10,19
10,37
10,48
10,50
11,14
12,20
12,52
12,61
13,82
14,21
14,22
14,23
14,24
14,25
14,26
14,27
14,28
14,29
14,30
14,31
14,32
15,81
16,75
17,82
18,75
19,75
20,78
21,39
21,40
21,41
21,53
21,60
21,71
22,38
22,49
22,58
22,72
23,34
23,35
24,37
24,44
25,33
25,56
25,57
25,60
25,63
25,65
25,73
26,41
26,43
27,54
27,55
27,56
27,58
27,62
28,33
28,35
28,40
28,43
28,49
28,51
28,52
28,54
29,75
30,36
30,42
30,59
31,74
32,36
32,44
32,45
32,46
32,47
32,48
32,50
32,60
32,69
33,78
34,78
35,78
36,82
37,61
37,62
37,64
37,66
37,67
37,68
37,69
37,70
37,71
37,72
37,73
38,82
39,82
40,78
41,78
42,74
43,78
44,75
45,75
46,75
46,76
47,75
48,75
49,78
50,75
51,78
52,78
53,76
53,77
54,78
55,77
56,77
57,76
57,77
58,77
59,82
60,77
61,77
62,77
63,77
64,74
65,74
66,75
66,76
67,74
68,82
69,75
69,77
70,76
70,77
71,76
72,76
73,77
74,82
75,82
76,82
77,78
78,79
78,80
79,81
80,81
81,82
82,83
83,84
83,85
84,86
85,86
86,87
87,88
88,89
88,90
89,92
90,91
90,93
92,94
<end>